0 0.236775 0.194488 0.031250 0.041667
0 0.265316 0.198716 0.031250 0.041667
0 0.255802 0.143748 0.031250 0.041667
0 0.301785 0.147976 0.031250 0.041667
0 0.285929 0.086665 0.031250 0.041667
0 0.279587 0.101464 0.031250 0.041667
0 0.339840 0.090894 0.031250 0.041667
0 0.354111 0.086665 0.031250 0.041667
0 0.357282 0.131063 0.031250 0.041667
0 0.652208 0.270598 0.031250 0.041667
0 0.660136 0.295968 0.031250 0.041667
0 0.550728 0.465101 0.031250 0.041667
0 0.281172 0.748399 0.031250 0.041667
0 0.206648 0.746285 0.031250 0.041667
0 0.082969 0.752627 0.031250 0.041667
0 0.436563 0.171232 0.031250 0.041667