0 0.192199 0.448325 0.031250 0.041667
0 0.099624 0.382752 0.031250 0.041667
0 0.209557 0.236175 0.031250 0.041667
0 0.241379 0.229746 0.031250 0.041667
0 0.275130 0.256747 0.031250 0.041667
0 0.308882 0.342893 0.031250 0.041667
0 0.354205 0.354465 0.031250 0.041667
0 0.399528 0.503613 0.031250 0.041667
0 0.415921 0.526757 0.031250 0.041667
0 0.425564 0.481755 0.031250 0.041667
0 0.516210 0.533186 0.031250 0.041667
0 0.545140 0.461183 0.031250 0.041667
0 0.736075 0.741479 0.031250 0.041667
0 0.877830 0.733764 0.031250 0.041667
0 0.798756 0.341607 0.031250 0.041667
0 0.848901 0.358322 0.031250 0.041667
0 0.649287 0.313321 0.031250 0.041667
0 0.640608 0.218174 0.031250 0.041667
0 0.679180 0.227175 0.031250 0.041667
0 0.745719 0.220746 0.031250 0.041667
0 0.789113 0.223317 0.031250 0.041667
0 0.654108 0.159029 0.031250 0.041667
0 0.658930 0.105028 0.031250 0.041667
0 0.332990 0.207888 0.031250 0.041667
0 0.337811 0.251604 0.031250 0.041667
0 0.370598 0.204031 0.031250 0.041667
0 0.448708 0.207888 0.031250 0.041667
0 0.289595 0.117885 0.031250 0.041667
0 0.255844 0.130743 0.031250 0.041667
0 0.285738 0.092170 0.031250 0.041667
0 0.315632 0.096027 0.031250 0.041667
0 0.347454 0.098599 0.031250 0.041667
0 0.384099 0.048454 0.031250 0.041667
0 0.400492 0.044597 0.031250 0.041667
0 0.182556 0.108885 0.031250 0.041667
0 0.587570 0.960058 0.031250 0.041667
0 0.405314 0.238747 0.031250 0.041667