0 0.102253 0.382570 0.031250 0.041667
0 0.135902 0.385374 0.031250 0.041667
0 0.247364 0.281624 0.031250 0.041667
0 0.275755 0.271809 0.031250 0.041667
0 0.242106 0.239563 0.031250 0.041667
0 0.236849 0.210120 0.031250 0.041667
0 0.288373 0.198904 0.031250 0.041667
0 0.307301 0.243769 0.031250 0.041667
0 0.363032 0.252181 0.031250 0.041667
0 0.406144 0.249377 0.031250 0.041667
0 0.446102 0.215728 0.031250 0.041667
0 0.433484 0.700831 0.031250 0.041667
0 0.456617 0.688213 0.031250 0.041667
0 0.407196 0.531185 0.031250 0.041667
0 0.397732 0.505949 0.031250 0.041667
0 0.416659 0.479310 0.031250 0.041667
0 0.507090 0.535391 0.031250 0.041667
0 0.547048 0.519969 0.031250 0.041667
0 0.567027 0.498939 0.031250 0.041667
0 0.549151 0.473702 0.031250 0.041667
0 0.786796 0.695223 0.031250 0.041667
0 0.863557 0.657368 0.031250 0.041667
0 0.946628 0.643348 0.031250 0.041667
0 0.745787 0.424631 0.031250 0.041667
0 0.829908 0.336303 0.031250 0.041667
0 0.886691 0.318076 0.031250 0.041667
0 0.836218 0.263397 0.031250 0.041667
0 0.796260 0.254985 0.031250 0.041667
0 0.836218 0.177873 0.031250 0.041667
0 0.722653 0.267603 0.031250 0.041667
0 0.670077 0.250779 0.031250 0.041667
0 0.667974 0.187687 0.031250 0.041667
0 0.703726 0.186285 0.031250 0.041667
0 0.630119 0.169461 0.031250 0.041667
0 0.606985 0.179275 0.031250 0.041667
0 0.336743 0.134410 0.031250 0.041667
0 0.313610 0.099359 0.031250 0.041667
0 0.340949 0.093751 0.031250 0.041667
0 0.355671 0.088143 0.031250 0.041667
0 0.372495 0.085339 0.031250 0.041667
0 0.278910 0.099359 0.031250 0.041667
0 0.286270 0.090947 0.031250 0.041667
0 0.248415 0.103565 0.031250 0.041667
0 0.225282 0.096555 0.031250 0.041667
0 0.212663 0.041876 0.031250 0.041667