0 0.197171 0.212201 0.031250 0.041667
0 0.223429 0.157497 0.031250 0.041667
0 0.216864 0.131239 0.031250 0.041667
0 0.251328 0.122486 0.031250 0.041667
0 0.269381 0.164061 0.031250 0.041667
0 0.298921 0.111545 0.031250 0.041667
0 0.307127 0.094039 0.031250 0.041667
0 0.335026 0.126862 0.031250 0.041667
0 0.298921 0.157497 0.031250 0.041667
0 0.349797 0.218766 0.031250 0.041667
0 0.407236 0.212201 0.031250 0.041667
0 0.435136 0.203449 0.031250 0.041667
0 0.453188 0.203449 0.031250 0.041667
0 0.538527 0.212201 0.031250 0.041667
0 0.389184 0.301917 0.031250 0.041667
0 0.402313 0.501042 0.031250 0.041667
0 0.408878 0.527300 0.031250 0.041667
0 0.110190 0.487913 0.031250 0.041667
0 0.042904 0.507606 0.031250 0.041667
0 0.129884 0.579816 0.031250 0.041667
0 0.126602 0.625768 0.031250 0.041667
0 0.059315 0.654215 0.031250 0.041667
0 0.215223 0.809576 0.031250 0.041667
0 0.292357 0.781129 0.031250 0.041667
0 0.297280 0.820517 0.031250 0.041667
0 0.395748 0.796446 0.031250 0.041667
0 0.410519 0.759247 0.031250 0.041667
0 0.454829 0.724236 0.031250 0.041667
0 0.536886 0.654215 0.031250 0.041667
0 0.522116 0.608263 0.031250 0.041667
0 0.507346 0.536053 0.031250 0.041667
0 0.548374 0.470407 0.031250 0.041667
0 0.774851 0.713295 0.031250 0.041667
0 0.820803 0.689225 0.031250 0.041667
0 0.842138 0.888350 0.031250 0.041667
0 0.674742 0.133427 0.031250 0.041667
0 0.719053 0.133427 0.031250 0.041667