0 0.086124 0.534471 0.031250 0.041667
0 0.127589 0.373751 0.031250 0.041667
0 0.277059 0.398181 0.031250 0.041667
0 0.309846 0.395609 0.031250 0.041667
0 0.243308 0.615474 0.031250 0.041667
0 0.387956 0.508756 0.031250 0.041667
0 0.413028 0.522900 0.031250 0.041667
0 0.414957 0.475326 0.031250 0.041667
0 0.502710 0.540900 0.031250 0.041667
0 0.722575 0.839197 0.031250 0.041667
0 0.882652 0.588473 0.031250 0.041667
0 0.684002 0.371180 0.031250 0.041667
0 0.680145 0.249033 0.031250 0.041667
0 0.655072 0.232318 0.031250 0.041667
0 0.665680 0.177030 0.031250 0.041667
0 0.732218 0.242604 0.031250 0.041667
0 0.772720 0.237461 0.031250 0.041667
0 0.804542 0.299177 0.031250 0.041667
0 0.831543 0.317178 0.031250 0.041667
0 0.597213 0.092170 0.031250 0.041667
0 0.394706 0.207888 0.031250 0.041667
0 0.348419 0.224603 0.031250 0.041667
0 0.255844 0.232318 0.031250 0.041667
0 0.250058 0.206603 0.031250 0.041667
0 0.219200 0.213031 0.031250 0.041667
0 0.184484 0.088313 0.031250 0.041667
0 0.282845 0.135886 0.031250 0.041667
0 0.283809 0.098599 0.031250 0.041667
0 0.315632 0.129457 0.031250 0.041667
0 0.310810 0.094741 0.031250 0.041667
0 0.347454 0.102456 0.031250 0.041667
0 0.408207 0.263176 0.031250 0.041667
0 0.449672 0.210460 0.031250 0.041667
0 0.327204 0.269605 0.031250 0.041667
0 0.356133 0.295320 0.031250 0.041667
0 0.542247 0.472755 0.031250 0.041667