0 0.193963 0.114149 0.031250 0.041667
0 0.203477 0.145862 0.031250 0.041667
0 0.228847 0.093008 0.031250 0.041667
0 0.263731 0.071866 0.031250 0.041667
0 0.281172 0.042268 0.031250 0.041667
0 0.258974 0.124720 0.031250 0.041667
0 0.308128 0.154319 0.031250 0.041667
0 0.338255 0.090894 0.031250 0.041667
0 0.355697 0.088780 0.031250 0.041667
0 0.545972 0.465101 0.031250 0.041667
0 0.465105 0.196602 0.031250 0.041667
0 0.352525 0.788568 0.031250 0.041667
0 0.688678 0.955587 0.031250 0.041667
0 0.767959 0.970386 0.031250 0.041667
0 0.961405 0.932331 0.031250 0.041667