0 0.213414 0.286320 0.031250 0.041667
0 0.240415 0.227175 0.031250 0.041667
0 0.315632 0.216889 0.031250 0.041667
0 0.381206 0.204031 0.031250 0.041667
0 0.772720 0.200174 0.031250 0.041667
0 0.730289 0.142315 0.031250 0.041667
0 0.707146 0.138457 0.031250 0.041667
0 0.614571 0.173173 0.031250 0.041667
0 0.605892 0.196316 0.031250 0.041667
0 0.592392 0.175744 0.031250 0.041667
0 0.590463 0.093456 0.031250 0.041667
0 0.568284 0.093456 0.031250 0.041667
0 0.245236 0.083170 0.031250 0.041667
0 0.194127 0.098599 0.031250 0.041667
0 0.265487 0.115314 0.031250 0.041667
0 0.312739 0.093456 0.031250 0.041667
0 0.340704 0.098599 0.031250 0.041667
0 0.399528 0.504899 0.031250 0.041667
0 0.768862 0.277319 0.031250 0.041667
0 0.404349 0.528043 0.031250 0.041667
0 0.443886 0.584616 0.031250 0.041667
0 0.451601 0.636046 0.031250 0.041667
0 0.504639 0.530614 0.031250 0.041667
0 0.546104 0.465040 0.031250 0.041667
0 0.359991 0.794195 0.031250 0.041667
0 0.299238 0.789052 0.031250 0.041667
0 0.319489 0.750479 0.031250 0.041667
0 0.445815 0.206603 0.031250 0.041667