0 0.233327 0.046558 0.031250 0.041667
0 0.204580 0.082150 0.031250 0.041667
0 0.201500 0.050665 0.031250 0.041667
0 0.184046 0.080782 0.031250 0.041667
0 0.199447 0.286120 0.031250 0.041667
0 0.188153 0.339508 0.031250 0.041667
0 0.121418 0.438071 0.031250 0.041667
0 0.191233 0.477770 0.031250 0.041667
0 0.273369 0.466819 0.031250 0.041667
0 0.301089 0.239577 0.031250 0.041667
0 0.281582 0.090364 0.031250 0.041667
0 0.293902 0.087626 0.031250 0.041667
0 0.308276 0.093102 0.031250 0.041667
0 0.341130 0.101315 0.031250 0.041667
0 0.383225 0.505148 0.031250 0.041667
0 0.409919 0.522944 0.031250 0.041667
0 0.443800 0.520207 0.031250 0.041667
0 0.486921 0.514731 0.031250 0.041667
0 0.514642 0.532527 0.031250 0.041667
0 0.548523 0.517469 0.031250 0.041667
0 0.567003 0.495566 0.031250 0.041667
0 0.570083 0.468187 0.031250 0.041667
0 0.460227 0.750186 0.031250 0.041667
0 0.688153 0.865176 0.031250 0.041667
0 0.769262 0.828215 0.031250 0.041667
0 0.762075 0.863807 0.031250 0.041667
0 0.769262 0.728283 0.031250 0.041667
0 0.860638 0.714594 0.031250 0.041667
0 0.788769 0.403848 0.031250 0.041667
0 0.832917 0.424382 0.031250 0.041667
0 0.871931 0.355936 0.031250 0.041667
0 0.639898 0.164286 0.031250 0.041667
0 0.654272 0.101315 0.031250 0.041667
0 0.650165 0.067092 0.031250 0.041667
0 0.763102 0.119111 0.031250 0.041667
0 0.558789 0.197140 0.031250 0.041667
0 0.450987 0.197140 0.031250 0.041667