0 0.649054 0.152353 0.031250 0.041667
0 0.666328 0.144676 0.031250 0.041667
0 0.729668 0.102449 0.031250 0.041667
0 0.685522 0.300786 0.031250 0.041667
0 0.756539 0.308463 0.031250 0.041667
0 0.864025 0.332776 0.031250 0.041667
0 0.751741 0.400594 0.031250 0.041667
0 0.914889 0.708975 0.031250 0.041667
0 0.551165 0.533671 0.031250 0.041667
0 0.560762 0.505520 0.031250 0.041667
0 0.544447 0.472251 0.031250 0.041667
0 0.499342 0.538790 0.031250 0.041667
0 0.410090 0.523435 0.031250 0.041667
0 0.399534 0.501681 0.031250 0.041667
0 0.418728 0.482488 0.031250 0.041667
0 0.354428 0.789589 0.031250 0.041667
0 0.168248 0.767836 0.031250 0.041667
0 0.083795 0.696179 0.031250 0.041667
0 0.019495 0.771675 0.031250 0.041667
0 0.082835 0.561822 0.031250 0.041667
0 0.127941 0.368604 0.031250 0.041667
0 0.206635 0.323818 0.031250 0.041667
0 0.302605 0.128041 0.031250 0.041667
0 0.254620 0.097331 0.031250 0.041667
0 0.307403 0.097331 0.031250 0.041667
0 0.344831 0.098610 0.031250 0.041667
0 0.357307 0.097331 0.031250 0.041667
0 0.449438 0.204816 0.031250 0.041667
0 0.201837 0.039749 0.031250 0.041667