0 0.118026 0.546608 0.031250 0.041667
0 0.305198 0.784953 0.031250 0.041667
0 0.377753 0.803180 0.031250 0.041667
0 0.415608 0.779345 0.031250 0.041667
0 0.490266 0.705037 0.031250 0.041667
0 0.526018 0.911136 0.031250 0.041667
0 0.615397 0.916744 0.031250 0.041667
0 0.722653 0.801778 0.031250 0.041667
0 0.807826 0.803180 0.031250 0.041667
0 0.912979 0.908332 0.031250 0.041667
0 0.508142 0.536794 0.031250 0.041667
0 0.543894 0.528381 0.031250 0.041667
0 0.561770 0.500341 0.031250 0.041667
0 0.538636 0.470898 0.031250 0.041667
0 0.409299 0.531185 0.031250 0.041667
0 0.390371 0.504547 0.031250 0.041667
0 0.416659 0.477908 0.031250 0.041667
0 0.342001 0.315272 0.031250 0.041667
0 0.229488 0.267603 0.031250 0.041667
0 0.263137 0.197502 0.031250 0.041667
0 0.299940 0.191893 0.031250 0.041667
0 0.421917 0.197502 0.031250 0.041667
0 0.206354 0.141420 0.031250 0.041667
0 0.182169 0.117586 0.031250 0.041667
0 0.272600 0.096555 0.031250 0.041667
0 0.284167 0.086741 0.031250 0.041667
0 0.315713 0.097957 0.031250 0.041667
0 0.333589 0.096555 0.031250 0.041667
0 0.394577 0.058700 0.031250 0.041667
0 0.414556 0.047484 0.031250 0.041667
0 0.368289 0.090947 0.031250 0.041667
0 0.743683 0.264799 0.031250 0.041667
0 0.782590 0.242367 0.031250 0.041667
0 0.558615 0.208718 0.031250 0.041667