0 0.570750 0.885738 0.031250 0.041667
0 0.696536 0.734794 0.031250 0.041667
0 0.803454 0.768337 0.031250 0.041667
0 0.341190 0.510476 0.031250 0.041667
0 0.322322 0.791398 0.031250 0.041667
0 0.216976 0.504186 0.031250 0.041667
0 0.281442 0.332279 0.031250 0.041667
0 0.345907 0.334375 0.031250 0.041667
0 0.295593 0.210685 0.031250 0.041667
0 0.352196 0.221167 0.031250 0.041667
0 0.448108 0.216975 0.031250 0.041667
0 0.320750 0.107960 0.031250 0.041667
0 0.270435 0.089092 0.031250 0.041667
0 0.278297 0.093285 0.031250 0.041667
0 0.358486 0.082803 0.031250 0.041667
0 0.221693 0.078610 0.031250 0.041667
0 0.193391 0.074417 0.031250 0.041667
0 0.194964 0.151985 0.031250 0.041667
0 0.234272 0.122635 0.031250 0.041667
0 0.246850 0.160371 0.031250 0.041667
0 0.547165 0.468547 0.031250 0.041667