0 0.312050 0.118110 0.031250 0.041667
0 0.313692 0.096228 0.031250 0.041667
0 0.338309 0.098416 0.031250 0.041667
0 0.231635 0.170626 0.031250 0.041667
0 0.359643 0.153120 0.031250 0.041667
0 0.444983 0.199072 0.031250 0.041667
0 0.453188 0.205637 0.031250 0.041667
0 0.538527 0.216578 0.031250 0.041667
0 0.302204 0.260341 0.031250 0.041667
0 0.403954 0.503230 0.031250 0.041667
0 0.407236 0.529488 0.031250 0.041667
0 0.507346 0.531676 0.031250 0.041667
0 0.558221 0.476972 0.031250 0.041667
0 0.443341 0.647650 0.031250 0.041667
0 0.458112 0.735177 0.031250 0.041667
0 0.456471 0.708919 0.031250 0.041667
0 0.384260 0.809576 0.031250 0.041667
0 0.308768 0.851151 0.031250 0.041667
0 0.256252 0.864280 0.031250 0.041667
0 0.267740 0.824893 0.031250 0.041667
0 0.229994 0.719860 0.031250 0.041667
0 0.226711 0.671720 0.031250 0.041667
0 0.074085 0.656403 0.031250 0.041667
0 0.118396 0.621392 0.031250 0.041667
0 0.129884 0.577628 0.031250 0.041667
0 0.028134 0.455090 0.031250 0.041667
0 0.609096 0.673908 0.031250 0.041667
0 0.709206 0.665155 0.031250 0.041667
0 0.774851 0.579816 0.031250 0.041667
0 0.824085 0.538241 0.031250 0.041667