0 0.760183 0.130743 0.031250 0.041667
0 0.739933 0.093456 0.031250 0.041667
0 0.433279 0.260605 0.031250 0.041667
0 0.446779 0.207888 0.031250 0.041667
0 0.346490 0.200174 0.031250 0.041667
0 0.320453 0.214317 0.031250 0.041667
0 0.238486 0.205317 0.031250 0.041667
0 0.241379 0.279891 0.031250 0.041667
0 0.237522 0.116599 0.031250 0.041667
0 0.191234 0.105028 0.031250 0.041667
0 0.282845 0.094741 0.031250 0.041667
0 0.310810 0.096027 0.031250 0.041667
0 0.346490 0.094741 0.031250 0.041667
0 0.394706 0.504899 0.031250 0.041667
0 0.417850 0.540900 0.031250 0.041667
0 0.503674 0.547329 0.031250 0.041667
0 0.601071 0.537043 0.031250 0.041667
0 0.545140 0.463755 0.031250 0.041667
0 0.440993 0.652761 0.031250 0.041667
0 0.442922 0.596188 0.031250 0.041667
0 0.544176 0.822482 0.031250 0.041667
0 0.610714 0.837911 0.031250 0.041667
0 0.367705 0.796767 0.031250 0.041667
0 0.297310 0.795481 0.031250 0.041667
0 0.276095 0.763337 0.031250 0.041667