0 0.170984 0.808338 0.031250 0.041667
0 0.005121 0.651476 0.031250 0.041667
0 0.072623 0.454754 0.031250 0.041667
0 0.168091 0.484327 0.031250 0.041667
0 0.219200 0.495899 0.031250 0.041667
0 0.231736 0.522900 0.031250 0.041667
0 0.278023 0.516471 0.031250 0.041667
0 0.336847 0.798052 0.031250 0.041667
0 0.447744 0.657904 0.031250 0.041667
0 0.408207 0.530614 0.031250 0.041667
0 0.397599 0.504899 0.031250 0.041667
0 0.414957 0.471469 0.031250 0.041667
0 0.506567 0.529328 0.031250 0.041667
0 0.582748 0.511328 0.031250 0.041667
0 0.543211 0.468898 0.031250 0.041667
0 0.766934 0.759479 0.031250 0.041667
0 0.447744 0.211746 0.031250 0.041667
0 0.345526 0.150029 0.031250 0.041667
0 0.303096 0.139743 0.031250 0.041667
0 0.283809 0.096027 0.031250 0.041667
0 0.309846 0.099884 0.031250 0.041667
0 0.340704 0.098599 0.031250 0.041667
0 0.196056 0.038168 0.031250 0.041667