0 0.027989 0.505148 0.031250 0.041667
0 0.092670 0.514731 0.031250 0.041667
0 0.104991 0.540741 0.031250 0.041667
0 0.160432 0.531158 0.031250 0.041667
0 0.111151 0.403848 0.031250 0.041667
0 0.384251 0.472294 0.031250 0.041667
0 0.379118 0.491459 0.031250 0.041667
0 0.445853 0.520207 0.031250 0.041667
0 0.494108 0.539372 0.031250 0.041667
0 0.495134 0.583177 0.031250 0.041667
0 0.483841 0.614662 0.031250 0.041667
0 0.351397 0.784409 0.031250 0.041667
0 0.196366 0.925409 0.031250 0.041667
0 0.277475 0.962370 0.031250 0.041667
0 0.285689 0.899399 0.031250 0.041667
0 0.798009 0.859700 0.031250 0.041667
0 0.885278 0.802205 0.031250 0.041667
0 0.849344 0.550323 0.031250 0.041667
0 0.549549 0.469556 0.031250 0.041667
0 0.365771 0.332664 0.031250 0.041667
0 0.325730 0.331295 0.031250 0.041667
0 0.272342 0.317606 0.031250 0.041667
0 0.238461 0.334033 0.031250 0.041667
0 0.212794 0.334033 0.031250 0.041667
0 0.195340 0.292965 0.031250 0.041667
0 0.242568 0.258742 0.031250 0.041667
0 0.278502 0.234101 0.031250 0.041667
0 0.338050 0.238208 0.031250 0.041667
0 0.444826 0.219043 0.031250 0.041667
0 0.456120 0.203985 0.031250 0.041667
0 0.562896 0.191665 0.031250 0.041667
0 0.310330 0.173868 0.031250 0.041667
0 0.282609 0.135539 0.031250 0.041667
0 0.253861 0.134170 0.031250 0.041667
0 0.311356 0.117743 0.031250 0.041667
0 0.276449 0.097209 0.031250 0.041667
0 0.293902 0.093102 0.031250 0.041667
0 0.342157 0.057510 0.031250 0.041667
0 0.375011 0.072568 0.031250 0.041667