0 0.189306 0.651476 0.031250 0.041667
0 0.195092 0.763337 0.031250 0.041667
0 0.244272 0.772337 0.031250 0.041667
0 0.508496 0.538329 0.031250 0.041667
0 0.410135 0.530614 0.031250 0.041667
0 0.390849 0.510042 0.031250 0.041667
0 0.411099 0.472755 0.031250 0.041667
0 0.388920 0.322321 0.031250 0.041667
0 0.325275 0.314606 0.031250 0.041667
0 0.315632 0.216889 0.031250 0.041667
0 0.373491 0.227175 0.031250 0.041667
0 0.445815 0.210460 0.031250 0.041667
0 0.543211 0.467612 0.031250 0.041667
0 0.677252 0.525471 0.031250 0.041667
0 0.535497 0.603902 0.031250 0.041667
0 0.826721 0.477898 0.031250 0.041667
0 0.893260 0.450897 0.031250 0.041667
0 0.863366 0.237461 0.031250 0.041667
0 0.287666 0.096027 0.031250 0.041667
0 0.310810 0.094741 0.031250 0.041667
0 0.345526 0.098599 0.031250 0.041667
0 0.249094 0.071598 0.031250 0.041667
0 0.189306 0.071598 0.031250 0.041667