0 0.075217 0.444916 0.031250 0.041667
0 0.123471 0.495566 0.031250 0.041667
0 0.192260 0.449023 0.031250 0.041667
0 0.202527 0.282014 0.031250 0.041667
0 0.267208 0.266955 0.031250 0.041667
0 0.291849 0.268324 0.031250 0.041667
0 0.317516 0.312130 0.031250 0.041667
0 0.357557 0.295703 0.031250 0.041667
0 0.319570 0.139645 0.031250 0.041667
0 0.286716 0.131432 0.031250 0.041667
0 0.290822 0.101315 0.031250 0.041667
0 0.276449 0.099947 0.031250 0.041667
0 0.175833 0.071199 0.031250 0.041667
0 0.437640 0.223150 0.031250 0.041667
0 0.454067 0.208092 0.031250 0.041667
0 0.364744 0.080782 0.031250 0.041667
0 0.562896 0.191665 0.031250 0.041667
0 0.539282 0.469556 0.031250 0.041667
0 0.505401 0.539372 0.031250 0.041667
0 0.492054 0.579070 0.031250 0.041667
0 0.476654 0.609187 0.031250 0.041667
0 0.443800 0.524313 0.031250 0.041667
0 0.379118 0.498304 0.031250 0.041667
0 0.380145 0.483246 0.031250 0.041667
0 0.686100 0.494197 0.031250 0.041667
0 0.748728 0.491459 0.031250 0.041667
0 0.844210 0.713225 0.031250 0.041667
0 0.905812 0.725545 0.031250 0.041667
0 0.199447 0.739235 0.031250 0.041667