0 0.024407 0.477898 0.031250 0.041667
0 0.090945 0.471469 0.031250 0.041667
0 0.173877 0.413610 0.031250 0.041667
0 0.213414 0.427753 0.031250 0.041667
0 0.247165 0.417467 0.031250 0.041667
0 0.283809 0.417467 0.031250 0.041667
0 0.259701 0.315892 0.031250 0.041667
0 0.286702 0.265748 0.031250 0.041667
0 0.349383 0.344179 0.031250 0.041667
0 0.375420 0.192459 0.031250 0.041667
0 0.429422 0.205317 0.031250 0.041667
0 0.451601 0.204031 0.031250 0.041667
0 0.300203 0.134600 0.031250 0.041667
0 0.266451 0.129457 0.031250 0.041667
0 0.282845 0.097313 0.031250 0.041667
0 0.306953 0.097313 0.031250 0.041667
0 0.345526 0.099884 0.031250 0.041667
0 0.215342 0.044597 0.031250 0.041667
0 0.187377 0.042025 0.031250 0.041667
0 0.509460 0.539614 0.031250 0.041667
0 0.398563 0.511328 0.031250 0.041667
0 0.412064 0.479184 0.031250 0.041667
0 0.407242 0.534471 0.031250 0.041667
0 0.282845 0.755622 0.031250 0.041667
0 0.303096 0.961344 0.031250 0.041667
0 0.549962 0.668190 0.031250 0.041667
0 0.544176 0.467612 0.031250 0.041667
0 0.706181 0.506185 0.031250 0.041667
0 0.584677 0.224603 0.031250 0.041667
0 0.564426 0.120457 0.031250 0.041667