0 0.196585 0.080587 0.031250 0.041667
0 0.238543 0.194223 0.031250 0.041667
0 0.267390 0.192475 0.031250 0.041667
0 0.311970 0.092825 0.031250 0.041667
0 0.330327 0.075342 0.031250 0.041667
0 0.340816 0.075342 0.031250 0.041667
0 0.440467 0.204713 0.031250 0.041667
0 0.461446 0.213454 0.031250 0.041667
0 0.052355 0.587580 0.031250 0.041667
0 0.133648 0.582335 0.031250 0.041667
0 0.108736 0.722196 0.031250 0.041667
0 0.393264 0.505412 0.031250 0.041667
0 0.412932 0.524643 0.031250 0.041667
0 0.461446 0.529888 0.031250 0.041667
0 0.525694 0.538629 0.031250 0.041667
0 0.572897 0.528140 0.031250 0.041667
0 0.586009 0.494923 0.031250 0.041667
0 0.550606 0.472196 0.031250 0.041667
0 0.301481 0.758909 0.031250 0.041667
0 0.301481 0.802615 0.031250 0.041667
0 0.359173 0.764154 0.031250 0.041667
0 0.414243 0.772895 0.031250 0.041667
0 0.419488 0.741426 0.031250 0.041667
0 0.429977 0.804363 0.031250 0.041667
0 0.537495 0.695972 0.031250 0.041667
0 0.534872 0.886531 0.031250 0.041667
0 0.491603 0.968699 0.031250 0.041667
0 0.702704 0.725692 0.031250 0.041667
0 0.802355 0.723944 0.031250 0.041667
0 0.801043 0.674993 0.031250 0.041667
0 0.785309 0.348070 0.031250 0.041667
0 0.751218 0.257161 0.031250 0.041667
0 0.786620 0.260657 0.031250 0.041667
0 0.774820 0.215203 0.031250 0.041667
0 0.732862 0.194223 0.031250 0.041667
0 0.722372 0.164503 0.031250 0.041667
0 0.761708 0.150517 0.031250 0.041667
0 0.753841 0.124293 0.031250 0.041667