0 0.199194 0.097603 0.031250 0.041667
0 0.217051 0.087021 0.031250 0.041667
0 0.244829 0.092312 0.031250 0.041667
0 0.268638 0.089666 0.031250 0.041667
0 0.302369 0.094957 0.031250 0.041667
0 0.181337 0.229878 0.031250 0.041667
0 0.224988 0.274851 0.031250 0.041667
0 0.266654 0.274851 0.031250 0.041667
0 0.459115 0.208714 0.031250 0.041667
0 0.540464 0.203423 0.031250 0.041667
0 0.405543 0.457391 0.031250 0.041667
0 0.381734 0.502364 0.031250 0.041667
0 0.417448 0.534110 0.031250 0.041667
0 0.558321 0.518237 0.031250 0.041667
0 0.584115 0.491782 0.031250 0.041667
0 0.538480 0.465327 0.031250 0.041667
0 0.421416 0.737814 0.031250 0.041667
0 0.433321 0.764269 0.031250 0.041667
0 0.383718 0.793370 0.031250 0.041667
0 0.365861 0.801306 0.031250 0.041667
0 0.324194 0.758978 0.031250 0.041667
0 0.298400 0.790724 0.031250 0.041667
0 0.252765 0.631994 0.031250 0.041667
0 0.645623 0.777497 0.031250 0.041667
0 0.724988 0.788079 0.031250 0.041667
0 0.812289 0.944163 0.031250 0.041667