0 0.205607 0.169762 0.031250 0.041667
0 0.249755 0.172500 0.031250 0.041667
0 0.288769 0.143752 0.031250 0.041667
0 0.335997 0.149228 0.031250 0.041667
0 0.282609 0.104053 0.031250 0.041667
0 0.296982 0.091733 0.031250 0.041667
0 0.334970 0.108160 0.031250 0.041667
0 0.352424 0.086257 0.031250 0.041667
0 0.287742 0.294334 0.031250 0.041667
0 0.227167 0.338140 0.031250 0.041667
0 0.191233 0.282014 0.031250 0.041667
0 0.160432 0.350460 0.031250 0.041667
0 0.193286 0.439440 0.031250 0.041667
0 0.209713 0.810419 0.031250 0.041667
0 0.009508 0.681740 0.031250 0.041667
0 0.389385 0.492828 0.031250 0.041667
0 0.401705 0.520207 0.031250 0.041667
0 0.437640 0.522944 0.031250 0.041667
0 0.507455 0.540741 0.031250 0.041667
0 0.481787 0.513362 0.031250 0.041667
0 0.553656 0.527051 0.031250 0.041667
0 0.561870 0.492828 0.031250 0.041667
0 0.551603 0.476401 0.031250 0.041667
0 0.663512 0.655730 0.031250 0.041667
0 0.791849 0.698167 0.031250 0.041667
0 0.884251 0.729652 0.031250 0.041667
0 0.709713 0.327188 0.031250 0.041667
0 0.600884 0.220412 0.031250 0.041667
0 0.450987 0.199878 0.031250 0.041667
0 0.751808 0.101315 0.031250 0.041667
0 0.186100 0.042452 0.031250 0.041667
0 0.197393 0.039714 0.031250 0.041667