0 0.358267 0.088374 0.031250 0.041667
0 0.340992 0.099890 0.031250 0.041667
0 0.300685 0.092212 0.031250 0.041667
0 0.198958 0.094772 0.031250 0.041667
0 0.188401 0.094772 0.031250 0.041667
0 0.076117 0.494004 0.031250 0.041667
0 0.135618 0.492724 0.031250 0.041667
0 0.207595 0.482488 0.031250 0.041667
0 0.289169 0.236806 0.031250 0.041667
0 0.291088 0.183063 0.031250 0.041667
0 0.319879 0.176665 0.031250 0.041667
0 0.660570 0.211214 0.031250 0.041667
0 0.650013 0.158751 0.031250 0.041667
0 0.665369 0.108847 0.031250 0.041667
0 0.788209 0.172827 0.031250 0.041667
0 0.697998 0.601490 0.031250 0.041667
0 0.560762 0.492724 0.031250 0.041667
0 0.540609 0.470971 0.031250 0.041667
0 0.526213 0.525994 0.031250 0.041667
0 0.495503 0.537510 0.031250 0.041667
0 0.402413 0.514477 0.031250 0.041667
0 0.394735 0.501681 0.031250 0.041667
0 0.407211 0.474810 0.031250 0.041667
0 0.253660 0.751202 0.031250 0.041667
0 0.192240 0.744804 0.031250 0.041667
0 0.807403 0.524714 0.031250 0.041667
0 0.867864 0.486326 0.031250 0.041667
0 0.449438 0.208655 0.031250 0.041667