0 0.182864 0.065524 0.031250 0.041667
0 0.266902 0.105693 0.031250 0.041667
0 0.278001 0.105693 0.031250 0.041667
0 0.281172 0.086665 0.031250 0.041667
0 0.293857 0.090894 0.031250 0.041667
0 0.343012 0.093008 0.031250 0.041667
0 0.368382 0.090894 0.031250 0.041667
0 0.427050 0.200830 0.031250 0.041667
0 0.458762 0.194488 0.031250 0.041667
0 0.309714 0.181803 0.031250 0.041667
0 0.216162 0.162775 0.031250 0.041667
0 0.262145 0.276940 0.031250 0.041667
0 0.298614 0.272712 0.031250 0.041667
0 0.335084 0.293854 0.031250 0.041667
0 0.304957 0.361507 0.031250 0.041667
0 0.244703 0.361507 0.031250 0.041667
0 0.189206 0.314995 0.031250 0.041667
0 0.167007 0.321338 0.031250 0.041667
0 0.300200 0.832966 0.031250 0.041667
0 0.809185 0.456644 0.031250 0.041667
0 0.656965 0.202944 0.031250 0.041667
0 0.712462 0.207173 0.031250 0.041667
0 0.747346 0.198716 0.031250 0.041667
0 0.788572 0.179689 0.031250 0.041667
0 0.815528 0.177574 0.031250 0.041667