0 0.270073 0.090894 0.031250 0.041667
0 0.282758 0.097236 0.031250 0.041667
0 0.298614 0.097236 0.031250 0.041667
0 0.339840 0.097236 0.031250 0.041667
0 0.344597 0.076095 0.031250 0.041667
0 0.352525 0.126834 0.031250 0.041667
0 0.377274 0.261281 0.031250 0.041667
0 0.377895 0.234657 0.031250 0.041667
0 0.456626 0.216912 0.031250 0.041667
0 0.439988 0.252748 0.031250 0.041667
0 0.457906 0.194728 0.031250 0.041667
0 0.267206 0.216912 0.031250 0.041667
0 0.268486 0.251042 0.031250 0.041667
0 0.176336 0.317595 0.031250 0.041667
0 0.184015 0.745922 0.031250 0.041667
0 0.723561 0.462987 0.031250 0.041667
0 0.547557 0.460873 0.031250 0.041667
0 0.785401 0.524297 0.031250 0.041667
0 0.826627 0.526412 0.031250 0.041667
0 0.817113 0.456644 0.031250 0.041667
0 0.731489 0.264255 0.031250 0.041667
0 0.793329 0.268484 0.031250 0.041667
0 0.576098 0.173346 0.031250 0.041667
0 0.396923 0.213515 0.031250 0.041667