0 0.128542 0.644750 0.031250 0.041667
0 0.089635 0.587267 0.031250 0.041667
0 0.135902 0.553618 0.031250 0.041667
0 0.063347 0.541000 0.031250 0.041667
0 0.041265 0.483516 0.031250 0.041667
0 0.166396 0.468094 0.031250 0.041667
0 0.188478 0.570442 0.031250 0.041667
0 0.235797 0.566236 0.031250 0.041667
0 0.216870 0.562030 0.031250 0.041667
0 0.004462 0.675595 0.031250 0.041667
0 0.286270 0.810190 0.031250 0.041667
0 0.504987 0.536794 0.031250 0.041667
0 0.442947 0.528381 0.031250 0.041667
0 0.407196 0.524175 0.031250 0.041667
0 0.374598 0.519969 0.031250 0.041667
0 0.390371 0.501743 0.031250 0.041667
0 0.550203 0.518567 0.031250 0.041667
0 0.559667 0.493330 0.031250 0.041667
0 0.548100 0.477908 0.031250 0.041667
0 0.797311 0.441455 0.031250 0.041667
0 0.604882 0.238160 0.031250 0.041667
0 0.576491 0.224140 0.031250 0.041667
0 0.553357 0.190491 0.031250 0.041667
0 0.455566 0.211522 0.031250 0.041667
0 0.251570 0.172265 0.031250 0.041667
0 0.201097 0.081133 0.031250 0.041667
0 0.276806 0.099359 0.031250 0.041667
0 0.288373 0.090947 0.031250 0.041667
0 0.327280 0.104967 0.031250 0.041667
0 0.356722 0.081133 0.031250 0.041667