0 0.224776 0.070098 0.031250 0.041667
0 0.269356 0.089328 0.031250 0.041667
0 0.286402 0.101566 0.031250 0.041667
0 0.308692 0.101566 0.031250 0.041667
0 0.342783 0.077091 0.031250 0.041667
0 0.351961 0.085832 0.031250 0.041667
0 0.223465 0.230937 0.031250 0.041667
0 0.275912 0.223944 0.031250 0.041667
0 0.362451 0.349818 0.031250 0.041667
0 0.445056 0.211706 0.031250 0.041667
0 0.454234 0.215203 0.031250 0.041667
0 0.603710 0.223944 0.031250 0.041667
0 0.618133 0.162755 0.031250 0.041667
0 0.692870 0.129538 0.031250 0.041667
0 0.724339 0.127790 0.031250 0.041667
0 0.764986 0.220447 0.031250 0.041667
0 0.796454 0.222196 0.031250 0.041667
0 0.888238 0.246671 0.031250 0.041667
0 0.936752 0.648769 0.031250 0.041667
0 0.729584 0.802615 0.031250 0.041667
0 0.664024 0.806112 0.031250 0.041667
0 0.553884 0.806112 0.031250 0.041667
0 0.408342 0.839328 0.031250 0.041667
0 0.439811 0.725692 0.031250 0.041667
0 0.316559 0.797370 0.031250 0.041667
0 0.186752 0.870797 0.031250 0.041667
0 0.150038 0.645272 0.031250 0.041667
0 0.135615 0.592825 0.031250 0.041667
0 0.429321 0.542126 0.031250 0.041667
0 0.462101 0.538629 0.031250 0.041667
0 0.527661 0.543874 0.031250 0.041667
0 0.565685 0.526391 0.031250 0.041667
0 0.585353 0.501916 0.031250 0.041667
0 0.547328 0.470447 0.031250 0.041667