0 0.261630 0.278605 0.031250 0.041667
0 0.270309 0.189888 0.031250 0.041667
0 0.305024 0.171887 0.031250 0.041667
0 0.284774 0.092170 0.031250 0.041667
0 0.263558 0.090884 0.031250 0.041667
0 0.221128 0.079312 0.031250 0.041667
0 0.200878 0.079312 0.031250 0.041667
0 0.188342 0.164172 0.031250 0.041667
0 0.309846 0.097313 0.031250 0.041667
0 0.336847 0.099884 0.031250 0.041667
0 0.397599 0.508756 0.031250 0.041667
0 0.414957 0.537043 0.031250 0.041667
0 0.440029 0.585902 0.031250 0.041667
0 0.453530 0.650190 0.031250 0.041667
0 0.368669 0.790338 0.031250 0.041667
0 0.312739 0.780052 0.031250 0.041667
0 0.293452 0.759479 0.031250 0.041667
0 0.600106 0.525471 0.031250 0.041667
0 0.506567 0.534471 0.031250 0.041667
0 0.545140 0.468898 0.031250 0.041667
0 0.645429 0.575616 0.031250 0.041667
0 0.722575 0.562758 0.031250 0.041667
0 0.749576 0.637332 0.031250 0.041667
0 0.847937 0.763337 0.031250 0.041667
0 0.801649 0.876484 0.031250 0.041667
0 0.727396 0.855911 0.031250 0.041667
0 0.890367 0.534471 0.031250 0.041667
0 0.747647 0.134600 0.031250 0.041667
0 0.665680 0.144886 0.031250 0.041667
0 0.452565 0.209174 0.031250 0.041667