0 0.178107 0.057067 0.031250 0.041667
0 0.274830 0.095122 0.031250 0.041667
0 0.284344 0.090894 0.031250 0.041667
0 0.295443 0.090894 0.031250 0.041667
0 0.333498 0.090894 0.031250 0.041667
0 0.341426 0.084551 0.031250 0.041667
0 0.444492 0.213515 0.031250 0.041667
0 0.458762 0.213515 0.031250 0.041667
0 0.460348 0.190259 0.031250 0.041667
0 0.312885 0.173346 0.031250 0.041667
0 0.271659 0.175460 0.031250 0.041667
0 0.244703 0.190259 0.031250 0.041667
0 0.192377 0.190259 0.031250 0.041667
0 0.270073 0.198716 0.031250 0.041667
0 0.297029 0.228314 0.031250 0.041667
0 0.278001 0.251570 0.031250 0.041667
0 0.217747 0.266369 0.031250 0.041667
0 0.336669 0.365735 0.031250 0.041667
0 0.550728 0.473558 0.031250 0.041667
0 0.693435 0.323452 0.031250 0.041667
0 0.839312 0.255799 0.031250 0.041667
0 0.591955 0.617321 0.031250 0.041667
0 0.449248 0.627892 0.031250 0.041667
0 0.514259 0.687088 0.031250 0.041667