0 0.210740 0.124587 0.031250 0.041667
0 0.229221 0.123218 0.031250 0.041667
0 0.276449 0.123218 0.031250 0.041667
0 0.294929 0.110898 0.031250 0.041667
0 0.278502 0.101315 0.031250 0.041667
0 0.296982 0.088995 0.031250 0.041667
0 0.441746 0.217674 0.031250 0.041667
0 0.449960 0.205354 0.031250 0.041667
0 0.330863 0.325819 0.031250 0.041667
0 0.277475 0.332664 0.031250 0.041667
0 0.278502 0.418906 0.031250 0.041667
0 0.236408 0.282014 0.031250 0.041667
0 0.189180 0.287489 0.031250 0.041667
0 0.183019 0.220412 0.031250 0.041667
0 0.161459 0.470925 0.031250 0.041667
0 0.195340 0.440809 0.031250 0.041667
0 0.089590 0.475032 0.031250 0.041667
0 0.207660 0.762506 0.031250 0.041667
0 0.140925 0.922671 0.031250 0.041667
0 0.073163 0.961001 0.031250 0.041667
0 0.452013 0.521576 0.031250 0.041667
0 0.504375 0.535265 0.031250 0.041667
0 0.554683 0.518838 0.031250 0.041667
0 0.565976 0.498304 0.031250 0.041667
0 0.547496 0.468187 0.031250 0.041667
0 0.604991 0.587284 0.031250 0.041667
0 0.612178 0.607818 0.031250 0.041667
0 0.656325 0.600973 0.031250 0.041667
0 0.816490 0.900768 0.031250 0.041667
0 0.827783 0.377838 0.031250 0.041667
0 0.772342 0.177975 0.031250 0.041667
0 0.635792 0.065723 0.031250 0.041667
0 0.610124 0.065723 0.031250 0.041667
0 0.556736 0.193033 0.031250 0.041667