0 0.273388 0.088808 0.031250 0.041667
0 0.281366 0.094127 0.031250 0.041667
0 0.355834 0.088808 0.031250 0.041667
0 0.322590 0.138453 0.031250 0.041667
0 0.286686 0.154410 0.031250 0.041667
0 0.341207 0.301574 0.031250 0.041667
0 0.289345 0.310439 0.031250 0.041667
0 0.200249 0.315758 0.031250 0.041667
0 0.170994 0.370723 0.031250 0.041667
0 0.165675 0.395545 0.031250 0.041667
0 0.113813 0.374269 0.031250 0.041667
0 0.272058 0.349446 0.031250 0.041667
0 0.347856 0.383134 0.031250 0.041667
0 0.403707 0.454056 0.031250 0.041667
0 0.549983 0.462921 0.031250 0.041667
0 0.831898 0.459375 0.031250 0.041667
0 0.890409 0.480652 0.031250 0.041667
0 0.690941 0.163276 0.031250 0.041667
0 0.757430 0.239517 0.031250 0.041667
0 0.830568 0.168595 0.031250 0.041667
0 0.128441 0.509020 0.031250 0.041667
0 0.016739 0.789162 0.031250 0.041667
0 0.206898 0.744836 0.031250 0.041667
0 0.258760 0.753701 0.031250 0.041667
0 0.468866 0.881361 0.031250 0.041667