0 0.184449 0.069752 0.031250 0.041667
0 0.195549 0.069752 0.031250 0.041667
0 0.266902 0.118378 0.031250 0.041667
0 0.284344 0.109921 0.031250 0.041667
0 0.333498 0.090894 0.031250 0.041667
0 0.276415 0.090894 0.031250 0.041667
0 0.290686 0.088780 0.031250 0.041667
0 0.357282 0.093008 0.031250 0.041667
0 0.195549 0.158547 0.031250 0.041667
0 0.232018 0.183917 0.031250 0.041667
0 0.377895 0.160661 0.031250 0.041667
0 0.398509 0.179689 0.031250 0.041667
0 0.433392 0.200830 0.031250 0.041667
0 0.458762 0.196602 0.031250 0.041667
0 0.227261 0.268484 0.031250 0.041667
0 0.190792 0.289625 0.031250 0.041667
0 0.268487 0.321338 0.031250 0.041667
0 0.238361 0.321338 0.031250 0.041667
0 0.301785 0.291739 0.031250 0.041667
0 0.317642 0.314995 0.031250 0.041667
0 0.304957 0.308653 0.031250 0.041667
0 0.295443 0.835080 0.031250 0.041667
0 0.542800 0.465101 0.031250 0.041667
0 0.828213 0.369963 0.031250 0.041667
0 0.650623 0.188145 0.031250 0.041667
0 0.699777 0.196602 0.031250 0.041667
0 0.733075 0.224086 0.031250 0.041667
0 0.785401 0.171232 0.031250 0.041667
0 0.806014 0.190259 0.031250 0.041667