0 0.268487 0.088780 0.031250 0.041667
0 0.282758 0.090894 0.031250 0.041667
0 0.292272 0.090894 0.031250 0.041667
0 0.314470 0.090894 0.031250 0.041667
0 0.335084 0.088780 0.031250 0.041667
0 0.349354 0.090894 0.031250 0.041667
0 0.274830 0.198716 0.031250 0.041667
0 0.304957 0.196602 0.031250 0.041667
0 0.355697 0.196602 0.031250 0.041667
0 0.390580 0.173346 0.031250 0.041667
0 0.457177 0.198716 0.031250 0.041667
0 0.206648 0.279054 0.031250 0.041667
0 0.217747 0.393219 0.031250 0.041667
0 0.174936 0.403790 0.031250 0.041667
0 0.090898 0.532754 0.031250 0.041667
0 0.143223 0.528526 0.031250 0.041667
0 0.179692 0.756856 0.031250 0.041667
0 0.550728 0.471443 0.031250 0.041667
0 0.720390 0.617321 0.031250 0.041667
0 0.775887 0.638462 0.031250 0.041667
0 0.599883 0.107807 0.031250 0.041667
0 0.631595 0.099350 0.031250 0.041667
0 0.715633 0.156433 0.031250 0.041667