0 0.126625 0.378894 0.031250 0.041667
0 0.210521 0.281177 0.031250 0.041667
0 0.241379 0.295320 0.031250 0.041667
0 0.264523 0.274748 0.031250 0.041667
0 0.280916 0.335179 0.031250 0.041667
0 0.322382 0.336464 0.031250 0.041667
0 0.289595 0.751765 0.031250 0.041667
0 0.332990 0.780052 0.031250 0.041667
0 0.368669 0.790338 0.031250 0.041667
0 0.457387 0.650190 0.031250 0.041667
0 0.409171 0.525471 0.031250 0.041667
0 0.396635 0.502327 0.031250 0.041667
0 0.499817 0.538329 0.031250 0.041667
0 0.545140 0.467612 0.031250 0.041667
0 0.591427 0.512614 0.031250 0.041667
0 0.617464 0.309463 0.031250 0.041667
0 0.588534 0.290177 0.031250 0.041667
0 0.653144 0.232318 0.031250 0.041667
0 0.625179 0.152601 0.031250 0.041667
0 0.594320 0.147458 0.031250 0.041667
0 0.756326 0.197602 0.031250 0.041667
0 0.792006 0.205317 0.031250 0.041667
0 0.809364 0.211746 0.031250 0.041667
0 0.889402 0.417467 0.031250 0.041667
0 0.312739 0.142315 0.031250 0.041667
0 0.332990 0.147458 0.031250 0.041667
0 0.359991 0.138457 0.031250 0.041667
0 0.442922 0.205317 0.031250 0.041667
0 0.342633 0.094741 0.031250 0.041667
0 0.311774 0.094741 0.031250 0.041667
0 0.259701 0.103742 0.031250 0.041667
0 0.281881 0.094741 0.031250 0.041667
0 0.287666 0.045883 0.031250 0.041667
0 0.201842 0.065169 0.031250 0.041667
0 0.191234 0.044597 0.031250 0.041667
0 0.297310 0.048454 0.031250 0.041667