0 0.251808 0.421644 0.031250 0.041667
0 0.306223 0.424382 0.031250 0.041667
0 0.007455 0.642041 0.031250 0.041667
0 0.424293 0.795361 0.031250 0.041667
0 0.895545 0.830953 0.031250 0.041667
0 0.732301 0.511993 0.031250 0.041667
0 0.564950 0.461343 0.031250 0.041667
0 0.569056 0.496935 0.031250 0.041667
0 0.550576 0.518838 0.031250 0.041667
0 0.510535 0.522944 0.031250 0.041667
0 0.475627 0.511993 0.031250 0.041667
0 0.438666 0.520207 0.031250 0.041667
0 0.341130 0.227257 0.031250 0.041667
0 0.308276 0.205354 0.031250 0.041667
0 0.296982 0.184820 0.031250 0.041667
0 0.296982 0.160179 0.031250 0.041667
0 0.218954 0.172500 0.031250 0.041667
0 0.197393 0.116374 0.031250 0.041667
0 0.205607 0.076675 0.031250 0.041667
0 0.186100 0.086257 0.031250 0.041667
0 0.273369 0.101315 0.031250 0.041667
0 0.300063 0.086257 0.031250 0.041667
0 0.360638 0.164286 0.031250 0.041667
0 0.445853 0.199878 0.031250 0.041667
0 0.545442 0.190296 0.031250 0.041667
0 0.663512 0.076675 0.031250 0.041667
0 0.676859 0.142383 0.031250 0.041667
0 0.719980 0.150597 0.031250 0.041667
0 0.747701 0.139645 0.031250 0.041667
0 0.754888 0.240946 0.031250 0.041667
0 0.711767 0.236839 0.031250 0.041667
0 0.722034 0.266955 0.031250 0.041667
0 0.680966 0.268324 0.031250 0.041667
0 0.538256 0.220412 0.031250 0.041667