0 0.230432 0.059181 0.031250 0.041667
0 0.255802 0.054953 0.031250 0.041667
0 0.220919 0.114149 0.031250 0.041667
0 0.252631 0.103579 0.031250 0.041667
0 0.274830 0.082437 0.031250 0.041667
0 0.293857 0.093008 0.031250 0.041667
0 0.333498 0.090894 0.031250 0.041667
0 0.344597 0.080323 0.031250 0.041667
0 0.362039 0.080323 0.031250 0.041667
0 0.360454 0.093008 0.031250 0.041667
0 0.232018 0.147976 0.031250 0.041667
0 0.266902 0.147976 0.031250 0.041667
0 0.200306 0.158547 0.031250 0.041667
0 0.298614 0.211401 0.031250 0.041667
0 0.344597 0.205059 0.031250 0.041667
0 0.446077 0.211401 0.031250 0.041667
0 0.455591 0.198716 0.031250 0.041667
0 0.363625 0.266369 0.031250 0.041667
0 0.303371 0.260027 0.031250 0.041667
0 0.331912 0.300196 0.031250 0.041667
0 0.349354 0.361507 0.031250 0.041667
0 0.216162 0.304424 0.031250 0.041667
0 0.165422 0.331908 0.031250 0.041667
0 0.165422 0.427046 0.031250 0.041667
0 0.214576 0.418589 0.031250 0.041667
0 0.392166 0.482014 0.031250 0.041667
0 0.396923 0.511612 0.031250 0.041667
0 0.454005 0.534868 0.031250 0.041667
0 0.520602 0.545439 0.031250 0.041667
0 0.633181 0.564467 0.031250 0.041667
0 0.544386 0.473558 0.031250 0.041667
0 0.695020 0.583494 0.031250 0.041667
0 0.170179 0.708230 0.031250 0.041667
0 0.198720 0.723029 0.031250 0.041667
0 0.656965 0.270598 0.031250 0.041667
0 0.660136 0.317109 0.031250 0.041667
0 0.674407 0.336137 0.031250 0.041667
0 0.723561 0.338251 0.031250 0.041667
0 0.782229 0.317109 0.031250 0.041667
0 0.809185 0.274826 0.031250 0.041667
0 0.837726 0.325566 0.031250 0.041667
0 0.863096 0.249456 0.031250 0.041667
0 0.893223 0.281169 0.031250 0.041667
0 0.774301 0.207173 0.031250 0.041667
0 0.704534 0.114149 0.031250 0.041667
0 0.671236 0.114149 0.031250 0.041667