0 0.272600 0.821406 0.031250 0.041667
0 0.460823 0.648956 0.031250 0.041667
0 0.404041 0.526979 0.031250 0.041667
0 0.393526 0.496135 0.031250 0.041667
0 0.415608 0.470898 0.031250 0.041667
0 0.509193 0.528381 0.031250 0.041667
0 0.547048 0.525577 0.031250 0.041667
0 0.559667 0.497537 0.031250 0.041667
0 0.545997 0.466692 0.031250 0.041667
0 0.734220 0.399394 0.031250 0.041667
0 0.773126 0.405002 0.031250 0.041667
0 0.858300 0.416219 0.031250 0.041667
0 0.877227 0.388178 0.031250 0.041667
0 0.635376 0.218532 0.031250 0.041667
0 0.663768 0.207316 0.031250 0.041667
0 0.717395 0.205914 0.031250 0.041667
0 0.749993 0.222738 0.031250 0.041667
0 0.726859 0.170863 0.031250 0.041667
0 0.749993 0.156843 0.031250 0.041667
0 0.451360 0.221336 0.031250 0.041667
0 0.269446 0.212924 0.031250 0.041667
0 0.189530 0.097957 0.031250 0.041667
0 0.191633 0.074123 0.031250 0.041667
0 0.276806 0.092349 0.031250 0.041667
0 0.287322 0.086741 0.031250 0.041667
0 0.288373 0.043278 0.031250 0.041667
0 0.250518 0.106369 0.031250 0.041667
0 0.317816 0.093751 0.031250 0.041667
0 0.328331 0.093751 0.031250 0.041667
0 0.369341 0.086741 0.031250 0.041667