0 0.219531 0.085832 0.031250 0.041667
0 0.245755 0.085832 0.031250 0.041667
0 0.201175 0.131286 0.031250 0.041667
0 0.275912 0.084084 0.031250 0.041667
0 0.249689 0.105063 0.031250 0.041667
0 0.261489 0.129538 0.031250 0.041667
0 0.304759 0.119049 0.031250 0.041667
0 0.311314 0.099818 0.031250 0.041667
0 0.337538 0.077091 0.031250 0.041667
0 0.349339 0.077091 0.031250 0.041667
0 0.333605 0.148769 0.031250 0.041667
0 0.198552 0.211706 0.031250 0.041667
0 0.232643 0.232685 0.031250 0.041667
0 0.320493 0.239678 0.031250 0.041667
0 0.349339 0.209958 0.031250 0.041667
0 0.382119 0.229189 0.031250 0.041667
0 0.438500 0.213454 0.031250 0.041667
0 0.448989 0.209958 0.031250 0.041667
0 0.370318 0.314853 0.031250 0.041667
0 0.307381 0.353314 0.031250 0.041667
0 0.249689 0.314853 0.031250 0.041667
0 0.190685 0.480937 0.031250 0.041667
0 0.240510 0.480937 0.031250 0.041667
0 0.393919 0.508909 0.031250 0.041667
0 0.410965 0.519398 0.031250 0.041667
0 0.459479 0.529888 0.031250 0.041667
0 0.522416 0.529888 0.031250 0.041667
0 0.584042 0.524643 0.031250 0.041667
0 0.582731 0.487930 0.031250 0.041667
0 0.546017 0.466951 0.031250 0.041667
0 0.313937 0.767650 0.031250 0.041667
0 0.308692 0.809608 0.031250 0.041667
0 0.409654 0.769398 0.031250 0.041667
0 0.433255 0.744923 0.031250 0.041667
0 0.569619 0.636531 0.031250 0.041667
0 0.791210 0.736182 0.031250 0.041667
0 0.696804 0.493175 0.031250 0.041667
0 0.654846 0.344573 0.031250 0.041667
0 0.770231 0.304363 0.031250 0.041667
0 0.750563 0.176741 0.031250 0.041667
0 0.783342 0.174993 0.031250 0.041667