0 0.227749 0.143396 0.031250 0.041667
0 0.305484 0.130600 0.031250 0.041667
0 0.325637 0.181784 0.031250 0.041667
0 0.317960 0.171547 0.031250 0.041667
0 0.362106 0.186902 0.031250 0.041667
0 0.447518 0.215053 0.031250 0.041667
0 0.376501 0.253441 0.031250 0.041667
0 0.350589 0.250882 0.031250 0.041667
0 0.167288 0.336614 0.031250 0.041667
0 0.064601 0.589973 0.031250 0.041667
0 0.003180 0.586134 0.031250 0.041667
0 0.288209 0.769116 0.031250 0.041667
0 0.411050 0.531112 0.031250 0.041667
0 0.397614 0.506800 0.031250 0.041667
0 0.420647 0.483767 0.031250 0.041667
0 0.511818 0.532392 0.031250 0.041667
0 0.548286 0.524714 0.031250 0.041667
0 0.561722 0.497843 0.031250 0.041667
0 0.537729 0.469692 0.031250 0.041667
0 0.674006 0.177945 0.031250 0.041667
0 0.720071 0.145955 0.031250 0.041667
0 0.297806 0.097331 0.031250 0.041667
0 0.353468 0.089653 0.031250 0.041667
0 0.340992 0.102449 0.031250 0.041667