0 0.198720 0.050725 0.031250 0.041667
0 0.219333 0.061295 0.031250 0.041667
0 0.273244 0.090894 0.031250 0.041667
0 0.285929 0.090894 0.031250 0.041667
0 0.293857 0.090894 0.031250 0.041667
0 0.335084 0.086665 0.031250 0.041667
0 0.358868 0.093008 0.031250 0.041667
0 0.408022 0.183917 0.031250 0.041667
0 0.433392 0.183917 0.031250 0.041667
0 0.460348 0.183917 0.031250 0.041667
0 0.235189 0.260027 0.031250 0.041667
0 0.266902 0.260027 0.031250 0.041667
0 0.545972 0.454530 0.031250 0.041667
0 0.661722 0.363621 0.031250 0.041667
0 0.737832 0.353050 0.031250 0.041667
0 0.791743 0.319223 0.031250 0.041667
0 0.664893 0.710344 0.031250 0.041667
0 0.538043 0.695545 0.031250 0.041667
0 0.184449 0.752627 0.031250 0.041667
0 0.029058 0.644805 0.031250 0.041667