0 0.194619 0.096321 0.031250 0.041667
0 0.206419 0.136531 0.031250 0.041667
0 0.243133 0.094573 0.031250 0.041667
0 0.240510 0.124293 0.031250 0.041667
0 0.257556 0.171496 0.031250 0.041667
0 0.270668 0.098070 0.031250 0.041667
0 0.282468 0.096321 0.031250 0.041667
0 0.311314 0.099818 0.031250 0.041667
0 0.338849 0.089328 0.031250 0.041667
0 0.345405 0.078839 0.031250 0.041667
0 0.380807 0.059608 0.031250 0.041667
0 0.367696 0.194223 0.031250 0.041667
0 0.441122 0.202965 0.031250 0.041667
0 0.455545 0.202965 0.031250 0.041667
0 0.306070 0.223944 0.031250 0.041667
0 0.098902 0.526391 0.031250 0.041667
0 0.030720 0.589328 0.031250 0.041667
0 0.152661 0.517650 0.031250 0.041667
0 0.199863 0.535133 0.031250 0.041667
0 0.262800 0.535133 0.031250 0.041667
0 0.236577 0.716951 0.031250 0.041667
0 0.254933 0.753664 0.031250 0.041667
0 0.315248 0.769398 0.031250 0.041667
0 0.459479 0.542126 0.031250 0.041667
0 0.525038 0.543874 0.031250 0.041667
0 0.548640 0.465203 0.031250 0.041667
0 0.574863 0.645272 0.031250 0.041667
0 0.590598 0.837580 0.031250 0.041667
0 0.661402 0.737930 0.031250 0.041667
0 0.709916 0.568349 0.031250 0.041667
0 0.757119 0.716951 0.031250 0.041667
0 0.825300 0.641776 0.031250 0.041667
0 0.934129 0.695972 0.031250 0.041667
0 0.905283 0.470447 0.031250 0.041667
0 0.907905 0.444223 0.031250 0.041667
0 0.741384 0.358559 0.031250 0.041667
0 0.791210 0.327091 0.031250 0.041667
0 0.601087 0.152265 0.031250 0.041667
0 0.612888 0.119049 0.031250 0.041667
0 0.597154 0.080587 0.031250 0.041667
0 0.623377 0.066601 0.031250 0.041667
0 0.673203 0.126042 0.031250 0.041667