0 0.175860 0.728872 0.031250 0.041667
0 0.005513 0.510155 0.031250 0.041667
0 0.045471 0.500341 0.031250 0.041667
0 0.123284 0.475104 0.031250 0.041667
0 0.218973 0.498939 0.031250 0.041667
0 0.247364 0.333499 0.031250 0.041667
0 0.299940 0.402198 0.031250 0.041667
0 0.395629 0.510155 0.031250 0.041667
0 0.408247 0.526979 0.031250 0.041667
0 0.510245 0.525577 0.031250 0.041667
0 0.547048 0.519969 0.031250 0.041667
0 0.565976 0.497537 0.031250 0.041667
0 0.548100 0.476506 0.031250 0.041667
0 0.422968 0.776541 0.031250 0.041667
0 0.346207 0.800376 0.031250 0.041667
0 0.342001 0.777943 0.031250 0.041667
0 0.626964 0.717656 0.031250 0.041667
0 0.875124 0.532587 0.031250 0.041667
0 0.939267 0.553618 0.031250 0.041667
0 0.635376 0.292840 0.031250 0.041667
0 0.604882 0.348921 0.031250 0.041667
0 0.641686 0.116184 0.031250 0.041667
0 0.432432 0.208718 0.031250 0.041667
0 0.451360 0.200306 0.031250 0.041667
0 0.559667 0.203110 0.031250 0.041667
0 0.277858 0.194697 0.031250 0.041667
0 0.231591 0.147028 0.031250 0.041667
0 0.196891 0.144224 0.031250 0.041667
0 0.206354 0.104967 0.031250 0.041667
0 0.222127 0.104967 0.031250 0.041667
0 0.281013 0.095153 0.031250 0.041667
0 0.273652 0.067112 0.031250 0.041667
0 0.264188 0.096555 0.031250 0.041667
0 0.316764 0.125998 0.031250 0.041667
0 0.338846 0.135812 0.031250 0.041667