0 0.239199 0.141776 0.031250 0.041667
0 0.308692 0.098070 0.031250 0.041667
0 0.340161 0.068349 0.031250 0.041667
0 0.346717 0.073594 0.031250 0.041667
0 0.244444 0.208209 0.031250 0.041667
0 0.281157 0.209958 0.031250 0.041667
0 0.220842 0.257161 0.031250 0.041667
0 0.266734 0.253664 0.031250 0.041667
0 0.441122 0.209958 0.031250 0.041667
0 0.450300 0.211706 0.031250 0.041667
0 0.425388 0.285133 0.031250 0.041667
0 0.126437 0.466951 0.031250 0.041667
0 0.178884 0.459958 0.031250 0.041667
0 0.239199 0.459958 0.031250 0.041667
0 0.017608 0.678489 0.031250 0.041667
0 0.041210 0.708209 0.031250 0.041667
0 0.033342 0.800867 0.031250 0.041667
0 0.106769 0.823594 0.031250 0.041667
0 0.207731 0.751916 0.031250 0.041667
0 0.395231 0.510657 0.031250 0.041667
0 0.414898 0.536881 0.031250 0.041667
0 0.456856 0.540377 0.031250 0.041667
0 0.526349 0.540377 0.031250 0.041667
0 0.578797 0.521147 0.031250 0.041667
0 0.597154 0.491426 0.031250 0.041667
0 0.549951 0.473944 0.031250 0.041667
0 0.610266 0.250168 0.031250 0.041667
0 0.606332 0.215203 0.031250 0.041667
0 0.645668 0.195972 0.031250 0.041667