0 0.314592 0.091077 0.031250 0.041667
0 0.449645 0.211706 0.031250 0.041667
0 0.226743 0.370797 0.031250 0.041667
0 0.264767 0.346321 0.031250 0.041667
0 0.082512 0.480937 0.031250 0.041667
0 0.117914 0.486182 0.031250 0.041667
0 0.014330 0.760657 0.031250 0.041667
0 0.085134 0.790377 0.031250 0.041667
0 0.254278 0.811356 0.031250 0.041667
0 0.302792 0.762405 0.031250 0.041667
0 0.426043 0.767650 0.031250 0.041667
0 0.474557 0.716951 0.031250 0.041667
0 0.537495 0.762405 0.031250 0.041667
0 0.385397 0.507161 0.031250 0.041667
0 0.406376 0.535133 0.031250 0.041667
0 0.605676 0.112056 0.031250 0.041667
0 0.622722 0.117300 0.031250 0.041667
0 0.621411 0.150517 0.031250 0.041667
0 0.723683 0.174993 0.031250 0.041667
0 0.749907 0.201216 0.031250 0.041667
0 0.777442 0.173244 0.031250 0.041667
0 0.705327 0.213454 0.031250 0.041667
0 0.561096 0.529888 0.031250 0.041667
0 0.549295 0.468699 0.031250 0.041667
0 0.580764 0.480937 0.031250 0.041667
0 0.506026 0.554363 0.031250 0.041667
0 0.711883 0.461706 0.031250 0.041667
0 0.723683 0.431986 0.031250 0.041667
0 0.765641 0.405762 0.031250 0.041667
0 0.667302 0.643524 0.031250 0.041667
0 0.718439 0.648769 0.031250 0.041667
0 0.849557 0.765902 0.031250 0.041667