0 0.188718 0.174993 0.031250 0.041667
0 0.212320 0.134783 0.031250 0.041667
0 0.230676 0.141776 0.031250 0.041667
0 0.309348 0.087580 0.031250 0.041667
0 0.441778 0.211706 0.031250 0.041667
0 0.457512 0.211706 0.031250 0.041667
0 0.270012 0.248419 0.031250 0.041667
0 0.235921 0.251916 0.031250 0.041667
0 0.309348 0.227440 0.031250 0.041667
0 0.302792 0.264154 0.031250 0.041667
0 0.334260 0.239678 0.031250 0.041667
0 0.182162 0.348070 0.031250 0.041667
0 0.259523 0.339328 0.031250 0.041667
0 0.085134 0.466951 0.031250 0.041667
0 0.367040 0.358559 0.031250 0.041667
0 0.393264 0.505412 0.031250 0.041667
0 0.406376 0.542126 0.031250 0.041667
0 0.306725 0.760657 0.031250 0.041667
0 0.356550 0.790377 0.031250 0.041667
0 0.423421 0.778140 0.031250 0.041667
0 0.402442 0.750168 0.031250 0.041667
0 0.445711 0.807860 0.031250 0.041667
0 0.511271 0.750168 0.031250 0.041667
0 0.555851 0.647021 0.031250 0.041667
0 0.634523 0.769398 0.031250 0.041667
0 0.765641 0.776391 0.031250 0.041667
0 0.795799 0.552615 0.031250 0.041667
0 0.739418 0.110307 0.031250 0.041667
0 0.776131 0.269398 0.031250 0.041667
0 0.804977 0.304363 0.031250 0.041667
0 0.841690 0.258909 0.031250 0.041667
0 0.554540 0.468699 0.031250 0.041667
0 0.578141 0.479189 0.031250 0.041667
0 0.547984 0.528140 0.031250 0.041667