0 0.198720 0.082437 0.031250 0.041667
0 0.279587 0.097236 0.031250 0.041667
0 0.287515 0.088780 0.031250 0.041667
0 0.297029 0.084551 0.031250 0.041667
0 0.333498 0.088780 0.031250 0.041667
0 0.344597 0.076095 0.031250 0.041667
0 0.227261 0.181803 0.031250 0.041667
0 0.165422 0.314995 0.031250 0.041667
0 0.022716 0.517955 0.031250 0.041667
0 0.193963 0.769541 0.031250 0.041667
0 0.447663 0.634234 0.031250 0.041667
0 0.549143 0.469329 0.031250 0.041667
0 0.620496 0.469329 0.031250 0.041667
0 0.880538 0.649033 0.031250 0.041667
0 0.712462 0.304424 0.031250 0.041667
0 0.777473 0.304424 0.031250 0.041667
0 0.793329 0.334023 0.031250 0.041667
0 0.845654 0.342479 0.031250 0.041667
0 0.449248 0.202944 0.031250 0.041667
0 0.463519 0.188145 0.031250 0.041667
0 0.457177 0.207173 0.031250 0.041667