0 0.031069 0.546216 0.031250 0.041667
0 0.108071 0.395634 0.031250 0.041667
0 0.478707 0.721439 0.031250 0.041667
0 0.389385 0.509255 0.031250 0.041667
0 0.416079 0.524313 0.031250 0.041667
0 0.452013 0.522944 0.031250 0.041667
0 0.480761 0.507886 0.031250 0.041667
0 0.511562 0.529789 0.031250 0.041667
0 0.554683 0.520207 0.031250 0.041667
0 0.562896 0.495566 0.031250 0.041667
0 0.547496 0.466819 0.031250 0.041667
0 0.639898 0.501042 0.031250 0.041667
0 0.694313 0.476401 0.031250 0.041667
0 0.790822 0.481877 0.031250 0.041667
0 0.819570 0.932253 0.031250 0.041667
0 0.641952 0.069830 0.031250 0.041667
0 0.346264 0.242315 0.031250 0.041667
0 0.317516 0.243684 0.031250 0.041667
0 0.266182 0.294334 0.031250 0.041667
0 0.226141 0.245053 0.031250 0.041667
0 0.223061 0.179344 0.031250 0.041667
0 0.221007 0.123218 0.031250 0.041667
0 0.198420 0.131432 0.031250 0.041667
0 0.187126 0.093102 0.031250 0.041667
0 0.271315 0.104053 0.031250 0.041667
0 0.293902 0.097209 0.031250 0.041667
0 0.250781 0.057510 0.031250 0.041667
0 0.228194 0.056141 0.031250 0.041667
0 0.321623 0.160179 0.031250 0.041667
0 0.444826 0.209461 0.031250 0.041667
0 0.557763 0.193033 0.031250 0.041667