0 0.067003 0.640672 0.031250 0.041667
0 0.040309 0.502411 0.031250 0.041667
0 0.174806 0.736497 0.031250 0.041667
0 0.360638 0.492828 0.031250 0.041667
0 0.380145 0.481877 0.031250 0.041667
0 0.448933 0.533896 0.031250 0.041667
0 0.498215 0.554430 0.031250 0.041667
0 0.495134 0.577701 0.031250 0.041667
0 0.477681 0.609187 0.031250 0.041667
0 0.545442 0.477770 0.031250 0.041667
0 0.755915 0.672157 0.031250 0.041667
0 0.771315 0.624245 0.031250 0.041667
0 0.715874 0.421644 0.031250 0.041667
0 0.729221 0.551692 0.031250 0.041667
0 0.792876 0.461343 0.031250 0.041667
0 0.781582 0.449023 0.031250 0.041667
0 0.793902 0.418906 0.031250 0.041667
0 0.750781 0.146490 0.031250 0.041667
0 0.692260 0.167024 0.031250 0.041667
0 0.553656 0.194402 0.031250 0.041667
0 0.434559 0.227257 0.031250 0.041667
0 0.443800 0.213567 0.031250 0.041667
0 0.448933 0.203985 0.031250 0.041667
0 0.325730 0.175237 0.031250 0.041667
0 0.257968 0.224519 0.031250 0.041667
0 0.228194 0.213567 0.031250 0.041667
0 0.234354 0.201247 0.031250 0.041667
0 0.221007 0.165655 0.031250 0.041667
0 0.243594 0.171131 0.031250 0.041667
0 0.278502 0.316237 0.031250 0.041667
0 0.277475 0.105422 0.031250 0.041667
0 0.292876 0.094471 0.031250 0.041667
0 0.207660 0.036976 0.031250 0.041667
0 0.189180 0.039714 0.031250 0.041667