0 0.222504 0.067638 0.031250 0.041667
0 0.270073 0.097236 0.031250 0.041667
0 0.284344 0.093008 0.031250 0.041667
0 0.298614 0.093008 0.031250 0.041667
0 0.335084 0.093008 0.031250 0.041667
0 0.352525 0.084551 0.031250 0.041667
0 0.260559 0.133177 0.031250 0.041667
0 0.230432 0.181803 0.031250 0.041667
0 0.343012 0.247342 0.031250 0.041667
0 0.377895 0.236771 0.031250 0.041667
0 0.461933 0.194488 0.031250 0.041667
0 0.214576 0.424932 0.031250 0.041667
0 0.258974 0.424932 0.031250 0.041667
0 0.255802 0.613092 0.031250 0.041667
0 0.056014 0.714572 0.031250 0.041667
0 0.281172 0.782226 0.031250 0.041667
0 0.545972 0.469329 0.031250 0.041667
0 0.617325 0.234657 0.031250 0.041667
0 0.642695 0.154319 0.031250 0.041667
0 0.715633 0.249456 0.031250 0.041667
0 0.799671 0.298082 0.031250 0.041667
0 0.845654 0.300196 0.031250 0.041667
0 0.228240 0.244211 0.031250 0.041667