0 0.003180 0.720491 0.031250 0.041667
0 0.167288 0.778073 0.031250 0.041667
0 0.471511 0.735847 0.031250 0.041667
0 0.408171 0.527273 0.031250 0.041667
0 0.401453 0.502961 0.031250 0.041667
0 0.420647 0.474810 0.031250 0.041667
0 0.506060 0.531112 0.031250 0.041667
0 0.555004 0.513198 0.031250 0.041667
0 0.564601 0.501681 0.031250 0.041667
0 0.544447 0.456896 0.031250 0.041667
0 0.825637 0.964893 0.031250 0.041667
0 0.914889 0.967452 0.031250 0.041667
0 0.801645 0.261118 0.031250 0.041667
0 0.703756 0.185623 0.031250 0.041667
0 0.665369 0.184343 0.031250 0.041667
0 0.623142 0.171547 0.031250 0.041667
0 0.621223 0.252161 0.031250 0.041667
0 0.622182 0.121643 0.031250 0.041667
0 0.739265 0.108847 0.031250 0.041667
0 0.449438 0.204816 0.031250 0.041667
0 0.300685 0.232967 0.031250 0.041667
0 0.269015 0.280312 0.031250 0.041667
0 0.262298 0.312302 0.031250 0.041667
0 0.212394 0.312302 0.031250 0.041667
0 0.277653 0.139557 0.031250 0.041667
0 0.294927 0.111406 0.031250 0.041667
0 0.269015 0.096051 0.031250 0.041667
0 0.263257 0.060223 0.031250 0.041667
0 0.198958 0.041029 0.031250 0.041667
0 0.228708 0.090933 0.031250 0.041667
0 0.315081 0.078137 0.031250 0.041667
0 0.291088 0.075578 0.031250 0.041667
0 0.346751 0.075578 0.031250 0.041667
0 0.361146 0.080696 0.031250 0.041667
0 0.291088 0.037190 0.031250 0.041667