0 0.190321 0.281592 0.031250 0.041667
0 0.229668 0.276474 0.031250 0.041667
0 0.300685 0.284151 0.031250 0.041667
0 0.452317 0.208655 0.031250 0.041667
0 0.409131 0.525994 0.031250 0.041667
0 0.399534 0.499122 0.031250 0.041667
0 0.419687 0.478649 0.031250 0.041667
0 0.506060 0.537510 0.031250 0.041667
0 0.556923 0.518316 0.031250 0.041667
0 0.579956 0.496563 0.031250 0.041667
0 0.540609 0.465853 0.031250 0.041667
0 0.280532 0.758879 0.031250 0.041667
0 0.203756 0.747363 0.031250 0.041667
0 0.747902 0.527273 0.031250 0.041667
0 0.766136 0.207376 0.031250 0.041667
0 0.665369 0.110127 0.031250 0.041667
0 0.277653 0.098610 0.031250 0.041667
0 0.222950 0.112686 0.031250 0.041667
0 0.227749 0.149794 0.031250 0.041667
0 0.208555 0.088374 0.031250 0.041667
0 0.308363 0.097331 0.031250 0.041667
0 0.182643 0.037190 0.031250 0.041667
0 0.343871 0.097331 0.031250 0.041667
0 0.359227 0.088374 0.031250 0.041667