0 0.263731 0.181803 0.031250 0.041667
0 0.287515 0.171232 0.031250 0.041667
0 0.290686 0.202944 0.031250 0.041667
0 0.276415 0.093008 0.031250 0.041667
0 0.293857 0.090894 0.031250 0.041667
0 0.338255 0.090894 0.031250 0.041667
0 0.355697 0.086665 0.031250 0.041667
0 0.369967 0.118378 0.031250 0.041667
0 0.425464 0.198716 0.031250 0.041667
0 0.458762 0.198716 0.031250 0.041667
0 0.652208 0.300196 0.031250 0.041667
0 0.714048 0.334023 0.031250 0.041667
0 0.523773 0.568695 0.031250 0.041667
0 0.639523 0.575037 0.031250 0.041667
0 0.549143 0.467215 0.031250 0.041667
0 0.198720 0.621549 0.031250 0.041667
0 0.224090 0.655376 0.031250 0.041667
0 0.051257 0.509498 0.031250 0.041667
0 0.273244 0.771655 0.031250 0.041667