0 0.209819 0.109921 0.031250 0.041667
0 0.228847 0.093008 0.031250 0.041667
0 0.246289 0.105693 0.031250 0.041667
0 0.235189 0.044382 0.031250 0.041667
0 0.279587 0.088780 0.031250 0.041667
0 0.338255 0.088780 0.031250 0.041667
0 0.346183 0.080323 0.031250 0.041667
0 0.327155 0.158547 0.031250 0.041667
0 0.381067 0.160661 0.031250 0.041667
0 0.463519 0.196602 0.031250 0.041667
0 0.143223 0.410133 0.031250 0.041667
0 0.205062 0.408018 0.031250 0.041667
0 0.192377 0.192374 0.031250 0.041667
0 0.216162 0.200830 0.031250 0.041667
0 0.019544 0.498928 0.031250 0.041667
0 0.255802 0.482014 0.031250 0.041667
0 0.230432 0.767426 0.031250 0.041667
0 0.680750 0.513727 0.031250 0.041667
0 0.728318 0.486243 0.031250 0.041667
0 0.671236 0.312881 0.031250 0.041667
0 0.642695 0.264255 0.031250 0.041667
0 0.620496 0.310767 0.031250 0.041667
0 0.721976 0.243114 0.031250 0.041667
0 0.767959 0.255799 0.031250 0.041667
0 0.552314 0.467215 0.031250 0.041667