0 0.323538 0.087475 0.031250 0.041667
0 0.335026 0.076534 0.031250 0.041667
0 0.385902 0.059029 0.031250 0.041667
0 0.444983 0.207825 0.031250 0.041667
0 0.449906 0.275659 0.031250 0.041667
0 0.315333 0.247212 0.031250 0.041667
0 0.543451 0.218766 0.031250 0.041667
0 0.717411 0.177190 0.031250 0.041667
0 0.735464 0.205637 0.031250 0.041667
0 0.769928 0.205637 0.031250 0.041667
0 0.830650 0.196884 0.031250 0.041667
0 0.548374 0.479160 0.031250 0.041667
0 0.504064 0.527300 0.031250 0.041667
0 0.390825 0.511983 0.031250 0.041667
0 0.407236 0.522924 0.031250 0.041667
0 0.459753 0.584193 0.031250 0.041667
0 0.444983 0.634521 0.031250 0.041667
0 0.502422 0.722048 0.031250 0.041667
0 0.595967 0.820517 0.031250 0.041667
0 0.975070 0.897103 0.031250 0.041667
0 0.517193 0.844587 0.031250 0.041667
0 0.428571 0.824893 0.031250 0.041667
0 0.420365 0.794258 0.031250 0.041667
0 0.226711 0.715484 0.031250 0.041667
0 0.192247 0.772376 0.031250 0.041667
0 0.157783 0.741742 0.031250 0.041667
0 0.059315 0.638897 0.031250 0.041667
0 0.110190 0.603886 0.031250 0.041667
0 0.097061 0.546994 0.031250 0.041667