0 0.707660 0.336771 0.031250 0.041667
0 0.702527 0.303916 0.031250 0.041667
0 0.677886 0.242315 0.031250 0.041667
0 0.647085 0.249159 0.031250 0.041667
0 0.651192 0.313499 0.031250 0.041667
0 0.612178 0.298441 0.031250 0.041667
0 0.783635 0.331295 0.031250 0.041667
0 0.816490 0.323081 0.031250 0.041667
0 0.848317 0.312130 0.031250 0.041667
0 0.883225 0.353198 0.031250 0.041667
0 0.873985 0.696798 0.031250 0.041667
0 0.749755 0.878865 0.031250 0.041667
0 0.597804 0.828215 0.031250 0.041667
0 0.520802 0.669419 0.031250 0.041667
0 0.516695 0.607818 0.031250 0.041667
0 0.529015 0.652992 0.031250 0.041667
0 0.507455 0.544847 0.031250 0.041667
0 0.457147 0.542109 0.031250 0.041667
0 0.546469 0.481877 0.031250 0.041667
0 0.258995 0.495566 0.031250 0.041667
0 0.311356 0.830953 0.031250 0.041667
0 0.206633 0.282014 0.031250 0.041667
0 0.178913 0.217674 0.031250 0.041667
0 0.262075 0.180713 0.031250 0.041667
0 0.278502 0.284751 0.031250 0.041667
0 0.264128 0.115005 0.031250 0.041667
0 0.278502 0.097209 0.031250 0.041667
0 0.289796 0.093102 0.031250 0.041667
0 0.217927 0.128694 0.031250 0.041667
0 0.199447 0.106791 0.031250 0.041667
0 0.444826 0.213567 0.031250 0.041667
0 0.452013 0.201247 0.031250 0.041667
0 0.356531 0.039714 0.031250 0.041667
0 0.677886 0.332664 0.031250 0.041667
0 0.552629 0.198509 0.031250 0.041667