0 0.731127 0.915088 0.031250 0.041667
0 0.864775 0.885738 0.031250 0.041667
0 0.944964 0.915088 0.031250 0.041667
0 0.762574 0.629972 0.031250 0.041667
0 0.852196 0.623683 0.031250 0.041667
0 0.674523 0.279868 0.031250 0.041667
0 0.632071 0.300832 0.031250 0.041667
0 0.729555 0.342761 0.031250 0.041667
0 0.778297 0.288253 0.031250 0.041667
0 0.817605 0.267289 0.031250 0.041667
0 0.855341 0.233746 0.031250 0.041667
0 0.882071 0.269385 0.031250 0.041667
0 0.617920 0.057645 0.031250 0.041667
0 0.647794 0.061838 0.031250 0.041667
0 0.611630 0.122635 0.031250 0.041667
0 0.275152 0.091188 0.031250 0.041667
0 0.358486 0.089092 0.031250 0.041667
0 0.334901 0.095381 0.031250 0.041667
0 0.218549 0.158274 0.031250 0.041667
0 0.234272 0.162467 0.031250 0.041667
0 0.251567 0.244228 0.031250 0.041667
0 0.360058 0.263096 0.031250 0.041667
0 0.404083 0.263096 0.031250 0.041667
0 0.422951 0.263096 0.031250 0.041667
0 0.438674 0.263096 0.031250 0.041667
0 0.100624 0.388882 0.031250 0.041667
0 0.185530 0.376304 0.031250 0.041667
0 0.331756 0.458065 0.031250 0.041667
0 0.378926 0.430811 0.031250 0.041667
0 0.366347 0.489511 0.031250 0.041667
0 0.408800 0.518861 0.031250 0.041667
0 0.218549 0.751566 0.031250 0.041667
0 0.029869 0.774627 0.031250 0.041667
0 0.325467 0.973788 0.031250 0.041667
0 0.407228 0.944438 0.031250 0.041667
0 0.547165 0.472740 0.031250 0.041667
0 0.297029 0.095122 0.031250 0.041667