0 0.539282 0.598235 0.031250 0.041667
0 0.505401 0.542109 0.031250 0.041667
0 0.452013 0.524313 0.031250 0.041667
0 0.466387 0.636565 0.031250 0.041667
0 0.177886 0.773458 0.031250 0.041667
0 0.450987 0.614662 0.031250 0.041667
0 0.542362 0.472294 0.031250 0.041667
0 0.362691 0.379207 0.031250 0.041667
0 0.334970 0.366887 0.031250 0.041667
0 0.350371 0.229994 0.031250 0.041667
0 0.437640 0.217674 0.031250 0.041667
0 0.445853 0.201247 0.031250 0.041667
0 0.196366 0.383314 0.031250 0.041667
0 0.176859 0.324450 0.031250 0.041667
0 0.212794 0.177975 0.031250 0.041667
0 0.254888 0.176606 0.031250 0.041667
0 0.225114 0.056141 0.031250 0.041667
0 0.181993 0.078044 0.031250 0.041667
0 0.277475 0.098578 0.031250 0.041667
0 0.296982 0.091733 0.031250 0.041667
0 0.620391 0.275169 0.031250 0.041667
0 0.655299 0.202616 0.031250 0.041667
0 0.680966 0.203985 0.031250 0.041667
0 0.550576 0.190296 0.031250 0.041667
0 0.697393 0.239577 0.031250 0.041667
0 0.681993 0.277907 0.031250 0.041667
0 0.716900 0.350460 0.031250 0.041667
0 0.736408 0.347722 0.031250 0.041667
0 0.765155 0.368256 0.031250 0.041667
0 0.790822 0.282014 0.031250 0.041667
0 0.748728 0.191665 0.031250 0.041667
0 0.782609 0.182082 0.031250 0.041667
0 0.838050 0.449023 0.031250 0.041667
0 0.872958 0.397003 0.031250 0.041667
0 0.923266 0.421644 0.031250 0.041667