0 0.185683 0.201260 0.031250 0.041667
0 0.185683 0.048088 0.031250 0.041667
0 0.312050 0.096228 0.031250 0.041667
0 0.316974 0.137803 0.031250 0.041667
0 0.371131 0.129050 0.031250 0.041667
0 0.233276 0.181567 0.031250 0.041667
0 0.438418 0.205637 0.031250 0.041667
0 0.453188 0.212201 0.031250 0.041667
0 0.545092 0.214390 0.031250 0.041667
0 0.627149 0.225331 0.031250 0.041667
0 0.694436 0.273471 0.031250 0.041667
0 0.735464 0.258153 0.031250 0.041667
0 0.554939 0.470407 0.031250 0.041667
0 0.505705 0.538241 0.031250 0.041667
0 0.422007 0.540429 0.031250 0.041667
0 0.379337 0.518547 0.031250 0.041667
0 0.440059 0.641085 0.031250 0.041667
0 0.449906 0.732989 0.031250 0.041667
0 0.405595 0.761436 0.031250 0.041667
0 0.382619 0.796446 0.031250 0.041667
0 0.305486 0.752683 0.031250 0.041667
0 0.239840 0.794258 0.031250 0.041667
0 0.251328 0.857716 0.031250 0.041667
0 0.315333 0.934302 0.031250 0.041667
0 0.374414 0.929926 0.031250 0.041667
0 0.031416 0.649838 0.031250 0.041667
0 0.021569 0.536053 0.031250 0.041667
0 0.074085 0.536053 0.031250 0.041667
0 0.126602 0.571064 0.031250 0.041667
0 0.123320 0.621392 0.031250 0.041667
0 0.034698 0.708919 0.031250 0.041667