0 0.273244 0.112035 0.031250 0.041667
0 0.279587 0.107807 0.031250 0.041667
0 0.278001 0.093008 0.031250 0.041667
0 0.290686 0.088780 0.031250 0.041667
0 0.333498 0.082437 0.031250 0.041667
0 0.355697 0.095122 0.031250 0.041667
0 0.433392 0.205059 0.031250 0.041667
0 0.457177 0.190259 0.031250 0.041667
0 0.298614 0.342479 0.031250 0.041667
0 0.141637 0.484128 0.031250 0.041667
0 0.078213 0.486243 0.031250 0.041667
0 0.189206 0.784340 0.031250 0.041667
0 0.736246 0.828737 0.031250 0.041667
0 0.809185 0.868906 0.031250 0.041667
0 0.696606 0.302310 0.031250 0.041667
0 0.596711 0.384763 0.031250 0.041667
0 0.550728 0.469329 0.031250 0.041667
0 0.771130 0.376306 0.031250 0.041667
0 0.752103 0.319223 0.031250 0.041667
0 0.780644 0.247342 0.031250 0.041667
0 0.813942 0.234657 0.031250 0.041667