0 0.561870 0.173868 0.031250 0.041667
0 0.622444 0.314868 0.031250 0.041667
0 0.669672 0.324450 0.031250 0.041667
0 0.547496 0.465450 0.031250 0.041667
0 0.503348 0.535265 0.031250 0.041667
0 0.490001 0.580439 0.031250 0.041667
0 0.472547 0.616031 0.031250 0.041667
0 0.442773 0.522944 0.031250 0.041667
0 0.378091 0.501042 0.031250 0.041667
0 0.377065 0.473663 0.031250 0.041667
0 0.213820 0.443547 0.031250 0.041667
0 0.164539 0.446285 0.031250 0.041667
0 0.145032 0.369625 0.031250 0.041667
0 0.250781 0.350460 0.031250 0.041667
0 0.272342 0.364149 0.031250 0.041667
0 0.214847 0.295703 0.031250 0.041667
0 0.232301 0.269693 0.031250 0.041667
0 0.234354 0.253266 0.031250 0.041667
0 0.242568 0.188927 0.031250 0.041667
0 0.189180 0.095840 0.031250 0.041667
0 0.224087 0.095840 0.031250 0.041667
0 0.262075 0.099947 0.031250 0.041667
0 0.272342 0.095840 0.031250 0.041667
0 0.283635 0.098578 0.031250 0.041667
0 0.293902 0.086257 0.031250 0.041667
0 0.292876 0.772089 0.031250 0.041667
0 0.838050 0.618769 0.031250 0.041667
0 0.850371 0.496935 0.031250 0.041667
0 0.909919 0.499673 0.031250 0.041667