0 0.313281 0.094573 0.031250 0.041667
0 0.340816 0.082335 0.031250 0.041667
0 0.347372 0.082335 0.031250 0.041667
0 0.264767 0.157510 0.031250 0.041667
0 0.374907 0.166251 0.031250 0.041667
0 0.444400 0.213454 0.031250 0.041667
0 0.453578 0.209958 0.031250 0.041667
0 0.183474 0.383035 0.031250 0.041667
0 0.073334 0.454713 0.031250 0.041667
0 0.053666 0.507161 0.031250 0.041667
0 0.110047 0.510657 0.031250 0.041667
0 0.145449 0.468699 0.031250 0.041667
0 0.389330 0.512405 0.031250 0.041667
0 0.408998 0.538629 0.031250 0.041667
0 0.452267 0.533384 0.031250 0.041667
0 0.530939 0.538629 0.031250 0.041667
0 0.568963 0.531636 0.031250 0.041667
0 0.589942 0.501916 0.031250 0.041667
0 0.547984 0.473944 0.031250 0.041667
0 0.572897 0.640028 0.031250 0.041667
0 0.440467 0.739678 0.031250 0.041667
0 0.432599 0.793874 0.031250 0.041667
0 0.403753 0.765902 0.031250 0.041667
0 0.349995 0.765902 0.031250 0.041667
0 0.321148 0.806112 0.031250 0.041667
0 0.276568 0.760657 0.031250 0.041667
0 0.549295 0.912755 0.031250 0.041667
0 0.852180 0.578839 0.031250 0.041667
0 0.613543 0.178489 0.031250 0.041667
0 0.672547 0.161007 0.031250 0.041667
0 0.745974 0.122545 0.031250 0.041667
0 0.766953 0.115552 0.031250 0.041667
0 0.764330 0.157510 0.031250 0.041667
0 0.778753 0.199468 0.031250 0.041667
0 0.799732 0.185482 0.031250 0.041667