0 0.310409 0.085287 0.031250 0.041667
0 0.197171 0.113733 0.031250 0.041667
0 0.264457 0.144368 0.031250 0.041667
0 0.289074 0.137803 0.031250 0.041667
0 0.264457 0.196884 0.031250 0.041667
0 0.257893 0.245024 0.031250 0.041667
0 0.223429 0.238460 0.031250 0.041667
0 0.443341 0.212201 0.031250 0.041667
0 0.451547 0.203449 0.031250 0.041667
0 0.548374 0.212201 0.031250 0.041667
0 0.504064 0.538241 0.031250 0.041667
0 0.554939 0.468219 0.031250 0.041667
0 0.581197 0.483536 0.031250 0.041667
0 0.561503 0.516359 0.031250 0.041667
0 0.402313 0.509794 0.031250 0.041667
0 0.413801 0.527300 0.031250 0.041667
0 0.266099 0.450713 0.031250 0.041667
0 0.113473 0.787694 0.031250 0.041667
0 0.233276 0.643274 0.031250 0.041667
0 0.279228 0.785506 0.031250 0.041667
0 0.335026 0.787694 0.031250 0.041667
0 0.399031 0.754871 0.031250 0.041667
0 0.423648 0.800823 0.031250 0.041667
0 0.484370 0.754871 0.031250 0.041667
0 0.568068 0.925549 0.031250 0.041667
0 0.627149 0.980254 0.031250 0.041667
0 0.746952 0.503230 0.031250 0.041667
0 0.827368 0.507606 0.031250 0.041667
0 0.827368 0.380692 0.031250 0.041667
0 0.889731 0.376315 0.031250 0.041667