0 0.333954 0.168030 0.031250 0.041667
0 0.328168 0.126885 0.031250 0.041667
0 0.298274 0.161601 0.031250 0.041667
0 0.229807 0.166744 0.031250 0.041667
0 0.211485 0.202745 0.031250 0.041667
0 0.203771 0.157744 0.031250 0.041667
0 0.180627 0.092170 0.031250 0.041667
0 0.210521 0.038168 0.031250 0.041667
0 0.193163 0.368608 0.031250 0.041667
0 0.215342 0.351893 0.031250 0.041667
0 0.254880 0.355751 0.031250 0.041667
0 0.258737 0.492041 0.031250 0.041667
0 0.207628 0.484327 0.031250 0.041667
0 0.089981 0.432896 0.031250 0.041667
0 0.198949 0.679762 0.031250 0.041667
0 0.316596 0.760765 0.031250 0.041667
0 0.274166 0.840482 0.031250 0.041667
0 0.510424 0.539614 0.031250 0.041667
0 0.416885 0.529328 0.031250 0.041667
0 0.396635 0.504899 0.031250 0.041667
0 0.414957 0.477898 0.031250 0.041667
0 0.542247 0.466326 0.031250 0.041667
0 0.684002 0.399467 0.031250 0.041667
0 0.791042 0.368608 0.031250 0.041667
0 0.848901 0.570473 0.031250 0.041667
0 0.922189 0.578187 0.031250 0.041667
0 0.832507 0.168030 0.031250 0.041667
0 0.449672 0.200174 0.031250 0.041667
0 0.394706 0.213031 0.031250 0.041667
0 0.370598 0.213031 0.031250 0.041667
0 0.361919 0.159029 0.031250 0.041667
0 0.285738 0.094741 0.031250 0.041667
0 0.308882 0.090884 0.031250 0.041667
0 0.348419 0.093456 0.031250 0.041667
0 0.351312 0.043311 0.031250 0.041667