0 0.093697 0.423013 0.031250 0.041667
0 0.180966 0.336771 0.031250 0.041667
0 0.200473 0.313499 0.031250 0.041667
0 0.197393 0.297072 0.031250 0.041667
0 0.230247 0.398372 0.031250 0.041667
0 0.276449 0.395634 0.031250 0.041667
0 0.274395 0.310761 0.031250 0.041667
0 0.305196 0.321712 0.031250 0.041667
0 0.265155 0.388790 0.031250 0.041667
0 0.375011 0.492828 0.031250 0.041667
0 0.379118 0.473663 0.031250 0.041667
0 0.443800 0.520207 0.031250 0.041667
0 0.511562 0.540741 0.031250 0.041667
0 0.543389 0.468187 0.031250 0.041667
0 0.486921 0.581808 0.031250 0.041667
0 0.478707 0.614662 0.031250 0.041667
0 0.238461 0.769351 0.031250 0.041667
0 0.912999 0.714594 0.031250 0.041667
0 0.852424 0.558537 0.031250 0.041667
0 0.904785 0.564012 0.031250 0.041667
0 0.697393 0.373732 0.031250 0.041667
0 0.642978 0.373732 0.031250 0.041667
0 0.438666 0.213567 0.031250 0.041667
0 0.452013 0.203985 0.031250 0.041667
0 0.243594 0.212198 0.031250 0.041667
0 0.210740 0.088995 0.031250 0.041667
0 0.184046 0.087626 0.031250 0.041667
0 0.274395 0.106791 0.031250 0.041667
0 0.296982 0.104053 0.031250 0.041667
0 0.289796 0.091733 0.031250 0.041667
0 0.364744 0.079413 0.031250 0.041667
0 0.568030 0.197140 0.031250 0.041667