0 0.271979 0.092825 0.031250 0.041667
0 0.278535 0.101566 0.031250 0.041667
0 0.300825 0.092825 0.031250 0.041667
0 0.350650 0.084084 0.031250 0.041667
0 0.342783 0.084084 0.031250 0.041667
0 0.222154 0.133035 0.031250 0.041667
0 0.236577 0.133035 0.031250 0.041667
0 0.254933 0.136531 0.031250 0.041667
0 0.256245 0.239678 0.031250 0.041667
0 0.206419 0.185482 0.031250 0.041667
0 0.261489 0.293874 0.031250 0.041667
0 0.325738 0.190727 0.031250 0.041667
0 0.304759 0.356811 0.031250 0.041667
0 0.439811 0.211706 0.031250 0.041667
0 0.451612 0.213454 0.031250 0.041667
0 0.611577 0.168000 0.031250 0.041667
0 0.711227 0.201216 0.031250 0.041667
0 0.829234 0.355063 0.031250 0.041667
0 0.763675 0.381286 0.031250 0.041667
0 0.771542 0.543874 0.031250 0.041667
0 0.703360 0.542126 0.031250 0.041667
0 0.587975 0.493175 0.031250 0.041667
0 0.548640 0.461706 0.031250 0.041667
0 0.569619 0.517650 0.031250 0.041667
0 0.519793 0.538629 0.031250 0.041667
0 0.463412 0.536881 0.031250 0.041667
0 0.396542 0.529888 0.031250 0.041667
0 0.388675 0.508909 0.031250 0.041667
0 0.218220 0.711706 0.031250 0.041667
0 0.194619 0.743175 0.031250 0.041667
0 0.132993 0.916251 0.031250 0.041667
0 0.253622 0.907510 0.031250 0.041667