0 0.364025 0.212494 0.031250 0.041667
0 0.373622 0.208655 0.031250 0.041667
0 0.448478 0.209935 0.031250 0.041667
0 0.300685 0.314861 0.031250 0.041667
0 0.231587 0.390357 0.031250 0.041667
0 0.242144 0.300786 0.031250 0.041667
0 0.196079 0.430024 0.031250 0.041667
0 0.404332 0.532392 0.031250 0.041667
0 0.394735 0.502961 0.031250 0.041667
0 0.412969 0.479928 0.031250 0.041667
0 0.506060 0.537510 0.031250 0.041667
0 0.543488 0.517037 0.031250 0.041667
0 0.560762 0.494004 0.031250 0.041667
0 0.546367 0.467133 0.031250 0.041667
0 0.639457 0.303345 0.031250 0.041667
0 0.686482 0.312302 0.031250 0.041667
0 0.616424 0.204816 0.031250 0.041667
0 0.676885 0.181784 0.031250 0.041667
0 0.721990 0.153633 0.031250 0.041667
0 0.792048 0.323818 0.031250 0.041667
0 0.882259 0.392916 0.031250 0.041667
0 0.885138 0.534951 0.031250 0.041667
0 0.284371 0.751202 0.031250 0.041667
0 0.341952 0.148514 0.031250 0.041667
0 0.363065 0.148514 0.031250 0.041667
0 0.333315 0.096051 0.031250 0.041667
0 0.309323 0.096051 0.031250 0.041667
0 0.360186 0.079417 0.031250 0.041667