0 0.165566 0.583177 0.031250 0.041667
0 0.117311 0.583177 0.031250 0.041667
0 0.008481 0.633827 0.031250 0.041667
0 0.078297 0.465450 0.031250 0.041667
0 0.222034 0.325819 0.031250 0.041667
0 0.243594 0.231363 0.031250 0.041667
0 0.196366 0.110898 0.031250 0.041667
0 0.218954 0.094471 0.031250 0.041667
0 0.272342 0.098578 0.031250 0.041667
0 0.295956 0.095840 0.031250 0.041667
0 0.348317 0.060248 0.031250 0.041667
0 0.381171 0.194402 0.031250 0.041667
0 0.415052 0.202616 0.031250 0.041667
0 0.439693 0.224519 0.031250 0.041667
0 0.449960 0.205354 0.031250 0.041667
0 0.436613 0.381945 0.031250 0.041667
0 0.383225 0.479139 0.031250 0.041667
0 0.393492 0.502411 0.031250 0.041667
0 0.447907 0.529789 0.031250 0.041667
0 0.507455 0.547585 0.031250 0.041667
0 0.545442 0.485983 0.031250 0.041667
0 0.515668 0.618769 0.031250 0.041667
0 0.695340 0.631090 0.031250 0.041667
0 0.785689 0.543478 0.031250 0.041667
0 0.828810 0.399741 0.031250 0.041667
0 0.860638 0.386052 0.031250 0.041667
0 0.657352 0.376469 0.031250 0.041667
0 0.672753 0.151966 0.031250 0.041667
0 0.663512 0.138276 0.031250 0.041667
0 0.689180 0.134170 0.031250 0.041667
0 0.556736 0.184820 0.031250 0.041667
0 0.711767 0.101315 0.031250 0.041667
0 0.708687 0.093102 0.031250 0.041667
0 0.368851 0.084888 0.031250 0.041667