0 0.197134 0.071866 0.031250 0.041667
0 0.222504 0.073980 0.031250 0.041667
0 0.274830 0.099350 0.031250 0.041667
0 0.285929 0.088780 0.031250 0.041667
0 0.293857 0.093008 0.031250 0.041667
0 0.333498 0.086665 0.031250 0.041667
0 0.355697 0.090894 0.031250 0.041667
0 0.425464 0.211401 0.031250 0.041667
0 0.457177 0.196602 0.031250 0.041667
0 0.238361 0.236771 0.031250 0.041667
0 0.268487 0.236771 0.031250 0.041667
0 0.552314 0.462987 0.031250 0.041667
0 0.626838 0.302310 0.031250 0.041667
0 0.742589 0.382648 0.031250 0.041667
0 0.794914 0.363621 0.031250 0.041667
0 0.663308 0.623663 0.031250 0.041667
0 0.564999 0.619435 0.031250 0.041667
0 0.192377 0.763198 0.031250 0.041667
0 0.090898 0.570809 0.031250 0.041667
0 0.040158 0.551782 0.031250 0.041667