0 0.274830 0.101464 0.031250 0.041667
0 0.285929 0.093008 0.031250 0.041667
0 0.292272 0.088780 0.031250 0.041667
0 0.335084 0.093008 0.031250 0.041667
0 0.341426 0.078209 0.031250 0.041667
0 0.198720 0.135291 0.031250 0.041667
0 0.197134 0.099350 0.031250 0.041667
0 0.225676 0.152204 0.031250 0.041667
0 0.247874 0.160661 0.031250 0.041667
0 0.203477 0.247342 0.031250 0.041667
0 0.228847 0.226200 0.031250 0.041667
0 0.276415 0.211401 0.031250 0.041667
0 0.309714 0.196602 0.031250 0.041667
0 0.444492 0.202944 0.031250 0.041667
0 0.461933 0.219858 0.031250 0.041667
0 0.463519 0.192374 0.031250 0.041667
0 0.574513 0.183917 0.031250 0.041667
0 0.725147 0.124720 0.031250 0.041667
0 0.742589 0.120492 0.031250 0.041667
0 0.549143 0.469329 0.031250 0.041667
0 0.449248 0.752627 0.031250 0.041667
0 0.790158 0.560238 0.031250 0.041667
0 0.820284 0.558124 0.031250 0.041667