0 0.194964 0.227457 0.031250 0.041667
0 0.242133 0.198107 0.031250 0.041667
0 0.232699 0.131021 0.031250 0.041667
0 0.268863 0.143599 0.031250 0.041667
0 0.279869 0.091188 0.031250 0.041667
0 0.333328 0.095381 0.031250 0.041667
0 0.356913 0.082803 0.031250 0.041667
0 0.245278 0.246325 0.031250 0.041667
0 0.305027 0.275675 0.031250 0.041667
0 0.451253 0.198107 0.031250 0.041667
0 0.018863 0.581754 0.031250 0.041667
0 0.342762 0.466450 0.031250 0.041667
0 0.394649 0.432907 0.031250 0.041667
0 0.426096 0.512572 0.031250 0.041667
0 0.268863 0.816555 0.031250 0.041667
0 0.558171 0.590140 0.031250 0.041667
0 0.613203 0.564983 0.031250 0.041667
0 0.698108 0.575465 0.031250 0.041667
0 0.767291 0.479029 0.031250 0.041667
0 0.850624 0.447583 0.031250 0.041667
0 0.891505 0.273578 0.031250 0.041667
0 0.883643 0.290350 0.031250 0.041667
0 0.734272 0.221167 0.031250 0.041667
0 0.599052 0.172949 0.031250 0.041667
0 0.635215 0.160371 0.031250 0.041667
0 0.696536 0.078610 0.031250 0.041667
0 0.740561 0.093285 0.031250 0.041667
0 0.548737 0.472740 0.031250 0.041667