0 0.186752 0.110307 0.031250 0.041667
0 0.205108 0.126042 0.031250 0.041667
0 0.266734 0.098070 0.031250 0.041667
0 0.278535 0.096321 0.031250 0.041667
0 0.306070 0.098070 0.031250 0.041667
0 0.341472 0.078839 0.031250 0.041667
0 0.350650 0.078839 0.031250 0.041667
0 0.401786 0.183734 0.031250 0.041667
0 0.274601 0.199468 0.031250 0.041667
0 0.292958 0.194223 0.031250 0.041667
0 0.233954 0.201216 0.031250 0.041667
0 0.298203 0.213454 0.031250 0.041667
0 0.317870 0.213454 0.031250 0.041667
0 0.333605 0.225692 0.031250 0.041667
0 0.441122 0.202965 0.031250 0.041667
0 0.450300 0.211706 0.031250 0.041667
0 0.161839 0.321846 0.031250 0.041667
0 0.180196 0.369049 0.031250 0.041667
0 0.218220 0.365552 0.031250 0.041667
0 0.379496 0.508909 0.031250 0.041667
0 0.397853 0.524643 0.031250 0.041667
0 0.459479 0.528140 0.031250 0.041667
0 0.521105 0.538629 0.031250 0.041667
0 0.572241 0.514154 0.031250 0.041667
0 0.598465 0.514154 0.031250 0.041667
0 0.552573 0.465203 0.031250 0.041667
0 0.296891 0.750168 0.031250 0.041667
0 0.838412 0.736182 0.031250 0.041667
0 0.917084 0.748419 0.031250 0.041667
0 0.740073 0.489678 0.031250 0.041667
0 0.733517 0.285133 0.031250 0.041667
0 0.667958 0.260657 0.031250 0.041667
0 0.643045 0.260657 0.031250 0.041667
0 0.623377 0.260657 0.031250 0.041667