0 0.245983 0.307184 0.031250 0.041667
0 0.243104 0.238086 0.031250 0.041667
0 0.260378 0.135719 0.031250 0.041667
0 0.301645 0.170268 0.031250 0.041667
0 0.297806 0.126761 0.031250 0.041667
0 0.315081 0.083255 0.031250 0.041667
0 0.340033 0.083255 0.031250 0.041667
0 0.353468 0.088374 0.031250 0.041667
0 0.299726 0.092212 0.031250 0.041667
0 0.222950 0.067900 0.031250 0.041667
0 0.206635 0.073019 0.031250 0.041667
0 0.359227 0.198419 0.031250 0.041667
0 0.448478 0.208655 0.031250 0.041667
0 0.228708 0.824138 0.031250 0.041667
0 0.494543 0.865085 0.031250 0.041667
0 0.506060 0.538790 0.031250 0.041667
0 0.398574 0.511918 0.031250 0.041667
0 0.411050 0.499122 0.031250 0.041667
0 0.419687 0.476090 0.031250 0.041667
0 0.554044 0.520875 0.031250 0.041667
0 0.553085 0.491445 0.031250 0.041667
0 0.536770 0.474810 0.031250 0.041667
0 0.615465 0.163870 0.031250 0.041667
0 0.591472 0.153633 0.031250 0.041667
0 0.688401 0.157472 0.031250 0.041667
0 0.744063 0.136998 0.031250 0.041667