0 0.188478 0.458280 0.031250 0.041667
0 0.414556 0.477908 0.031250 0.041667
0 0.393526 0.507351 0.031250 0.041667
0 0.415608 0.528381 0.031250 0.041667
0 0.512348 0.533989 0.031250 0.041667
0 0.557564 0.525577 0.031250 0.041667
0 0.568079 0.507351 0.031250 0.041667
0 0.547048 0.470898 0.031250 0.041667
0 0.434535 0.752707 0.031250 0.041667
0 0.389320 0.790561 0.031250 0.041667
0 0.338846 0.759717 0.031250 0.041667
0 0.478699 0.640544 0.031250 0.041667
0 0.737374 0.458280 0.031250 0.041667
0 0.773126 0.393786 0.031250 0.041667
0 0.620655 0.152636 0.031250 0.041667
0 0.635376 0.137214 0.031250 0.041667
0 0.678489 0.082535 0.031250 0.041667
0 0.713189 0.140018 0.031250 0.041667
0 0.731065 0.131606 0.031250 0.041667
0 0.783641 0.168059 0.031250 0.041667
0 0.815187 0.184883 0.031250 0.041667
0 0.820445 0.175069 0.031250 0.041667
0 0.454514 0.204512 0.031250 0.041667
0 0.319919 0.250779 0.031250 0.041667
0 0.268394 0.239563 0.031250 0.041667
0 0.218973 0.116184 0.031250 0.041667
0 0.220024 0.062906 0.031250 0.041667
0 0.277858 0.114782 0.031250 0.041667
0 0.283116 0.096555 0.031250 0.041667
0 0.291528 0.092349 0.031250 0.041667
0 0.283116 0.067112 0.031250 0.041667
0 0.357774 0.041876 0.031250 0.041667