0 0.306725 0.091077 0.031250 0.041667
0 0.284435 0.183734 0.031250 0.041667
0 0.327704 0.164503 0.031250 0.041667
0 0.448334 0.206461 0.031250 0.041667
0 0.195274 0.290377 0.031250 0.041667
0 0.201830 0.438979 0.031250 0.041667
0 0.146760 0.438979 0.031250 0.041667
0 0.272634 0.575342 0.031250 0.041667
0 0.390641 0.505412 0.031250 0.041667
0 0.407687 0.522895 0.031250 0.041667
0 0.557162 0.521147 0.031250 0.041667
0 0.583386 0.489678 0.031250 0.041667
0 0.549295 0.466951 0.031250 0.041667
0 0.271323 0.758909 0.031250 0.041667
0 0.301481 0.797370 0.031250 0.041667
0 0.356550 0.776391 0.031250 0.041667
0 0.431288 0.729189 0.031250 0.041667
0 0.453578 0.736182 0.031250 0.041667
0 0.468002 0.772895 0.031250 0.041667
0 0.512582 0.877790 0.031250 0.041667
0 0.673858 0.963454 0.031250 0.041667
0 0.738106 0.559608 0.031250 0.041667
0 0.853491 0.605063 0.031250 0.041667
0 0.930851 0.589328 0.031250 0.041667
0 0.658124 0.178489 0.031250 0.041667
0 0.579453 0.178489 0.031250 0.041667