0 0.170699 0.440809 0.031250 0.041667
0 0.227167 0.436702 0.031250 0.041667
0 0.218954 0.767982 0.031250 0.041667
0 0.363718 0.499673 0.031250 0.041667
0 0.386305 0.480508 0.031250 0.041667
0 0.448933 0.531158 0.031250 0.041667
0 0.499241 0.540741 0.031250 0.041667
0 0.490001 0.590022 0.031250 0.041667
0 0.478707 0.622876 0.031250 0.041667
0 0.549549 0.475032 0.031250 0.041667
0 0.740514 0.424382 0.031250 0.041667
0 0.796982 0.466819 0.031250 0.041667
0 0.777475 0.495566 0.031250 0.041667
0 0.834970 0.355936 0.031250 0.041667
0 0.733327 0.336771 0.031250 0.041667
0 0.440720 0.214936 0.031250 0.041667
0 0.448933 0.208092 0.031250 0.041667
0 0.372958 0.201247 0.031250 0.041667
0 0.295956 0.221781 0.031250 0.041667
0 0.272342 0.231363 0.031250 0.041667
0 0.302116 0.113636 0.031250 0.041667
0 0.291849 0.094471 0.031250 0.041667
0 0.272342 0.105422 0.031250 0.041667
0 0.213820 0.116374 0.031250 0.041667
0 0.209713 0.094471 0.031250 0.041667
0 0.550576 0.186189 0.031250 0.041667