0 0.443886 0.647618 0.031250 0.041667
0 0.442922 0.585902 0.031250 0.041667
0 0.410135 0.525471 0.031250 0.041667
0 0.393742 0.504899 0.031250 0.041667
0 0.502710 0.537043 0.031250 0.041667
0 0.548033 0.472755 0.031250 0.041667
0 0.603964 0.533186 0.031250 0.041667
0 0.290559 0.785195 0.031250 0.041667
0 0.256808 0.753051 0.031250 0.041667
0 0.359991 0.795481 0.031250 0.041667
0 0.109267 0.832768 0.031250 0.041667
0 0.031157 0.858483 0.031250 0.041667
0 0.006085 0.555044 0.031250 0.041667
0 0.046586 0.562758 0.031250 0.041667
0 0.108303 0.539614 0.031250 0.041667
0 0.162305 0.341607 0.031250 0.041667
0 0.242343 0.305606 0.031250 0.041667
0 0.285738 0.283748 0.031250 0.041667
0 0.237522 0.133314 0.031250 0.041667
0 0.285738 0.097313 0.031250 0.041667
0 0.307917 0.094741 0.031250 0.041667
0 0.338775 0.099884 0.031250 0.041667
0 0.369634 0.292749 0.031250 0.041667
0 0.447744 0.206603 0.031250 0.041667
0 0.607821 0.152601 0.031250 0.041667
0 0.688824 0.179602 0.031250 0.041667
0 0.723539 0.234889 0.031250 0.041667
0 0.774648 0.179602 0.031250 0.041667
0 0.787184 0.178316 0.031250 0.041667