0 0.196366 0.105422 0.031250 0.041667
0 0.244621 0.080782 0.031250 0.041667
0 0.278502 0.094471 0.031250 0.041667
0 0.291849 0.094471 0.031250 0.041667
0 0.313410 0.183451 0.031250 0.041667
0 0.276449 0.214936 0.031250 0.041667
0 0.232301 0.212198 0.031250 0.041667
0 0.343184 0.269693 0.031250 0.041667
0 0.384251 0.301179 0.031250 0.041667
0 0.432506 0.301179 0.031250 0.041667
0 0.449960 0.203985 0.031250 0.041667
0 0.445853 0.228626 0.031250 0.041667
0 0.606017 0.266955 0.031250 0.041667
0 0.552629 0.191665 0.031250 0.041667
0 0.642978 0.261480 0.031250 0.041667
0 0.692260 0.254635 0.031250 0.041667
0 0.690206 0.305285 0.031250 0.041667
0 0.677886 0.316237 0.031250 0.041667
0 0.729221 0.190296 0.031250 0.041667
0 0.762075 0.253266 0.031250 0.041667
0 0.814436 0.234101 0.031250 0.041667
0 0.804169 0.197140 0.031250 0.041667
0 0.841130 0.386052 0.031250 0.041667
0 0.886305 0.381945 0.031250 0.041667
0 0.731274 0.416168 0.031250 0.041667
0 0.755915 0.505148 0.031250 0.041667
0 0.706633 0.495566 0.031250 0.041667
0 0.901705 0.624245 0.031250 0.041667
0 0.508481 0.646148 0.031250 0.041667
0 0.510535 0.592760 0.031250 0.041667
0 0.505401 0.542109 0.031250 0.041667
0 0.453040 0.518838 0.031250 0.041667
0 0.545442 0.472294 0.031250 0.041667
0 0.214847 0.767982 0.031250 0.041667
0 0.094724 0.423013 0.031250 0.041667
0 0.523882 0.643410 0.031250 0.041667