0 0.016695 0.531158 0.031250 0.041667
0 0.038256 0.539372 0.031250 0.041667
0 0.008481 0.644779 0.031250 0.041667
0 0.186100 0.874758 0.031250 0.041667
0 0.234354 0.861069 0.031250 0.041667
0 0.137845 0.465450 0.031250 0.041667
0 0.201500 0.413430 0.031250 0.041667
0 0.185073 0.327188 0.031250 0.041667
0 0.383225 0.473663 0.031250 0.041667
0 0.396572 0.487352 0.031250 0.041667
0 0.444826 0.517469 0.031250 0.041667
0 0.498215 0.543478 0.031250 0.041667
0 0.476654 0.603711 0.031250 0.041667
0 0.547496 0.470925 0.031250 0.041667
0 0.564950 0.405217 0.031250 0.041667
0 0.718954 0.591391 0.031250 0.041667
0 0.816490 0.309392 0.031250 0.041667
0 0.757968 0.121849 0.031250 0.041667
0 0.853451 0.295703 0.031250 0.041667
0 0.730247 0.113636 0.031250 0.041667
0 0.731274 0.094471 0.031250 0.041667
0 0.742568 0.101315 0.031250 0.041667
0 0.731274 0.164286 0.031250 0.041667
0 0.691233 0.165655 0.031250 0.041667
0 0.553656 0.197140 0.031250 0.041667
0 0.309303 0.172500 0.031250 0.041667
0 0.438666 0.214936 0.031250 0.041667
0 0.452013 0.208092 0.031250 0.041667
0 0.237434 0.188927 0.031250 0.041667
0 0.219980 0.157441 0.031250 0.041667
0 0.239488 0.141014 0.031250 0.041667
0 0.280555 0.124587 0.031250 0.041667
0 0.279529 0.102684 0.031250 0.041667
0 0.290822 0.102684 0.031250 0.041667
0 0.357557 0.075306 0.031250 0.041667
0 0.351397 0.057510 0.031250 0.041667