0 0.136268 0.488184 0.031250 0.041667
0 0.089017 0.714478 0.031250 0.041667
0 0.270309 0.760765 0.031250 0.041667
0 0.333954 0.796767 0.031250 0.041667
0 0.303096 0.929200 0.031250 0.041667
0 0.423636 0.961344 0.031250 0.041667
0 0.447744 0.726050 0.031250 0.041667
0 0.446779 0.580759 0.031250 0.041667
0 0.410135 0.529328 0.031250 0.041667
0 0.392777 0.499756 0.031250 0.041667
0 0.442922 0.642475 0.031250 0.041667
0 0.497888 0.537043 0.031250 0.041667
0 0.597213 0.513899 0.031250 0.041667
0 0.549962 0.467612 0.031250 0.041667
0 0.659894 0.166744 0.031250 0.041667
0 0.703288 0.173173 0.031250 0.041667
0 0.709074 0.115314 0.031250 0.041667
0 0.275130 0.168030 0.031250 0.041667
0 0.249094 0.222032 0.031250 0.041667
0 0.225950 0.168030 0.031250 0.041667
0 0.189306 0.187316 0.031250 0.041667
0 0.196056 0.187316 0.031250 0.041667
0 0.245236 0.105028 0.031250 0.041667
0 0.286702 0.098599 0.031250 0.041667
0 0.308882 0.090884 0.031250 0.041667
0 0.338775 0.094741 0.031250 0.041667
0 0.367705 0.043311 0.031250 0.041667
0 0.391813 0.040740 0.031250 0.041667
0 0.445815 0.206603 0.031250 0.041667