0 0.020234 0.651760 0.031250 0.041667
0 0.013925 0.780747 0.031250 0.041667
0 0.101202 0.648956 0.031250 0.041667
0 0.474493 0.745696 0.031250 0.041667
0 0.414556 0.489124 0.031250 0.041667
0 0.398783 0.510155 0.031250 0.041667
0 0.409299 0.525577 0.031250 0.041667
0 0.507090 0.533989 0.031250 0.041667
0 0.557564 0.517165 0.031250 0.041667
0 0.561770 0.494733 0.031250 0.041667
0 0.543894 0.468094 0.031250 0.041667
0 0.703726 0.699429 0.031250 0.041667
0 0.663768 0.403600 0.031250 0.041667
0 0.738426 0.397992 0.031250 0.041667
0 0.716344 0.312468 0.031250 0.041667
0 0.733168 0.297046 0.031250 0.041667
0 0.660613 0.316674 0.031250 0.041667
0 0.662716 0.197502 0.031250 0.041667
0 0.698468 0.184883 0.031250 0.041667
0 0.773126 0.228346 0.031250 0.041667
0 0.820445 0.225542 0.031250 0.041667
0 0.853042 0.284428 0.031250 0.041667
0 0.347259 0.261995 0.031250 0.041667
0 0.354619 0.170863 0.031250 0.041667
0 0.311507 0.162451 0.031250 0.041667
0 0.277858 0.169461 0.031250 0.041667
0 0.246312 0.165255 0.031250 0.041667
0 0.247364 0.210120 0.031250 0.041667
0 0.211612 0.211522 0.031250 0.041667
0 0.189530 0.200306 0.031250 0.041667
0 0.448205 0.208718 0.031250 0.041667
0 0.248415 0.125998 0.031250 0.041667
0 0.272600 0.130204 0.031250 0.041667
0 0.225282 0.065710 0.031250 0.041667
0 0.281013 0.095153 0.031250 0.041667
0 0.295734 0.092349 0.031250 0.041667
0 0.331486 0.090947 0.031250 0.041667
0 0.357774 0.090947 0.031250 0.041667
0 0.370392 0.082535 0.031250 0.041667