0 0.055027 0.523054 0.031250 0.041667
0 0.188674 0.277771 0.031250 0.041667
0 0.242133 0.206492 0.031250 0.041667
0 0.278297 0.216975 0.031250 0.041667
0 0.210687 0.336471 0.031250 0.041667
0 0.446536 0.225360 0.031250 0.041667
0 0.187102 0.095381 0.031250 0.041667
0 0.275152 0.089092 0.031250 0.041667
0 0.289303 0.095381 0.031250 0.041667
0 0.334901 0.103767 0.031250 0.041667
0 0.358486 0.084899 0.031250 0.041667
0 0.372637 0.432907 0.031250 0.041667
0 0.421379 0.506283 0.031250 0.041667
0 0.389932 0.531440 0.031250 0.041667
0 0.374209 0.468547 0.031250 0.041667
0 0.223266 0.778819 0.031250 0.041667
0 0.669806 0.755759 0.031250 0.041667
0 0.745278 0.728505 0.031250 0.041667
0 0.823894 0.764144 0.031250 0.041667
0 0.806599 0.328086 0.031250 0.041667
0 0.761001 0.351146 0.031250 0.041667
0 0.886788 0.271482 0.031250 0.041667
0 0.878926 0.279868 0.031250 0.041667
0 0.738989 0.286157 0.031250 0.041667
0 0.668234 0.235843 0.031250 0.041667
0 0.647794 0.200203 0.031250 0.041667
0 0.613203 0.244228 0.031250 0.041667
0 0.663517 0.078610 0.031250 0.041667
0 0.698108 0.078610 0.031250 0.041667
0 0.545593 0.472740 0.031250 0.041667
0 0.376310 0.088780 0.031250 0.041667