0 0.365135 0.448465 0.031250 0.041667
0 0.391423 0.510155 0.031250 0.041667
0 0.404041 0.521371 0.031250 0.041667
0 0.507090 0.531185 0.031250 0.041667
0 0.554409 0.524175 0.031250 0.041667
0 0.563873 0.503145 0.031250 0.041667
0 0.543894 0.470898 0.031250 0.041667
0 0.446102 0.696625 0.031250 0.041667
0 0.417711 0.761119 0.031250 0.041667
0 0.372495 0.810190 0.031250 0.041667
0 0.305198 0.777943 0.031250 0.041667
0 0.099099 0.442857 0.031250 0.041667
0 0.149572 0.431641 0.031250 0.041667
0 0.268394 0.322282 0.031250 0.041667
0 0.216870 0.198904 0.031250 0.041667
0 0.257879 0.162451 0.031250 0.041667
0 0.330434 0.191893 0.031250 0.041667
0 0.273652 0.118988 0.031250 0.041667
0 0.267343 0.109173 0.031250 0.041667
0 0.288373 0.093751 0.031250 0.041667
0 0.286270 0.071319 0.031250 0.041667
0 0.278910 0.099359 0.031250 0.041667
0 0.198994 0.082535 0.031250 0.041667
0 0.223179 0.069917 0.031250 0.041667
0 0.679540 0.092349 0.031250 0.041667
0 0.707932 0.182079 0.031250 0.041667
0 0.724756 0.165255 0.031250 0.041667
0 0.707932 0.222738 0.031250 0.041667
0 0.768920 0.224140 0.031250 0.041667
0 0.791002 0.221336 0.031250 0.041667
0 0.754199 0.179275 0.031250 0.041667
0 0.768920 0.156843 0.031250 0.041667
0 0.666922 0.332097 0.031250 0.041667
0 0.602779 0.372756 0.031250 0.041667
0 0.453463 0.198904 0.031250 0.041667
0 0.257879 0.040474 0.031250 0.041667