0 0.218235 0.236175 0.031250 0.041667
0 0.261630 0.236175 0.031250 0.041667
0 0.298274 0.219460 0.031250 0.041667
0 0.317560 0.282462 0.031250 0.041667
0 0.255844 0.326178 0.031250 0.041667
0 0.049479 0.525471 0.031250 0.041667
0 0.321418 0.795481 0.031250 0.041667
0 0.333954 0.781337 0.031250 0.041667
0 0.365776 0.783909 0.031250 0.041667
0 0.443886 0.647618 0.031250 0.041667
0 0.403385 0.524185 0.031250 0.041667
0 0.394706 0.502327 0.031250 0.041667
0 0.505603 0.530614 0.031250 0.041667
0 0.543211 0.466326 0.031250 0.041667
0 0.654108 0.243890 0.031250 0.041667
0 0.693645 0.261890 0.031250 0.041667
0 0.727396 0.210460 0.031250 0.041667
0 0.766934 0.198888 0.031250 0.041667
0 0.593356 0.097313 0.031250 0.041667
0 0.593356 0.078027 0.031250 0.041667
0 0.441958 0.210460 0.031250 0.041667
0 0.271273 0.096027 0.031250 0.041667
0 0.242343 0.135886 0.031250 0.041667
0 0.197985 0.125600 0.031250 0.041667
0 0.310810 0.102456 0.031250 0.041667
0 0.346490 0.105028 0.031250 0.041667
0 0.382170 0.076741 0.031250 0.041667
0 0.373491 0.054883 0.031250 0.041667