0 0.384251 0.503780 0.031250 0.041667
0 0.403759 0.521576 0.031250 0.041667
0 0.441746 0.518838 0.031250 0.041667
0 0.481787 0.514731 0.031250 0.041667
0 0.511562 0.532527 0.031250 0.041667
0 0.549549 0.524313 0.031250 0.041667
0 0.563923 0.494197 0.031250 0.041667
0 0.567003 0.462712 0.031250 0.041667
0 0.611151 0.602342 0.031250 0.041667
0 0.710740 0.624245 0.031250 0.041667
0 0.795956 0.607818 0.031250 0.041667
0 0.862691 0.616031 0.031250 0.041667
0 0.906839 0.535265 0.031250 0.041667
0 0.938666 0.706380 0.031250 0.041667
0 0.480761 0.691322 0.031250 0.041667
0 0.653245 0.072568 0.031250 0.041667
0 0.550576 0.179344 0.031250 0.041667
0 0.541336 0.117743 0.031250 0.041667
0 0.445853 0.195771 0.031250 0.041667
0 0.349344 0.350460 0.031250 0.041667
0 0.284662 0.355936 0.031250 0.041667
0 0.246674 0.421644 0.031250 0.041667
0 0.216900 0.321712 0.031250 0.041667
0 0.203553 0.284751 0.031250 0.041667
0 0.303143 0.272431 0.031250 0.041667
0 0.232301 0.080782 0.031250 0.041667
0 0.201500 0.087626 0.031250 0.041667
0 0.187126 0.041083 0.031250 0.041667
0 0.267208 0.097209 0.031250 0.041667
0 0.289796 0.091733 0.031250 0.041667