0 0.222950 0.300786 0.031250 0.041667
0 0.228708 0.234247 0.031250 0.041667
0 0.240225 0.224010 0.031250 0.041667
0 0.243104 0.110127 0.031250 0.041667
0 0.212394 0.075578 0.031250 0.041667
0 0.292048 0.094772 0.031250 0.041667
0 0.344831 0.099890 0.031250 0.041667
0 0.364025 0.089653 0.031250 0.041667
0 0.442720 0.207376 0.031250 0.041667
0 0.400493 0.508079 0.031250 0.041667
0 0.405292 0.524714 0.031250 0.041667
0 0.419687 0.479928 0.031250 0.041667
0 0.503180 0.534951 0.031250 0.041667
0 0.548286 0.519596 0.031250 0.041667
0 0.565561 0.492724 0.031250 0.041667
0 0.753660 0.510639 0.031250 0.041667
0 0.828516 0.515757 0.031250 0.041667
0 0.863065 0.780632 0.031250 0.041667
0 0.290129 0.822859 0.031250 0.041667
0 0.757499 0.213774 0.031250 0.041667
0 0.672086 0.102449 0.031250 0.041667