0 0.376038 0.494197 0.031250 0.041667
0 0.399652 0.483246 0.031250 0.041667
0 0.310330 0.542109 0.031250 0.041667
0 0.502321 0.535265 0.031250 0.041667
0 0.437640 0.525682 0.031250 0.041667
0 0.546469 0.522944 0.031250 0.041667
0 0.544416 0.477770 0.031250 0.041667
0 0.487948 0.622876 0.031250 0.041667
0 0.417106 0.811788 0.031250 0.041667
0 0.781582 0.821370 0.031250 0.041667
0 0.952013 0.837797 0.031250 0.041667
0 0.694313 0.357305 0.031250 0.041667
0 0.768235 0.347722 0.031250 0.041667
0 0.658379 0.119111 0.031250 0.041667
0 0.708687 0.094471 0.031250 0.041667
0 0.715874 0.094471 0.031250 0.041667
0 0.379118 0.214936 0.031250 0.041667
0 0.439693 0.214936 0.031250 0.041667
0 0.457147 0.202616 0.031250 0.041667
0 0.360638 0.254635 0.031250 0.041667
0 0.319570 0.251897 0.031250 0.041667
0 0.209713 0.210829 0.031250 0.041667
0 0.174806 0.223150 0.031250 0.041667
0 0.211767 0.083519 0.031250 0.041667
0 0.244621 0.121849 0.031250 0.041667
0 0.266182 0.125956 0.031250 0.041667
0 0.272342 0.094471 0.031250 0.041667
0 0.291849 0.095840 0.031250 0.041667
0 0.300063 0.043821 0.031250 0.041667
0 0.320596 0.156072 0.031250 0.041667
0 0.368851 0.084888 0.031250 0.041667
0 0.561870 0.184820 0.031250 0.041667