0 0.197897 0.147021 0.031250 0.041667
0 0.243788 0.140028 0.031250 0.041667
0 0.211009 0.241426 0.031250 0.041667
0 0.246411 0.237930 0.031250 0.041667
0 0.296236 0.222196 0.031250 0.041667
0 0.230676 0.381286 0.031250 0.041667
0 0.142827 0.388279 0.031250 0.041667
0 0.163806 0.975692 0.031250 0.041667
0 0.292302 0.764154 0.031250 0.041667
0 0.300169 0.818349 0.031250 0.041667
0 0.356550 0.767650 0.031250 0.041667
0 0.410309 0.760657 0.031250 0.041667
0 0.435222 0.736182 0.031250 0.041667
0 0.433911 0.804363 0.031250 0.041667
0 0.546673 0.898769 0.031250 0.041667
0 0.503404 0.945972 0.031250 0.041667
0 0.470624 0.601566 0.031250 0.041667
0 0.395886 0.510657 0.031250 0.041667
0 0.412932 0.533384 0.031250 0.041667
0 0.566341 0.591077 0.031250 0.041667
0 0.570274 0.662755 0.031250 0.041667
0 0.566341 0.533384 0.031250 0.041667
0 0.588631 0.498419 0.031250 0.041667
0 0.547984 0.463454 0.031250 0.041667
0 0.439155 0.206461 0.031250 0.041667
0 0.454890 0.208209 0.031250 0.041667
0 0.314592 0.094573 0.031250 0.041667
0 0.365729 0.068349 0.031250 0.041667
0 0.395886 0.050867 0.031250 0.041667
0 0.617477 0.220447 0.031250 0.041667
0 0.668613 0.216951 0.031250 0.041667
0 0.799732 0.283384 0.031250 0.041667
0 0.841690 0.276391 0.031250 0.041667
0 0.921673 0.433734 0.031250 0.041667
0 0.825956 0.475692 0.031250 0.041667
0 0.777442 0.473944 0.031250 0.041667
0 0.714505 0.442475 0.031250 0.041667
0 0.677792 0.412755 0.031250 0.041667
0 0.801043 0.573594 0.031250 0.041667
0 0.862669 0.559608 0.031250 0.041667