0 0.386098 0.258559 0.031250 0.041667
0 0.403372 0.245763 0.031250 0.041667
0 0.446559 0.209935 0.031250 0.041667
0 0.345791 0.128041 0.031250 0.041667
0 0.328516 0.125482 0.031250 0.041667
0 0.304524 0.090933 0.031250 0.041667
0 0.341952 0.093492 0.031250 0.041667
0 0.354428 0.084535 0.031250 0.041667
0 0.283411 0.253441 0.031250 0.041667
0 0.319879 0.267516 0.031250 0.041667
0 0.280532 0.334055 0.031250 0.041667
0 0.235426 0.550306 0.031250 0.041667
0 0.268056 0.780632 0.031250 0.041667
0 0.266136 0.963614 0.031250 0.041667
0 0.401453 0.538790 0.031250 0.041667
0 0.398574 0.509359 0.031250 0.041667
0 0.422566 0.485047 0.031250 0.041667
0 0.515656 0.527273 0.031250 0.041667
0 0.555004 0.511918 0.031250 0.041667
0 0.559802 0.485047 0.031250 0.041667
0 0.542528 0.467133 0.031250 0.041667
0 0.699918 0.418508 0.031250 0.041667
0 0.753660 0.430024 0.031250 0.041667
0 0.858267 0.435143 0.031250 0.041667
0 0.813161 0.285431 0.031250 0.041667
0 0.826597 0.396755 0.031250 0.041667
0 0.688401 0.227849 0.031250 0.041667
0 0.633699 0.250882 0.031250 0.041667
0 0.715273 0.113966 0.031250 0.041667