0 0.047326 0.785751 0.031250 0.041667
0 0.112585 0.751202 0.031250 0.041667
0 0.097230 0.577177 0.031250 0.041667
0 0.361146 0.790869 0.031250 0.041667
0 0.464793 0.733287 0.031250 0.041667
0 0.407211 0.524714 0.031250 0.041667
0 0.393775 0.510639 0.031250 0.041667
0 0.413929 0.483767 0.031250 0.041667
0 0.505100 0.533671 0.031250 0.041667
0 0.541568 0.520875 0.031250 0.041667
0 0.558843 0.497843 0.031250 0.041667
0 0.548286 0.474810 0.031250 0.041667
0 0.799726 0.505520 0.031250 0.041667
0 0.759418 0.131880 0.031250 0.041667
0 0.762298 0.121643 0.031250 0.041667
0 0.635618 0.135719 0.031250 0.041667
0 0.443680 0.212494 0.031250 0.041667
0 0.401453 0.206096 0.031250 0.041667
0 0.455196 0.203537 0.031250 0.041667
0 0.363065 0.160031 0.031250 0.041667
0 0.322758 0.175386 0.031250 0.041667
0 0.250781 0.184343 0.031250 0.041667
0 0.241184 0.153633 0.031250 0.041667
0 0.221990 0.177945 0.031250 0.041667
0 0.221990 0.230408 0.031250 0.041667
0 0.193200 0.090933 0.031250 0.041667
0 0.229668 0.096051 0.031250 0.041667
0 0.243104 0.089653 0.031250 0.041667
0 0.239265 0.065341 0.031250 0.041667
0 0.183603 0.042308 0.031250 0.041667
0 0.273814 0.103729 0.031250 0.041667
0 0.285330 0.111406 0.031250 0.041667
0 0.288209 0.073019 0.031250 0.041667
0 0.329476 0.081976 0.031250 0.041667
0 0.361146 0.083255 0.031250 0.041667
0 0.371703 0.087094 0.031250 0.041667
0 0.347710 0.048706 0.031250 0.041667