0 0.316257 0.102894 0.031250 0.041667
0 0.393638 0.219296 0.031250 0.041667
0 0.449194 0.219296 0.031250 0.041667
0 0.298400 0.211359 0.031250 0.041667
0 0.252765 0.245751 0.031250 0.041667
0 0.189273 0.227232 0.031250 0.041667
0 0.526575 0.198132 0.031250 0.041667
0 0.552369 0.089666 0.031250 0.041667
0 0.633718 0.142576 0.031250 0.041667
0 0.657527 0.216650 0.031250 0.041667
0 0.728956 0.208714 0.031250 0.041667
0 0.701178 0.169031 0.031250 0.041667
0 0.723003 0.153158 0.031250 0.041667
0 0.748797 0.158449 0.031250 0.041667
0 0.762686 0.163740 0.031250 0.041667
0 0.832130 0.370089 0.031250 0.041667
0 0.867845 0.370089 0.031250 0.041667
0 0.796416 0.758978 0.031250 0.041667
0 0.726972 0.756333 0.031250 0.041667
0 0.546416 0.467973 0.031250 0.041667
0 0.584115 0.499719 0.031250 0.041667
0 0.556337 0.526174 0.031250 0.041667
0 0.407527 0.467973 0.031250 0.041667
0 0.401575 0.507655 0.031250 0.041667
0 0.415464 0.534110 0.031250 0.041667
0 0.179353 0.457391 0.031250 0.041667
0 0.096019 0.457391 0.031250 0.041667
0 0.056337 0.782788 0.031250 0.041667
0 0.115861 0.751042 0.031250 0.041667
0 0.298400 0.745751 0.031250 0.041667
0 0.298400 0.785433 0.031250 0.041667
0 0.351972 0.793370 0.031250 0.041667
0 0.363876 0.788079 0.031250 0.041667
0 0.405543 0.745751 0.031250 0.041667
0 0.443242 0.735169 0.031250 0.041667
0 0.554353 0.952100 0.031250 0.041667