0 0.183158 0.052954 0.031250 0.041667
0 0.230973 0.113064 0.031250 0.041667
0 0.243268 0.113064 0.031250 0.041667
0 0.256929 0.131278 0.031250 0.041667
0 0.312940 0.091206 0.031250 0.041667
0 0.327967 0.156779 0.031250 0.041667
0 0.333432 0.178637 0.031250 0.041667
0 0.439989 0.211424 0.031250 0.041667
0 0.455016 0.211424 0.031250 0.041667
0 0.347093 0.215067 0.031250 0.041667
0 0.308841 0.227818 0.031250 0.041667
0 0.246000 0.260605 0.031250 0.041667
0 0.188623 0.229639 0.031250 0.041667
0 0.143541 0.388109 0.031250 0.041667
0 0.187257 0.424539 0.031250 0.041667
0 0.261027 0.424539 0.031250 0.041667
0 0.299279 0.428182 0.031250 0.041667
0 0.228240 0.657690 0.031250 0.041667
0 0.404470 0.530186 0.031250 0.041667
0 0.392175 0.511971 0.031250 0.041667
0 0.295180 0.555686 0.031250 0.041667
0 0.299279 0.801588 0.031250 0.041667
0 0.326601 0.763337 0.031250 0.041667
0 0.379880 0.794302 0.031250 0.041667
0 0.355289 0.814339 0.031250 0.041667
0 0.408568 0.765158 0.031250 0.041667
0 0.416765 0.757872 0.031250 0.041667
0 0.657202 0.772444 0.031250 0.041667
0 0.720044 0.772444 0.031250 0.041667
0 0.647639 0.883555 0.031250 0.041667
0 0.864852 0.661333 0.031250 0.041667
0 0.915399 0.686834 0.031250 0.041667
0 0.571136 0.524721 0.031250 0.041667
0 0.582065 0.501042 0.031250 0.041667
0 0.547912 0.459147 0.031250 0.041667
0 0.624415 0.269712 0.031250 0.041667
0 0.653104 0.246033 0.031250 0.041667
0 0.729606 0.109421 0.031250 0.041667
0 0.743268 0.109421 0.031250 0.041667