0 0.413992 0.205317 0.031250 0.041667
0 0.426529 0.206603 0.031250 0.041667
0 0.376384 0.207888 0.031250 0.041667
0 0.447744 0.198888 0.031250 0.041667
0 0.242343 0.317178 0.031250 0.041667
0 0.290559 0.378894 0.031250 0.041667
0 0.283809 0.458612 0.031250 0.041667
0 0.197985 0.448325 0.031250 0.041667
0 0.171948 0.499756 0.031250 0.041667
0 0.147840 0.407181 0.031250 0.041667
0 0.367705 0.785195 0.031250 0.041667
0 0.302131 0.781337 0.031250 0.041667
0 0.308882 0.756908 0.031250 0.041667
0 0.383134 0.533186 0.031250 0.041667
0 0.406278 0.522900 0.031250 0.041667
0 0.395670 0.502327 0.031250 0.041667
0 0.508496 0.533186 0.031250 0.041667
0 0.546104 0.471469 0.031250 0.041667
0 0.678216 0.503613 0.031250 0.041667
0 0.757290 0.511328 0.031250 0.041667
0 0.794899 0.476612 0.031250 0.041667
0 0.775612 0.440611 0.031250 0.041667
0 0.768862 0.340322 0.031250 0.041667
0 0.835400 0.332607 0.031250 0.041667
0 0.846972 0.438039 0.031250 0.041667
0 0.915439 0.479184 0.031250 0.041667
0 0.657965 0.178316 0.031250 0.041667
0 0.624214 0.191173 0.031250 0.041667
0 0.602999 0.166744 0.031250 0.041667
0 0.631929 0.089598 0.031250 0.041667
0 0.651215 0.093456 0.031250 0.041667
0 0.193163 0.132028 0.031250 0.041667
0 0.238486 0.094741 0.031250 0.041667
0 0.232700 0.043311 0.031250 0.041667
0 0.305024 0.096027 0.031250 0.041667
0 0.342633 0.093456 0.031250 0.041667
0 0.213414 0.237461 0.031250 0.041667