0 0.186575 0.070154 0.031250 0.041667
0 0.196814 0.135001 0.031250 0.041667
0 0.274885 0.099165 0.031250 0.041667
0 0.292803 0.094045 0.031250 0.041667
0 0.363196 0.080393 0.031250 0.041667
0 0.452786 0.203260 0.031250 0.041667
0 0.441268 0.215205 0.031250 0.041667
0 0.582053 0.123055 0.031250 0.041667
0 0.552616 0.184489 0.031250 0.041667
0 0.605090 0.092339 0.031250 0.041667
0 0.635807 0.082100 0.031250 0.041667
0 0.666524 0.082100 0.031250 0.041667
0 0.717718 0.153772 0.031250 0.041667
0 0.829066 0.179369 0.031250 0.041667
0 0.887940 0.247629 0.031250 0.041667
0 0.838025 0.474591 0.031250 0.041667
0 0.761233 0.495069 0.031250 0.041667
0 0.546216 0.467765 0.031250 0.041667
0 0.506541 0.541144 0.031250 0.041667
0 0.450227 0.524079 0.031250 0.041667
0 0.374715 0.483124 0.031250 0.041667
0 0.317121 0.459233 0.031250 0.041667
0 0.265926 0.377322 0.031250 0.041667
0 0.222411 0.348311 0.031250 0.041667
0 0.146899 0.346605 0.031250 0.041667
0 0.139220 0.430223 0.031250 0.041667
0 0.189134 0.718618 0.031250 0.041667
0 0.489902 0.614523 0.031250 0.041667