0 0.211405 0.078209 0.031250 0.041667
0 0.220919 0.093008 0.031250 0.041667
0 0.236775 0.093008 0.031250 0.041667
0 0.268487 0.095122 0.031250 0.041667
0 0.278001 0.095122 0.031250 0.041667
0 0.295443 0.099350 0.031250 0.041667
0 0.336669 0.095122 0.031250 0.041667
0 0.347769 0.086665 0.031250 0.041667
0 0.271659 0.107807 0.031250 0.041667
0 0.265316 0.141634 0.031250 0.041667
0 0.292272 0.145862 0.031250 0.041667
0 0.279587 0.211401 0.031250 0.041667
0 0.282758 0.268484 0.031250 0.041667
0 0.176521 0.209287 0.031250 0.041667
0 0.343012 0.186031 0.031250 0.041667
0 0.438149 0.200830 0.031250 0.041667
0 0.460348 0.200830 0.031250 0.041667
0 0.584026 0.126834 0.031250 0.041667
0 0.588783 0.240999 0.031250 0.041667
0 0.658551 0.251570 0.031250 0.041667
0 0.840898 0.186031 0.031250 0.041667
0 0.896394 0.276940 0.031250 0.041667
0 0.544386 0.469329 0.031250 0.041667
0 0.522187 0.539097 0.031250 0.041667
0 0.449248 0.545439 0.031250 0.041667
0 0.387409 0.507384 0.031250 0.041667
0 0.388995 0.477786 0.031250 0.041667
0 0.170179 0.532754 0.031250 0.041667
0 0.014788 0.477786 0.031250 0.041667
0 0.075041 0.486243 0.031250 0.041667
0 0.168593 0.716686 0.031250 0.041667
0 0.203477 0.723029 0.031250 0.041667
0 0.677578 0.868906 0.031250 0.041667
0 0.745760 0.864678 0.031250 0.041667
0 0.717219 0.646919 0.031250 0.041667
0 0.763202 0.634234 0.031250 0.041667
0 0.566585 0.583494 0.031250 0.041667
0 0.584026 0.549667 0.031250 0.041667