0 0.310659 0.094573 0.031250 0.041667
0 0.447023 0.206461 0.031250 0.041667
0 0.145449 0.372545 0.031250 0.041667
0 0.200519 0.372545 0.031250 0.041667
0 0.081201 0.461706 0.031250 0.041667
0 0.121848 0.444223 0.031250 0.041667
0 0.182162 0.473944 0.031250 0.041667
0 0.231988 0.461706 0.031250 0.041667
0 0.444400 0.360307 0.031250 0.041667
0 0.390641 0.510657 0.031250 0.041667
0 0.407687 0.540377 0.031250 0.041667
0 0.562407 0.535133 0.031250 0.041667
0 0.576830 0.501916 0.031250 0.041667
0 0.547984 0.472196 0.031250 0.041667
0 0.630589 0.510657 0.031250 0.041667
0 0.516516 0.631286 0.031250 0.041667
0 0.490292 0.806112 0.031250 0.041667
0 0.411620 0.741426 0.031250 0.041667
0 0.458823 0.867300 0.031250 0.041667
0 0.367040 0.785133 0.031250 0.041667
0 0.352617 0.841077 0.031250 0.041667
0 0.296236 0.758909 0.031250 0.041667
0 0.696148 0.645272 0.031250 0.041667
0 0.727617 0.664503 0.031250 0.041667
0 0.816778 0.718699 0.031250 0.041667
0 0.662057 0.874293 0.031250 0.041667
0 0.641078 0.138279 0.031250 0.041667
0 0.669925 0.145272 0.031250 0.041667
0 0.744662 0.276391 0.031250 0.041667
0 0.751218 0.206461 0.031250 0.041667
0 0.791865 0.180237 0.031250 0.041667
0 0.802355 0.213454 0.031250 0.041667