0 0.132739 0.386518 0.031250 0.041667
0 0.174966 0.395475 0.031250 0.041667
0 0.237346 0.319980 0.031250 0.041667
0 0.279572 0.321259 0.031250 0.041667
0 0.328516 0.368604 0.031250 0.041667
0 0.350589 0.266237 0.031250 0.041667
0 0.340033 0.189461 0.031250 0.041667
0 0.302605 0.194580 0.031250 0.041667
0 0.268056 0.230408 0.031250 0.041667
0 0.211434 0.217612 0.031250 0.041667
0 0.193200 0.156192 0.031250 0.041667
0 0.230628 0.154912 0.031250 0.041667
0 0.236386 0.098610 0.031250 0.041667
0 0.230628 0.087094 0.031250 0.041667
0 0.207595 0.075578 0.031250 0.041667
0 0.253660 0.079417 0.031250 0.041667
0 0.283411 0.074298 0.031250 0.041667
0 0.327557 0.094772 0.031250 0.041667
0 0.364985 0.087094 0.031250 0.041667
0 0.415848 0.051266 0.031250 0.041667
0 0.378420 0.166429 0.031250 0.041667
0 0.446559 0.213774 0.031250 0.041667
0 0.417768 0.267516 0.031250 0.041667
0 0.418728 0.172827 0.031250 0.041667
0 0.502221 0.524714 0.031250 0.041667
0 0.551165 0.519596 0.031250 0.041667
0 0.560762 0.506800 0.031250 0.041667
0 0.544447 0.468412 0.031250 0.041667
0 0.539649 0.570779 0.031250 0.041667
0 0.404332 0.532392 0.031250 0.041667
0 0.393775 0.511918 0.031250 0.041667
0 0.414889 0.479928 0.031250 0.041667
0 0.361146 0.817740 0.031250 0.041667
0 0.660570 0.868924 0.031250 0.041667
0 0.863065 0.879161 0.031250 0.041667
0 0.956156 0.872763 0.031250 0.041667
0 0.771894 0.302065 0.031250 0.041667
0 0.742144 0.232967 0.031250 0.041667
0 0.782451 0.230408 0.031250 0.041667
0 0.673046 0.165149 0.031250 0.041667
0 0.649054 0.167708 0.031250 0.041667
0 0.608747 0.257280 0.031250 0.041667
0 0.589553 0.253441 0.031250 0.041667
0 0.629860 0.280312 0.031250 0.041667
0 0.275755 0.095153 0.031250 0.041667