0 0.185530 0.068128 0.031250 0.041667
0 0.201253 0.066031 0.031250 0.041667
0 0.223266 0.066031 0.031250 0.041667
0 0.273580 0.091188 0.031250 0.041667
0 0.286159 0.093285 0.031250 0.041667
0 0.360058 0.082803 0.031250 0.041667
0 0.213832 0.154081 0.031250 0.041667
0 0.224838 0.204396 0.031250 0.041667
0 0.259429 0.189721 0.031250 0.041667
0 0.281442 0.223264 0.031250 0.041667
0 0.317605 0.189721 0.031250 0.041667
0 0.367920 0.154081 0.031250 0.041667
0 0.394649 0.191817 0.031250 0.041667
0 0.385215 0.248421 0.031250 0.041667
0 0.430813 0.284061 0.031250 0.041667
0 0.278297 0.344857 0.031250 0.041667
0 0.221693 0.340664 0.031250 0.041667
0 0.334901 0.342761 0.031250 0.041667
0 0.022008 0.502090 0.031250 0.041667
0 0.102196 0.489511 0.031250 0.041667
0 0.205970 0.791398 0.031250 0.041667
0 0.444964 0.632069 0.031250 0.041667
0 0.660372 0.812362 0.031250 0.041667
0 0.839618 0.843809 0.031250 0.041667
0 0.775152 0.562887 0.031250 0.041667
0 0.707542 0.558694 0.031250 0.041667
0 0.754712 0.445486 0.031250 0.041667
0 0.800310 0.399365 0.031250 0.041667
0 0.805027 0.476933 0.031250 0.041667
0 0.548737 0.458065 0.031250 0.041667