0 0.253622 0.131286 0.031250 0.041667
0 0.279846 0.127790 0.031250 0.041667
0 0.308692 0.127790 0.031250 0.041667
0 0.317870 0.096321 0.031250 0.041667
0 0.344094 0.089328 0.031250 0.041667
0 0.350650 0.089328 0.031250 0.041667
0 0.227398 0.362056 0.031250 0.041667
0 0.441122 0.202965 0.031250 0.041667
0 0.455545 0.202965 0.031250 0.041667
0 0.616821 0.202965 0.031250 0.041667
0 0.653535 0.220447 0.031250 0.041667
0 0.770231 0.173244 0.031250 0.041667
0 0.804321 0.363804 0.031250 0.041667
0 0.879059 0.383035 0.031250 0.041667
0 0.565685 0.377790 0.031250 0.041667
0 0.557818 0.470447 0.031250 0.041667
0 0.584042 0.493175 0.031250 0.041667
0 0.564374 0.517650 0.031250 0.041667
0 0.526349 0.543874 0.031250 0.041667
0 0.467346 0.540377 0.031250 0.041667
0 0.414898 0.529888 0.031250 0.041667
0 0.401786 0.507161 0.031250 0.041667
0 0.153972 0.771147 0.031250 0.041667
0 0.195930 0.764154 0.031250 0.041667
0 0.612888 0.641776 0.031250 0.041667
0 0.669269 0.601566 0.031250 0.041667
0 0.719094 0.926741 0.031250 0.041667
0 0.576175 0.951216 0.031250 0.041667