0 0.297837 0.326489 0.031250 0.041667
0 0.364083 0.355931 0.031250 0.041667
0 0.503936 0.532587 0.031250 0.041667
0 0.541791 0.519969 0.031250 0.041667
0 0.565976 0.497537 0.031250 0.041667
0 0.543894 0.468094 0.031250 0.041667
0 0.410350 0.525577 0.031250 0.041667
0 0.397732 0.501743 0.031250 0.041667
0 0.412453 0.480712 0.031250 0.041667
0 0.456617 0.648956 0.031250 0.041667
0 0.488163 0.700831 0.031250 0.041667
0 0.678489 0.539598 0.031250 0.041667
0 0.731065 0.468094 0.031250 0.041667
0 0.732117 0.437249 0.031250 0.041667
0 0.773126 0.449867 0.031250 0.041667
0 0.853042 0.930765 0.031250 0.041667
0 0.597522 0.193295 0.031250 0.041667
0 0.746838 0.110575 0.031250 0.041667
0 0.454514 0.201708 0.031250 0.041667
0 0.375650 0.186285 0.031250 0.041667
0 0.288373 0.081133 0.031250 0.041667
0 0.278910 0.090947 0.031250 0.041667
0 0.249467 0.100761 0.031250 0.041667
0 0.229488 0.083937 0.031250 0.041667
0 0.227385 0.046082 0.031250 0.041667