0 0.176912 0.376962 0.031250 0.041667
0 0.194788 0.357333 0.031250 0.041667
0 0.190581 0.311066 0.031250 0.041667
0 0.206354 0.039072 0.031250 0.041667
0 0.240003 0.039072 0.031250 0.041667
0 0.222127 0.383972 0.031250 0.041667
0 0.249467 0.301252 0.031250 0.041667
0 0.201097 0.207316 0.031250 0.041667
0 0.331486 0.253583 0.031250 0.041667
0 0.366186 0.238160 0.031250 0.041667
0 0.393526 0.238160 0.031250 0.041667
0 0.380907 0.197502 0.031250 0.041667
0 0.418762 0.186285 0.031250 0.041667
0 0.410350 0.519969 0.031250 0.041667
0 0.395629 0.507351 0.031250 0.041667
0 0.415608 0.482114 0.031250 0.041667
0 0.262085 0.072721 0.031250 0.041667
0 0.272600 0.096555 0.031250 0.041667
0 0.286270 0.090947 0.031250 0.041667
0 0.311507 0.100761 0.031250 0.041667
0 0.359877 0.097957 0.031250 0.041667
0 0.662716 0.148430 0.031250 0.041667
0 0.702674 0.148430 0.031250 0.041667
0 0.724756 0.165255 0.031250 0.041667
0 0.756302 0.173667 0.031250 0.041667
0 0.825702 0.179275 0.031250 0.041667
0 0.782590 0.383972 0.031250 0.041667
0 0.730014 0.396590 0.031250 0.041667
0 0.544945 0.472300 0.031250 0.041667
0 0.559667 0.494733 0.031250 0.041667
0 0.545997 0.521371 0.031250 0.041667
0 0.507090 0.533989 0.031250 0.041667
0 0.297837 0.810190 0.031250 0.041667