0 0.115053 0.552472 0.031250 0.041667
0 0.142054 0.490756 0.031250 0.041667
0 0.170019 0.547329 0.031250 0.041667
0 0.301167 0.799338 0.031250 0.041667
0 0.314667 0.762051 0.031250 0.041667
0 0.362883 0.795481 0.031250 0.041667
0 0.503674 0.893199 0.031250 0.041667
0 0.653144 0.827625 0.031250 0.041667
0 0.626143 0.969058 0.031250 0.041667
0 0.769827 0.967773 0.031250 0.041667
0 0.822864 0.884198 0.031250 0.041667
0 0.254880 0.249033 0.031250 0.041667
0 0.263558 0.225889 0.031250 0.041667
0 0.276095 0.227175 0.031250 0.041667
0 0.250058 0.189888 0.031250 0.041667
0 0.185449 0.079312 0.031250 0.041667
0 0.224021 0.040740 0.031250 0.041667
0 0.309846 0.097313 0.031250 0.041667
0 0.343597 0.098599 0.031250 0.041667
0 0.406278 0.273462 0.031250 0.041667
0 0.442922 0.215603 0.031250 0.041667
0 0.404349 0.524185 0.031250 0.041667
0 0.393742 0.499756 0.031250 0.041667
0 0.508496 0.540900 0.031250 0.041667
0 0.453530 0.600045 0.031250 0.041667
0 0.441958 0.637332 0.031250 0.041667
0 0.545140 0.466326 0.031250 0.041667
0 0.661823 0.279891 0.031250 0.041667
0 0.597213 0.183459 0.031250 0.041667
0 0.592392 0.169316 0.031250 0.041667
0 0.616500 0.174459 0.031250 0.041667
0 0.692681 0.272176 0.031250 0.041667
0 0.709074 0.269605 0.031250 0.041667
0 0.716789 0.227175 0.031250 0.041667
0 0.776577 0.303035 0.031250 0.041667
0 0.766934 0.234889 0.031250 0.041667