0 0.273244 0.093008 0.031250 0.041667
0 0.281172 0.093008 0.031250 0.041667
0 0.292272 0.088780 0.031250 0.041667
0 0.333498 0.088780 0.031250 0.041667
0 0.354111 0.088780 0.031250 0.041667
0 0.438149 0.215629 0.031250 0.041667
0 0.427050 0.173346 0.031250 0.041667
0 0.455591 0.188145 0.031250 0.041667
0 0.615739 0.207173 0.031250 0.041667
0 0.672821 0.167004 0.031250 0.041667
0 0.706120 0.171232 0.031250 0.041667
0 0.874196 0.270598 0.031250 0.041667
0 0.951891 0.877363 0.031250 0.041667
0 0.549143 0.465101 0.031250 0.041667
0 0.192377 0.215629 0.031250 0.041667
0 0.193963 0.283283 0.031250 0.041667
0 0.246289 0.304424 0.031250 0.041667
0 0.300200 0.414361 0.031250 0.041667
0 0.186035 0.627892 0.031250 0.041667
0 0.189206 0.750513 0.031250 0.041667
0 0.279587 0.748399 0.031250 0.041667