0 0.222504 0.188145 0.031250 0.041667
0 0.247874 0.209287 0.031250 0.041667
0 0.208234 0.257913 0.031250 0.041667
0 0.235189 0.255799 0.031250 0.041667
0 0.228847 0.291739 0.031250 0.041667
0 0.270073 0.289625 0.031250 0.041667
0 0.274830 0.338251 0.031250 0.041667
0 0.308128 0.348822 0.031250 0.041667
0 0.363625 0.367849 0.031250 0.041667
0 0.425464 0.217744 0.031250 0.041667
0 0.458762 0.209287 0.031250 0.041667
0 0.336669 0.082437 0.031250 0.041667
0 0.354111 0.093008 0.031250 0.041667
0 0.271659 0.086665 0.031250 0.041667
0 0.287515 0.093008 0.031250 0.041667
0 0.273244 0.114149 0.031250 0.041667
0 0.282758 0.105693 0.031250 0.041667
0 0.225676 0.063410 0.031250 0.041667
0 0.209819 0.063410 0.031250 0.041667
0 0.639523 0.171232 0.031250 0.041667
0 0.675993 0.181803 0.031250 0.041667
0 0.753688 0.186031 0.031250 0.041667
0 0.791743 0.198716 0.031250 0.041667
0 0.809185 0.186031 0.031250 0.041667
0 0.839312 0.179689 0.031250 0.041667
0 0.837726 0.308653 0.031250 0.041667
0 0.739418 0.247342 0.031250 0.041667
0 0.550728 0.471443 0.031250 0.041667
0 0.227261 0.822395 0.031250 0.041667