0 0.183019 0.058879 0.031250 0.041667
0 0.274395 0.099947 0.031250 0.041667
0 0.292876 0.097209 0.031250 0.041667
0 0.359611 0.080782 0.031250 0.041667
0 0.313410 0.150597 0.031250 0.041667
0 0.347290 0.150597 0.031250 0.041667
0 0.445853 0.212198 0.031250 0.041667
0 0.455093 0.202616 0.031250 0.041667
0 0.366798 0.275169 0.031250 0.041667
0 0.312383 0.275169 0.031250 0.041667
0 0.277475 0.246422 0.031250 0.041667
0 0.235381 0.258742 0.031250 0.041667
0 0.184046 0.329926 0.031250 0.041667
0 0.044416 0.577701 0.031250 0.041667
0 0.116284 0.605080 0.031250 0.041667
0 0.164539 0.565381 0.031250 0.041667
0 0.211767 0.710487 0.031250 0.041667
0 0.376038 0.496935 0.031250 0.041667
0 0.378091 0.483246 0.031250 0.041667
0 0.447907 0.524313 0.031250 0.041667
0 0.492054 0.533896 0.031250 0.041667
0 0.483841 0.585915 0.031250 0.041667
0 0.471520 0.616031 0.031250 0.041667
0 0.724087 0.564012 0.031250 0.041667
0 0.775422 0.561274 0.031250 0.041667
0 0.787742 0.804943 0.031250 0.041667
0 0.849344 0.828215 0.031250 0.041667
0 0.543389 0.469556 0.031250 0.041667
0 0.548523 0.177975 0.031250 0.041667