0 0.187621 0.067638 0.031250 0.041667
0 0.220919 0.071866 0.031250 0.041667
0 0.254217 0.084551 0.031250 0.041667
0 0.270073 0.097236 0.031250 0.041667
0 0.285929 0.093008 0.031250 0.041667
0 0.338255 0.093008 0.031250 0.041667
0 0.343012 0.078209 0.031250 0.041667
0 0.365210 0.080323 0.031250 0.041667
0 0.362039 0.093008 0.031250 0.041667
0 0.339840 0.116264 0.031250 0.041667
0 0.376310 0.137405 0.031250 0.041667
0 0.273244 0.158547 0.031250 0.041667
0 0.241532 0.167004 0.031250 0.041667
0 0.241532 0.226200 0.031250 0.041667
0 0.284344 0.215629 0.031250 0.041667
0 0.311299 0.215629 0.031250 0.041667
0 0.387409 0.276940 0.031250 0.041667
0 0.444492 0.211401 0.031250 0.041667
0 0.452420 0.202944 0.031250 0.041667
0 0.460348 0.188145 0.031250 0.041667
0 0.362039 0.289625 0.031250 0.041667
0 0.343012 0.287511 0.031250 0.041667
0 0.247874 0.287511 0.031250 0.041667
0 0.208234 0.289625 0.031250 0.041667
0 0.197134 0.295968 0.031250 0.041667
0 0.048086 0.568695 0.031250 0.041667
0 0.019544 0.551782 0.031250 0.041667
0 0.179692 0.704001 0.031250 0.041667
0 0.205062 0.733600 0.031250 0.041667
0 0.604640 0.792796 0.031250 0.041667
0 0.668065 0.761084 0.031250 0.041667
0 0.699777 0.809710 0.031250 0.041667
0 0.764788 0.727257 0.031250 0.041667
0 0.393752 0.477786 0.031250 0.041667
0 0.393752 0.511612 0.031250 0.041667
0 0.460348 0.541211 0.031250 0.041667
0 0.523773 0.547553 0.031250 0.041667
0 0.545972 0.475672 0.031250 0.041667
0 0.660136 0.570809 0.031250 0.041667
0 0.698191 0.665947 0.031250 0.041667
0 0.736246 0.610978 0.031250 0.041667
0 0.806014 0.503156 0.031250 0.041667
0 0.652208 0.300196 0.031250 0.041667
0 0.704534 0.319223 0.031250 0.041667
0 0.664893 0.175460 0.031250 0.041667
0 0.701363 0.169118 0.031250 0.041667
0 0.894809 0.274826 0.031250 0.041667