0 0.195930 0.133035 0.031250 0.041667
0 0.186752 0.094573 0.031250 0.041667
0 0.223465 0.066601 0.031250 0.041667
0 0.247066 0.068349 0.031250 0.041667
0 0.239199 0.127790 0.031250 0.041667
0 0.311314 0.091077 0.031250 0.041667
0 0.345405 0.080587 0.031250 0.041667
0 0.350650 0.075342 0.031250 0.041667
0 0.447678 0.204713 0.031250 0.041667
0 0.456856 0.209958 0.031250 0.041667
0 0.404409 0.236182 0.031250 0.041667
0 0.430633 0.236182 0.031250 0.041667
0 0.369007 0.250168 0.031250 0.041667
0 0.321804 0.251916 0.031250 0.041667
0 0.311314 0.230937 0.031250 0.041667
0 0.283780 0.225692 0.031250 0.041667
0 0.236577 0.248419 0.031250 0.041667
0 0.215598 0.314853 0.031250 0.041667
0 0.285091 0.274643 0.031250 0.041667
0 0.265423 0.318349 0.031250 0.041667
0 0.312626 0.353314 0.031250 0.041667
0 0.395231 0.332335 0.031250 0.041667
0 0.273290 0.435482 0.031250 0.041667
0 0.210353 0.461706 0.031250 0.041667
0 0.067433 0.512405 0.031250 0.041667
0 0.388675 0.510657 0.031250 0.041667
0 0.413587 0.528140 0.031250 0.041667
0 0.448989 0.533384 0.031250 0.041667
0 0.522416 0.538629 0.031250 0.041667
0 0.572241 0.528140 0.031250 0.041667
0 0.593220 0.501916 0.031250 0.041667
0 0.540773 0.459958 0.031250 0.041667
0 0.645668 0.377790 0.031250 0.041667
0 0.711227 0.372545 0.031250 0.041667
0 0.737451 0.227440 0.031250 0.041667
0 0.687626 0.092825 0.031250 0.041667
0 0.707293 0.091077 0.031250 0.041667
0 0.725650 0.744923 0.031250 0.041667
0 0.820056 0.980937 0.031250 0.041667
0 0.938063 0.945972 0.031250 0.041667
0 0.388675 0.846321 0.031250 0.041667