0 0.308768 0.087475 0.031250 0.041667
0 0.192247 0.124674 0.031250 0.041667
0 0.248046 0.139991 0.031250 0.041667
0 0.272663 0.153120 0.031250 0.041667
0 0.256252 0.218766 0.031250 0.041667
0 0.234917 0.275659 0.031250 0.041667
0 0.290716 0.223142 0.031250 0.041667
0 0.318615 0.179379 0.031250 0.041667
0 0.362926 0.157497 0.031250 0.041667
0 0.387543 0.153120 0.031250 0.041667
0 0.443341 0.196884 0.031250 0.041667
0 0.453188 0.210013 0.031250 0.041667
0 0.541810 0.216578 0.031250 0.041667
0 0.620584 0.096228 0.031250 0.041667
0 0.671460 0.096228 0.031250 0.041667
0 0.755158 0.546994 0.031250 0.041667
0 0.791263 0.544805 0.031250 0.041667
0 0.897937 0.540429 0.031250 0.041667
0 0.914348 0.665155 0.031250 0.041667
0 0.945530 0.848963 0.031250 0.041667
0 0.704282 0.735177 0.031250 0.041667
0 0.651766 0.789882 0.031250 0.041667
0 0.566427 0.691414 0.031250 0.041667
0 0.512269 0.527300 0.031250 0.041667
0 0.543451 0.468219 0.031250 0.041667
0 0.385902 0.501042 0.031250 0.041667
0 0.410519 0.538241 0.031250 0.041667
0 0.461394 0.730801 0.031250 0.041667
0 0.417083 0.750495 0.031250 0.041667
0 0.387543 0.803011 0.031250 0.041667
0 0.266099 0.820517 0.031250 0.041667
0 0.221788 0.813952 0.031250 0.041667
0 0.220147 0.754871 0.031250 0.041667
0 0.111832 0.634521 0.031250 0.041667
0 0.052751 0.647650 0.031250 0.041667
0 0.028134 0.503230 0.031250 0.041667
0 0.129884 0.588569 0.031250 0.041667
0 0.190606 0.452902 0.031250 0.041667