0 0.316257 0.094957 0.031250 0.041667
0 0.312289 0.150513 0.031250 0.041667
0 0.282527 0.158449 0.031250 0.041667
0 0.195226 0.224587 0.031250 0.041667
0 0.217051 0.280142 0.031250 0.041667
0 0.254750 0.269560 0.031250 0.041667
0 0.441257 0.216650 0.031250 0.041667
0 0.455146 0.216650 0.031250 0.041667
0 0.413480 0.346280 0.031250 0.041667
0 0.397607 0.330407 0.031250 0.041667
0 0.348003 0.317179 0.031250 0.041667
0 0.312289 0.317179 0.031250 0.041667
0 0.242845 0.327761 0.031250 0.041667
0 0.209115 0.388608 0.031250 0.041667
0 0.171416 0.367444 0.031250 0.041667
0 0.153559 0.391253 0.031250 0.041667
0 0.179353 0.452100 0.031250 0.041667
0 0.252765 0.491782 0.031250 0.041667
0 0.224988 0.587021 0.031250 0.041667
0 0.105940 0.473264 0.031250 0.041667
0 0.062289 0.587021 0.031250 0.041667
0 0.113876 0.621412 0.031250 0.041667
0 0.244829 0.647867 0.031250 0.041667
0 0.387686 0.507655 0.031250 0.041667
0 0.403559 0.534110 0.031250 0.041667
0 0.556337 0.518237 0.031250 0.041667
0 0.574194 0.502364 0.031250 0.041667
0 0.548400 0.467973 0.031250 0.041667
0 0.451178 0.729878 0.031250 0.041667
0 0.413480 0.729878 0.031250 0.041667
0 0.377765 0.777497 0.031250 0.041667
0 0.359908 0.803952 0.031250 0.041667
0 0.334115 0.772206 0.031250 0.041667
0 0.298400 0.793370 0.031250 0.041667
0 0.877765 0.796015 0.031250 0.041667
0 0.770623 0.351571 0.031250 0.041667
0 0.768638 0.396544 0.031250 0.041667
0 0.812289 0.404481 0.031250 0.041667
0 0.540464 0.216650 0.031250 0.041667
0 0.820226 0.169031 0.031250 0.041667
0 0.840067 0.195486 0.031250 0.041667