0 0.760378 0.175386 0.031250 0.041667
0 0.790129 0.162590 0.031250 0.041667
0 0.690321 0.103729 0.031250 0.041667
0 0.837154 0.240645 0.031250 0.041667
0 0.793008 0.396755 0.031250 0.041667
0 0.725829 0.399314 0.031250 0.041667
0 0.793008 0.554145 0.031250 0.041667
0 0.564601 0.501681 0.031250 0.041667
0 0.545407 0.469692 0.031250 0.041667
0 0.550205 0.536230 0.031250 0.041667
0 0.493584 0.541349 0.031250 0.041667
0 0.405292 0.533671 0.031250 0.041667
0 0.397614 0.506800 0.031250 0.041667
0 0.414889 0.487606 0.031250 0.041667
0 0.369783 0.789589 0.031250 0.041667
0 0.345791 0.845891 0.031250 0.041667
0 0.363065 0.930344 0.031250 0.041667
0 0.221031 0.925226 0.031250 0.041667
0 0.150013 0.834375 0.031250 0.041667
0 0.165369 0.415949 0.031250 0.041667
0 0.204716 0.287990 0.031250 0.041667
0 0.204716 0.262398 0.031250 0.041667
0 0.259418 0.120363 0.031250 0.041667
0 0.221990 0.085815 0.031250 0.041667
0 0.305484 0.092212 0.031250 0.041667
0 0.340992 0.096051 0.031250 0.041667
0 0.368823 0.084535 0.031250 0.041667
0 0.453276 0.208655 0.031250 0.041667