0 0.249689 0.129538 0.031250 0.041667
0 0.279846 0.124293 0.031250 0.041667
0 0.312626 0.091077 0.031250 0.041667
0 0.338849 0.075342 0.031250 0.041667
0 0.344094 0.080587 0.031250 0.041667
0 0.334916 0.126042 0.031250 0.041667
0 0.359828 0.147021 0.031250 0.041667
0 0.268045 0.243175 0.031250 0.041667
0 0.442433 0.211706 0.031250 0.041667
0 0.454234 0.213454 0.031250 0.041667
0 0.011052 0.540377 0.031250 0.041667
0 0.147416 0.547370 0.031250 0.041667
0 0.223465 0.508909 0.031250 0.041667
0 0.236577 0.785133 0.031250 0.041667
0 0.391297 0.507161 0.031250 0.041667
0 0.405720 0.522895 0.031250 0.041667
0 0.454234 0.536881 0.031250 0.041667
0 0.514549 0.536881 0.031250 0.041667
0 0.563063 0.528140 0.031250 0.041667
0 0.589286 0.503664 0.031250 0.041667
0 0.544706 0.463454 0.031250 0.041667
0 0.688937 0.190727 0.031250 0.041667
0 0.736140 0.190727 0.031250 0.041667
0 0.782031 0.222196 0.031250 0.041667
0 0.745318 0.842825 0.031250 0.041667
0 0.844968 0.839328 0.031250 0.041667
0 0.955108 0.753664 0.031250 0.041667