0 0.008014 0.627046 0.031250 0.041667
0 0.240415 0.769766 0.031250 0.041667
0 0.343597 0.789052 0.031250 0.041667
0 0.413028 0.764623 0.031250 0.041667
0 0.405314 0.530614 0.031250 0.041667
0 0.387956 0.503613 0.031250 0.041667
0 0.507531 0.522900 0.031250 0.041667
0 0.596249 0.507470 0.031250 0.041667
0 0.440993 0.308178 0.031250 0.041667
0 0.452565 0.209174 0.031250 0.041667
0 0.366741 0.150029 0.031250 0.041667
0 0.348419 0.098599 0.031250 0.041667
0 0.308882 0.092170 0.031250 0.041667
0 0.282845 0.094741 0.031250 0.041667
0 0.208592 0.079312 0.031250 0.041667
0 0.181591 0.070312 0.031250 0.041667
0 0.632893 0.152601 0.031250 0.041667
0 0.588534 0.156458 0.031250 0.041667
0 0.630000 0.272176 0.031250 0.041667
0 0.681109 0.299177 0.031250 0.041667
0 0.734147 0.304320 0.031250 0.041667
0 0.841186 0.319749 0.031250 0.041667
0 0.892295 0.319749 0.031250 0.041667
0 0.895188 0.556329 0.031250 0.041667
0 0.938583 0.533186 0.031250 0.041667
0 0.683038 0.621903 0.031250 0.041667
0 0.545140 0.471469 0.031250 0.041667