0 0.076117 0.427465 0.031250 0.041667
0 0.142336 0.418508 0.031250 0.041667
0 0.202797 0.436422 0.031250 0.041667
0 0.244063 0.423626 0.031250 0.041667
0 0.419687 0.477369 0.031250 0.041667
0 0.397614 0.505520 0.031250 0.041667
0 0.406251 0.517037 0.031250 0.041667
0 0.435042 0.533671 0.031250 0.041667
0 0.467672 0.621963 0.031250 0.041667
0 0.508939 0.542628 0.031250 0.041667
0 0.552125 0.519596 0.031250 0.041667
0 0.563641 0.495284 0.031250 0.041667
0 0.545407 0.465853 0.031250 0.041667
0 0.781491 0.400594 0.031250 0.041667
0 0.846751 0.359647 0.031250 0.041667
0 0.676885 0.262398 0.031250 0.041667
0 0.747902 0.217612 0.031250 0.041667
0 0.788209 0.209935 0.031250 0.041667
0 0.780532 0.174106 0.031250 0.041667
0 0.622182 0.151074 0.031250 0.041667
0 0.409131 0.323818 0.031250 0.041667
0 0.340033 0.331496 0.031250 0.041667
0 0.449438 0.204816 0.031250 0.041667
0 0.371703 0.171547 0.031250 0.041667
0 0.334275 0.174106 0.031250 0.041667
0 0.293967 0.142117 0.031250 0.041667
0 0.183603 0.107568 0.031250 0.041667
0 0.211434 0.089653 0.031250 0.041667
0 0.229668 0.089653 0.031250 0.041667
0 0.238305 0.089653 0.031250 0.041667
0 0.269015 0.098610 0.031250 0.041667
0 0.288209 0.097331 0.031250 0.041667
0 0.334275 0.075578 0.031250 0.041667
0 0.317960 0.078137 0.031250 0.041667
0 0.303564 0.083255 0.031250 0.041667
0 0.582835 0.094772 0.031250 0.041667
0 0.364985 0.087094 0.031250 0.041667
0 0.337154 0.039749 0.031250 0.041667