0 0.108486 0.479029 0.031250 0.041667
0 0.102196 0.514669 0.031250 0.041667
0 0.171379 0.546115 0.031250 0.041667
0 0.249995 0.487415 0.031250 0.041667
0 0.301882 0.472740 0.031250 0.041667
0 0.202825 0.766241 0.031250 0.041667
0 0.677668 0.617394 0.031250 0.041667
0 0.770435 0.653033 0.031250 0.041667
0 0.786159 0.889931 0.031250 0.041667
0 0.911945 0.852195 0.031250 0.041667
0 0.718549 0.485318 0.031250 0.041667
0 0.737416 0.374207 0.031250 0.041667
0 0.833328 0.393075 0.031250 0.041667
0 0.897794 0.374207 0.031250 0.041667
0 0.655655 0.319700 0.031250 0.041667
0 0.603769 0.160371 0.031250 0.041667
0 0.405655 0.342761 0.031250 0.041667
0 0.347479 0.271482 0.031250 0.041667
0 0.364775 0.235843 0.031250 0.041667
0 0.309744 0.233746 0.031250 0.041667
0 0.270435 0.212782 0.031250 0.041667
0 0.231127 0.229553 0.031250 0.041667
0 0.209115 0.229553 0.031250 0.041667
0 0.240561 0.181335 0.031250 0.041667
0 0.283014 0.181335 0.031250 0.041667
0 0.345907 0.135214 0.031250 0.041667
0 0.276725 0.086996 0.031250 0.041667
0 0.286159 0.093285 0.031250 0.041667
0 0.210687 0.068128 0.031250 0.041667
0 0.226410 0.051356 0.031250 0.041667
0 0.187102 0.061838 0.031250 0.041667
0 0.355341 0.084899 0.031250 0.041667
0 0.548737 0.464354 0.031250 0.041667