0 0.193391 0.107960 0.031250 0.041667
0 0.227983 0.112153 0.031250 0.041667
0 0.262574 0.103767 0.031250 0.041667
0 0.272008 0.095381 0.031250 0.041667
0 0.289303 0.089092 0.031250 0.041667
0 0.333328 0.097478 0.031250 0.041667
0 0.360058 0.089092 0.031250 0.041667
0 0.187102 0.170853 0.031250 0.041667
0 0.303454 0.189721 0.031250 0.041667
0 0.311316 0.263096 0.031250 0.041667
0 0.242133 0.309218 0.031250 0.041667
0 0.210687 0.286157 0.031250 0.041667
0 0.342762 0.466450 0.031250 0.041667
0 0.408800 0.470643 0.031250 0.041667
0 0.421379 0.514669 0.031250 0.041667
0 0.529869 0.537729 0.031250 0.041667
0 0.542448 0.508379 0.031250 0.041667
0 0.608486 0.592237 0.031250 0.041667
0 0.756284 0.592237 0.031250 0.041667
0 0.834901 0.569176 0.031250 0.041667
0 0.201253 0.818652 0.031250 0.041667
0 0.888360 0.277771 0.031250 0.041667
0 0.737416 0.097478 0.031250 0.041667
0 0.710687 0.093285 0.031250 0.041667
0 0.674523 0.097478 0.031250 0.041667
0 0.551882 0.462258 0.031250 0.041667