0 0.203477 0.101464 0.031250 0.041667
0 0.274830 0.093008 0.031250 0.041667
0 0.282758 0.093008 0.031250 0.041667
0 0.297029 0.093008 0.031250 0.041667
0 0.333498 0.084551 0.031250 0.041667
0 0.358868 0.084551 0.031250 0.041667
0 0.346183 0.202944 0.031250 0.041667
0 0.388995 0.240999 0.031250 0.041667
0 0.398509 0.249456 0.031250 0.041667
0 0.414365 0.228314 0.031250 0.041667
0 0.369967 0.213515 0.031250 0.041667
0 0.461933 0.192374 0.031250 0.041667
0 0.260559 0.200830 0.031250 0.041667
0 0.274830 0.217744 0.031250 0.041667
0 0.171764 0.331908 0.031250 0.041667
0 0.206648 0.342479 0.031250 0.041667
0 0.135295 0.640577 0.031250 0.041667
0 0.157494 0.670175 0.031250 0.041667
0 0.193963 0.737828 0.031250 0.041667
0 0.293857 0.756856 0.031250 0.041667
0 0.794914 0.589837 0.031250 0.041667
0 0.897980 0.560238 0.031250 0.041667
0 0.866268 0.761084 0.031250 0.041667
0 0.750517 0.232543 0.031250 0.041667
0 0.725147 0.215629 0.031250 0.041667
0 0.790158 0.188145 0.031250 0.041667
0 0.550728 0.467215 0.031250 0.041667