0 0.792970 0.702906 0.031250 0.041667
0 0.372527 0.794195 0.031250 0.041667
0 0.302131 0.791623 0.031250 0.041667
0 0.312739 0.749193 0.031250 0.041667
0 0.445815 0.636046 0.031250 0.041667
0 0.447744 0.596188 0.031250 0.041667
0 0.395670 0.535757 0.031250 0.041667
0 0.394706 0.501042 0.031250 0.041667
0 0.504639 0.537043 0.031250 0.041667
0 0.545140 0.468898 0.031250 0.041667
0 0.389884 0.252890 0.031250 0.041667
0 0.348419 0.258033 0.031250 0.041667
0 0.445815 0.209174 0.031250 0.041667
0 0.281881 0.207888 0.031250 0.041667
0 0.246201 0.250318 0.031250 0.041667
0 0.190270 0.125600 0.031250 0.041667
0 0.267416 0.092170 0.031250 0.041667
0 0.230772 0.060026 0.031250 0.041667
0 0.275130 0.053597 0.031250 0.041667
0 0.600106 0.204031 0.031250 0.041667
0 0.604928 0.180887 0.031250 0.041667
0 0.618428 0.177030 0.031250 0.041667
0 0.612642 0.130743 0.031250 0.041667
0 0.631929 0.128171 0.031250 0.041667
0 0.696538 0.164172 0.031250 0.041667
0 0.708110 0.133314 0.031250 0.041667