0 0.242106 0.186285 0.031250 0.041667
0 0.273652 0.193295 0.031250 0.041667
0 0.296785 0.159647 0.031250 0.041667
0 0.292579 0.135812 0.031250 0.041667
0 0.331486 0.135812 0.031250 0.041667
0 0.369341 0.103565 0.031250 0.041667
0 0.377753 0.148430 0.031250 0.041667
0 0.313610 0.074123 0.031250 0.041667
0 0.357774 0.089545 0.031250 0.041667
0 0.450308 0.205914 0.031250 0.041667
0 0.330434 0.252181 0.031250 0.041667
0 0.302043 0.260593 0.031250 0.041667
0 0.060192 0.588669 0.031250 0.041667
0 0.394577 0.500341 0.031250 0.041667
0 0.415608 0.535391 0.031250 0.041667
0 0.442947 0.522773 0.031250 0.041667
0 0.494472 0.562030 0.031250 0.041667
0 0.515503 0.533989 0.031250 0.041667
0 0.550203 0.526979 0.031250 0.041667
0 0.559667 0.504547 0.031250 0.041667
0 0.532327 0.477908 0.031250 0.041667
0 0.456617 0.798974 0.031250 0.041667
0 0.364083 0.810190 0.031250 0.041667
0 0.360928 0.759717 0.031250 0.041667
0 0.836218 0.173667 0.031250 0.041667
0 0.558615 0.193295 0.031250 0.041667
0 0.396680 0.135812 0.031250 0.041667
0 0.332537 0.110575 0.031250 0.041667