0 0.185440 0.110307 0.031250 0.041667
0 0.205108 0.112056 0.031250 0.041667
0 0.245755 0.080587 0.031250 0.041667
0 0.265423 0.080587 0.031250 0.041667
0 0.315248 0.092825 0.031250 0.041667
0 0.341472 0.080587 0.031250 0.041667
0 0.355895 0.080587 0.031250 0.041667
0 0.367696 0.113804 0.031250 0.041667
0 0.271979 0.171496 0.031250 0.041667
0 0.233954 0.255412 0.031250 0.041667
0 0.151349 0.369049 0.031250 0.041667
0 0.132993 0.438979 0.031250 0.041667
0 0.106769 0.549119 0.031250 0.041667
0 0.168395 0.743175 0.031250 0.041667
0 0.195930 0.709958 0.031250 0.041667
0 0.391297 0.507161 0.031250 0.041667
0 0.403098 0.526391 0.031250 0.041667
0 0.458168 0.545622 0.031250 0.041667
0 0.530283 0.545622 0.031250 0.041667
0 0.569619 0.517650 0.031250 0.041667
0 0.598465 0.498419 0.031250 0.041667
0 0.549951 0.466951 0.031250 0.041667
0 0.546017 0.381286 0.031250 0.041667
0 0.507993 0.358559 0.031250 0.041667
0 0.437189 0.211706 0.031250 0.041667
0 0.446367 0.209958 0.031250 0.041667
0 0.611577 0.218699 0.031250 0.041667
0 0.650912 0.236182 0.031250 0.041667
0 0.703360 0.208209 0.031250 0.041667
0 0.757119 0.258909 0.031250 0.041667
0 0.808255 0.251916 0.031250 0.041667
0 0.848902 0.508909 0.031250 0.041667