0 0.266099 0.144368 0.031250 0.041667
0 0.300562 0.137803 0.031250 0.041667
0 0.312050 0.094039 0.031250 0.041667
0 0.343232 0.159685 0.031250 0.041667
0 0.443341 0.196884 0.031250 0.041667
0 0.458112 0.210013 0.031250 0.041667
0 0.546733 0.207825 0.031250 0.041667
0 0.574632 0.181567 0.031250 0.041667
0 0.632072 0.155309 0.031250 0.041667
0 0.692794 0.139991 0.031250 0.041667
0 0.743670 0.144368 0.031250 0.041667
0 0.658330 0.210013 0.031250 0.041667
0 0.671460 0.234083 0.031250 0.041667
0 0.740387 0.304105 0.031250 0.041667
0 0.771569 0.345681 0.031250 0.041667
0 0.802751 0.308481 0.031250 0.041667
0 0.825727 0.822705 0.031250 0.041667
0 0.507346 0.538241 0.031250 0.041667
0 0.554939 0.468219 0.031250 0.041667
0 0.394107 0.501042 0.031250 0.041667
0 0.405595 0.533864 0.031250 0.041667
0 0.444983 0.636709 0.031250 0.041667
0 0.451547 0.750495 0.031250 0.041667
0 0.392466 0.757059 0.031250 0.041667
0 0.395748 0.803011 0.031250 0.041667
0 0.335026 0.792070 0.031250 0.041667
0 0.318615 0.816140 0.031250 0.041667
0 0.162707 0.792070 0.031250 0.041667
0 0.161066 0.743930 0.031250 0.041667
0 0.067521 0.645462 0.031250 0.041667
0 0.046186 0.684849 0.031250 0.041667
0 0.015004 0.518547 0.031250 0.041667
0 0.085573 0.450713 0.031250 0.041667
0 0.113473 0.608263 0.031250 0.041667
0 0.238199 0.625768 0.031250 0.041667
0 0.297280 0.356622 0.031250 0.041667
0 0.264457 0.277847 0.031250 0.041667
0 0.223429 0.280035 0.031250 0.041667