0 0.210740 0.344984 0.031250 0.041667
0 0.149139 0.347722 0.031250 0.041667
0 0.330863 0.340877 0.031250 0.041667
0 0.250781 0.220412 0.031250 0.041667
0 0.266182 0.145121 0.031250 0.041667
0 0.282609 0.138276 0.031250 0.041667
0 0.278502 0.098578 0.031250 0.041667
0 0.293902 0.095840 0.031250 0.041667
0 0.244621 0.110898 0.031250 0.041667
0 0.205607 0.120480 0.031250 0.041667
0 0.196366 0.132801 0.031250 0.041667
0 0.460227 0.533896 0.031250 0.041667
0 0.512588 0.535265 0.031250 0.041667
0 0.552629 0.472294 0.031250 0.041667
0 0.529015 0.652992 0.031250 0.041667
0 0.503348 0.666682 0.031250 0.041667
0 0.511562 0.609187 0.031250 0.041667
0 0.235381 0.789885 0.031250 0.041667
0 0.651192 0.967845 0.031250 0.041667
0 0.677886 0.349091 0.031250 0.041667
0 0.638872 0.340877 0.031250 0.041667
0 0.705607 0.309392 0.031250 0.041667
0 0.714847 0.245053 0.031250 0.041667
0 0.680966 0.228626 0.031250 0.041667
0 0.666592 0.205354 0.031250 0.041667
0 0.648112 0.257373 0.031250 0.041667
0 0.827783 0.280645 0.031250 0.041667
0 0.853451 0.294334 0.031250 0.041667
0 0.817516 0.425751 0.031250 0.041667
0 0.850371 0.409324 0.031250 0.041667
0 0.444826 0.212198 0.031250 0.041667
0 0.453040 0.201247 0.031250 0.041667
0 0.557763 0.195771 0.031250 0.041667
0 0.564950 0.121849 0.031250 0.041667
0 0.730247 0.320344 0.031250 0.041667
0 0.676859 0.302547 0.031250 0.041667