0 0.232700 0.218174 0.031250 0.041667
0 0.225950 0.291463 0.031250 0.041667
0 0.204735 0.387895 0.031250 0.041667
0 0.159412 0.400752 0.031250 0.041667
0 0.089981 0.628332 0.031250 0.041667
0 0.061051 0.600045 0.031250 0.041667
0 0.283809 0.769766 0.031250 0.041667
0 0.336847 0.801910 0.031250 0.041667
0 0.422671 0.758194 0.031250 0.041667
0 0.444851 0.652761 0.031250 0.041667
0 0.401456 0.528043 0.031250 0.041667
0 0.390849 0.501042 0.031250 0.041667
0 0.395670 0.416181 0.031250 0.041667
0 0.327204 0.411038 0.031250 0.041667
0 0.505603 0.525471 0.031250 0.041667
0 0.552855 0.467612 0.031250 0.041667
0 0.599142 0.504899 0.031250 0.041667
0 0.661823 0.351893 0.031250 0.041667
0 0.704253 0.346750 0.031250 0.041667
0 0.792006 0.360894 0.031250 0.041667
0 0.824793 0.377609 0.031250 0.041667
0 0.632893 0.124314 0.031250 0.041667
0 0.594320 0.129457 0.031250 0.041667
0 0.303096 0.209174 0.031250 0.041667
0 0.278988 0.193745 0.031250 0.041667
0 0.260666 0.135886 0.031250 0.041667
0 0.245236 0.129457 0.031250 0.041667
0 0.206664 0.110171 0.031250 0.041667
0 0.184484 0.114028 0.031250 0.041667
0 0.189306 0.058740 0.031250 0.041667
0 0.231736 0.043311 0.031250 0.041667
0 0.285738 0.093456 0.031250 0.041667
0 0.316596 0.097313 0.031250 0.041667
0 0.344561 0.102456 0.031250 0.041667
0 0.442922 0.200174 0.031250 0.041667
0 0.416885 0.169316 0.031250 0.041667