0 0.306337 0.081729 0.031250 0.041667
0 0.381734 0.049983 0.031250 0.041667
0 0.397607 0.049983 0.031250 0.041667
0 0.453162 0.195486 0.031250 0.041667
0 0.183321 0.237814 0.031250 0.041667
0 0.262686 0.219296 0.031250 0.041667
0 0.300384 0.224587 0.031250 0.041667
0 0.336099 0.237814 0.031250 0.041667
0 0.060305 0.499719 0.031250 0.041667
0 0.123797 0.507655 0.031250 0.041667
0 0.149591 0.825116 0.031250 0.041667
0 0.189273 0.801306 0.031250 0.041667
0 0.308321 0.751042 0.031250 0.041667
0 0.294432 0.796015 0.031250 0.041667
0 0.348003 0.790724 0.031250 0.041667
0 0.373797 0.785433 0.031250 0.041667
0 0.407527 0.766915 0.031250 0.041667
0 0.427369 0.727232 0.031250 0.041667
0 0.411496 0.465327 0.031250 0.041667
0 0.405543 0.497073 0.031250 0.041667
0 0.419432 0.523528 0.031250 0.041667
0 0.552369 0.520883 0.031250 0.041667
0 0.578162 0.491782 0.031250 0.041667
0 0.540464 0.462682 0.031250 0.041667
0 0.774591 0.870089 0.031250 0.041667
0 0.877765 0.859507 0.031250 0.041667
0 0.810305 0.452100 0.031250 0.041667
0 0.883718 0.444163 0.031250 0.041667
0 0.536496 0.206068 0.031250 0.041667
0 0.655543 0.192841 0.031250 0.041667
0 0.697210 0.142576 0.031250 0.041667
0 0.695226 0.176968 0.031250 0.041667
0 0.724988 0.179613 0.031250 0.041667
0 0.754750 0.163740 0.031250 0.041667
0 0.784511 0.171677 0.031250 0.041667
0 0.830146 0.171677 0.031250 0.041667