0 0.206648 0.131063 0.031250 0.041667
0 0.214576 0.141634 0.031250 0.041667
0 0.271659 0.095122 0.031250 0.041667
0 0.281172 0.093008 0.031250 0.041667
0 0.297029 0.063410 0.031250 0.041667
0 0.335084 0.090894 0.031250 0.041667
0 0.344597 0.080323 0.031250 0.041667
0 0.442906 0.211401 0.031250 0.041667
0 0.461933 0.196602 0.031250 0.041667
0 0.252631 0.196602 0.031250 0.041667
0 0.304957 0.215629 0.031250 0.041667
0 0.225676 0.279054 0.031250 0.041667
0 0.330327 0.331908 0.031250 0.041667
0 0.384238 0.321338 0.031250 0.041667
0 0.398509 0.513727 0.031250 0.041667
0 0.393752 0.488357 0.031250 0.041667
0 0.458762 0.536982 0.031250 0.041667
0 0.523773 0.549667 0.031250 0.041667
0 0.544386 0.479900 0.031250 0.041667
0 0.660136 0.528526 0.031250 0.041667
0 0.477790 0.680746 0.031250 0.041667
0 0.168593 0.716686 0.031250 0.041667
0 0.192377 0.731486 0.031250 0.041667
0 0.861511 0.983071 0.031250 0.041667
0 0.851997 0.465101 0.031250 0.041667
0 0.806014 0.374192 0.031250 0.041667
0 0.733075 0.308653 0.031250 0.041667
0 0.767959 0.295968 0.031250 0.041667
0 0.658551 0.238885 0.031250 0.041667
0 0.701363 0.245228 0.031250 0.041667
0 0.652208 0.135291 0.031250 0.041667
0 0.891637 0.274826 0.031250 0.041667