0 0.503674 0.540900 0.031250 0.041667
0 0.595285 0.507470 0.031250 0.041667
0 0.547069 0.470183 0.031250 0.041667
0 0.406278 0.471469 0.031250 0.041667
0 0.387956 0.507470 0.031250 0.041667
0 0.410135 0.531900 0.031250 0.041667
0 0.453530 0.650190 0.031250 0.041667
0 0.409171 0.741479 0.031250 0.041667
0 0.339740 0.799338 0.031250 0.041667
0 0.288631 0.762051 0.031250 0.041667
0 0.140126 0.696477 0.031250 0.041667
0 0.124696 0.537043 0.031250 0.041667
0 0.141090 0.430325 0.031250 0.041667
0 0.213414 0.251604 0.031250 0.041667
0 0.233665 0.305606 0.031250 0.041667
0 0.259701 0.224603 0.031250 0.041667
0 0.279952 0.243890 0.031250 0.041667
0 0.303096 0.312035 0.031250 0.041667
0 0.337811 0.348036 0.031250 0.041667
0 0.251022 0.101170 0.031250 0.041667
0 0.228843 0.089598 0.031250 0.041667
0 0.288631 0.094741 0.031250 0.041667
0 0.311774 0.098599 0.031250 0.041667
0 0.348419 0.102456 0.031250 0.041667
0 0.332990 0.193745 0.031250 0.041667
0 0.351312 0.192459 0.031250 0.041667
0 0.359026 0.166744 0.031250 0.041667
0 0.386027 0.168030 0.031250 0.041667
0 0.444851 0.207888 0.031250 0.041667
0 0.667609 0.313321 0.031250 0.041667
0 0.664716 0.330036 0.031250 0.041667
0 0.844079 0.420039 0.031250 0.041667
0 0.722575 0.435468 0.031250 0.041667
0 0.645429 0.778766 0.031250 0.041667
0 0.737040 0.781337 0.031250 0.041667
0 0.841186 0.794195 0.031250 0.041667
0 0.931832 0.756908 0.031250 0.041667