0 0.254724 0.758315 0.031250 0.041667
0 0.328331 0.772335 0.031250 0.041667
0 0.389320 0.812994 0.031250 0.041667
0 0.393526 0.773737 0.031250 0.041667
0 0.410350 0.526979 0.031250 0.041667
0 0.400886 0.504547 0.031250 0.041667
0 0.417711 0.480712 0.031250 0.041667
0 0.498678 0.535391 0.031250 0.041667
0 0.553357 0.522773 0.031250 0.041667
0 0.571233 0.491928 0.031250 0.041667
0 0.544945 0.473702 0.031250 0.041667
0 0.819393 0.713450 0.031250 0.041667
0 0.869866 0.786355 0.031250 0.041667
0 0.763662 0.452672 0.031250 0.041667
0 0.691107 0.372756 0.031250 0.041667
0 0.695313 0.271809 0.031250 0.041667
0 0.733168 0.287232 0.031250 0.041667
0 0.761559 0.346117 0.031250 0.041667
0 0.824651 0.247975 0.031250 0.041667
0 0.359877 0.376962 0.031250 0.041667
0 0.279961 0.369952 0.031250 0.041667
0 0.217921 0.386776 0.031250 0.041667
0 0.190581 0.325087 0.031250 0.041667
0 0.216870 0.294242 0.031250 0.041667
0 0.018131 0.483516 0.031250 0.041667
0 0.297837 0.288634 0.031250 0.041667
0 0.309404 0.287232 0.031250 0.041667
0 0.353568 0.280221 0.031250 0.041667
0 0.409299 0.288634 0.031250 0.041667
0 0.419814 0.257789 0.031250 0.041667
0 0.443999 0.287232 0.031250 0.041667
0 0.452411 0.204512 0.031250 0.041667
0 0.290476 0.180677 0.031250 0.041667
0 0.245261 0.190491 0.031250 0.041667
0 0.218973 0.161049 0.031250 0.041667
0 0.191633 0.191893 0.031250 0.041667
0 0.207406 0.111978 0.031250 0.041667
0 0.221076 0.103565 0.031250 0.041667
0 0.205303 0.079731 0.031250 0.041667
0 0.229488 0.088143 0.031250 0.041667
0 0.229488 0.071319 0.031250 0.041667
0 0.276806 0.093751 0.031250 0.041667
0 0.285219 0.088143 0.031250 0.041667
0 0.580697 0.113380 0.031250 0.041667
0 0.195839 0.041876 0.031250 0.041667