0 0.256900 0.063105 0.031250 0.041667
0 0.311970 0.087580 0.031250 0.041667
0 0.243788 0.164503 0.031250 0.041667
0 0.268701 0.180237 0.031250 0.041667
0 0.224120 0.194223 0.031250 0.041667
0 0.242477 0.265902 0.031250 0.041667
0 0.277879 0.213454 0.031250 0.041667
0 0.298858 0.276391 0.031250 0.041667
0 0.327704 0.204713 0.031250 0.041667
0 0.364418 0.209958 0.031250 0.041667
0 0.388019 0.192475 0.031250 0.041667
0 0.444400 0.202965 0.031250 0.041667
0 0.153316 0.519398 0.031250 0.041667
0 0.157250 0.376042 0.031250 0.041667
0 0.394575 0.510657 0.031250 0.041667
0 0.408998 0.519398 0.031250 0.041667
0 0.557162 0.524643 0.031250 0.041667
0 0.572897 0.496671 0.031250 0.041667
0 0.547984 0.470447 0.031250 0.041667
0 0.318526 0.751916 0.031250 0.041667
0 0.348683 0.776391 0.031250 0.041667
0 0.411620 0.743175 0.031250 0.041667
0 0.436533 0.769398 0.031250 0.041667
0 0.465379 0.799119 0.031250 0.041667
0 0.525694 0.744923 0.031250 0.041667
0 0.557162 0.638279 0.031250 0.041667
0 0.704016 0.872545 0.031250 0.041667
0 0.782687 0.767650 0.031250 0.041667
0 0.793176 0.306112 0.031250 0.041667
0 0.828578 0.358559 0.031250 0.041667
0 0.862669 0.306112 0.031250 0.041667
0 0.635834 0.096321 0.031250 0.041667