0 0.206664 0.126885 0.031250 0.041667
0 0.250058 0.182173 0.031250 0.041667
0 0.288631 0.178316 0.031250 0.041667
0 0.321418 0.168030 0.031250 0.041667
0 0.282845 0.093456 0.031250 0.041667
0 0.312739 0.094741 0.031250 0.041667
0 0.338775 0.099884 0.031250 0.041667
0 0.446779 0.204031 0.031250 0.041667
0 0.386027 0.753051 0.031250 0.041667
0 0.321418 0.777480 0.031250 0.041667
0 0.256808 0.759479 0.031250 0.041667
0 0.440993 0.654047 0.031250 0.041667
0 0.410135 0.540900 0.031250 0.041667
0 0.395670 0.517757 0.031250 0.041667
0 0.506567 0.537043 0.031250 0.041667
0 0.594320 0.513899 0.031250 0.041667
0 0.548997 0.472755 0.031250 0.041667
0 0.745719 0.593616 0.031250 0.041667
0 0.819971 0.634761 0.031250 0.041667
0 0.869152 0.636046 0.031250 0.041667
0 0.874937 0.472755 0.031250 0.041667
0 0.773684 0.470183 0.031250 0.041667
0 0.693645 0.952343 0.031250 0.041667
0 0.610714 0.918914 0.031250 0.041667
0 0.817078 0.216889 0.031250 0.041667
0 0.787184 0.205317 0.031250 0.041667
0 0.765005 0.207888 0.031250 0.041667
0 0.542247 0.092170 0.031250 0.041667