0 0.219333 0.073980 0.031250 0.041667
0 0.246289 0.065524 0.031250 0.041667
0 0.274830 0.084551 0.031250 0.041667
0 0.282758 0.084551 0.031250 0.041667
0 0.290686 0.093008 0.031250 0.041667
0 0.341426 0.093008 0.031250 0.041667
0 0.346183 0.080323 0.031250 0.041667
0 0.363625 0.082437 0.031250 0.041667
0 0.357282 0.093008 0.031250 0.041667
0 0.284344 0.120492 0.031250 0.041667
0 0.228847 0.122606 0.031250 0.041667
0 0.197134 0.141634 0.031250 0.041667
0 0.224090 0.145862 0.031250 0.041667
0 0.247874 0.154319 0.031250 0.041667
0 0.278001 0.194488 0.031250 0.041667
0 0.328741 0.194488 0.031250 0.041667
0 0.442906 0.205059 0.031250 0.041667
0 0.455591 0.200830 0.031250 0.041667
0 0.358868 0.281169 0.031250 0.041667
0 0.346183 0.317109 0.031250 0.041667
0 0.311299 0.289625 0.031250 0.041667
0 0.235189 0.270598 0.031250 0.041667
0 0.201891 0.287511 0.031250 0.041667
0 0.252631 0.412247 0.031250 0.041667
0 0.130538 0.509498 0.031250 0.041667
0 0.063942 0.509498 0.031250 0.041667
0 0.168593 0.712458 0.031250 0.041667
0 0.201891 0.729371 0.031250 0.041667
0 0.384238 0.475672 0.031250 0.041667
0 0.409608 0.513727 0.031250 0.041667
0 0.457177 0.545439 0.031250 0.041667
0 0.525358 0.549667 0.031250 0.041667
0 0.555485 0.465101 0.031250 0.041667
0 0.645866 0.501042 0.031250 0.041667
0 0.709291 0.513727 0.031250 0.041667
0 0.793329 0.353050 0.031250 0.041667
0 0.842483 0.363621 0.031250 0.041667
0 0.815528 0.298082 0.031250 0.041667
0 0.788572 0.298082 0.031250 0.041667
0 0.885295 0.281169 0.031250 0.041667
0 0.695020 0.306538 0.031250 0.041667
0 0.647451 0.295968 0.031250 0.041667
0 0.634766 0.285397 0.031250 0.041667
0 0.588783 0.251570 0.031250 0.041667
0 0.712462 0.122606 0.031250 0.041667
0 0.758445 0.112035 0.031250 0.041667
0 0.840898 0.186031 0.031250 0.041667