0 0.246312 0.247975 0.031250 0.041667
0 0.284167 0.232552 0.031250 0.041667
0 0.252621 0.140018 0.031250 0.041667
0 0.259982 0.103565 0.031250 0.041667
0 0.269446 0.078329 0.031250 0.041667
0 0.243158 0.085339 0.031250 0.041667
0 0.225282 0.086741 0.031250 0.041667
0 0.208457 0.076927 0.031250 0.041667
0 0.203200 0.061504 0.031250 0.041667
0 0.192685 0.141420 0.031250 0.041667
0 0.450308 0.203110 0.031250 0.041667
0 0.380907 0.148430 0.031250 0.041667
0 0.399835 0.500341 0.031250 0.041667
0 0.410350 0.533989 0.031250 0.041667
0 0.445050 0.515763 0.031250 0.041667
0 0.509193 0.531185 0.031250 0.041667
0 0.547048 0.519969 0.031250 0.041667
0 0.558615 0.490526 0.031250 0.041667
0 0.545997 0.469496 0.031250 0.041667
0 0.780487 0.489124 0.031250 0.041667
0 0.563873 0.197502 0.031250 0.041667
0 0.416659 0.787757 0.031250 0.041667
0 0.348310 0.815798 0.031250 0.041667
0 0.310455 0.776541 0.031250 0.041667
0 0.150624 0.820004 0.031250 0.041667