0 0.198812 0.065593 0.031250 0.041667
0 0.200453 0.094039 0.031250 0.041667
0 0.266099 0.083099 0.031250 0.041667
0 0.285792 0.059029 0.031250 0.041667
0 0.248046 0.039335 0.031250 0.041667
0 0.259534 0.039335 0.031250 0.041667
0 0.223429 0.129050 0.031250 0.041667
0 0.356361 0.139991 0.031250 0.041667
0 0.397390 0.142180 0.031250 0.041667
0 0.449906 0.207825 0.031250 0.041667
0 0.431853 0.229707 0.031250 0.041667
0 0.545092 0.212201 0.031250 0.041667
0 0.561503 0.201260 0.031250 0.041667
0 0.633713 0.122486 0.031250 0.041667
0 0.184042 0.107169 0.031250 0.041667
0 0.669818 0.336928 0.031250 0.041667
0 0.686230 0.319422 0.031250 0.041667
0 0.756799 0.280035 0.031250 0.041667
0 0.796186 0.336928 0.031250 0.041667
0 0.847061 0.345681 0.031250 0.041667
0 0.546733 0.472595 0.031250 0.041667
0 0.797827 0.527300 0.031250 0.041667
0 0.863473 0.527300 0.031250 0.041667
0 0.943888 0.805199 0.031250 0.041667
0 0.704282 0.986818 0.031250 0.041667
0 0.612379 0.958372 0.031250 0.041667
0 0.423648 0.778941 0.031250 0.041667
0 0.508987 0.719860 0.031250 0.041667
0 0.467958 0.623580 0.031250 0.041667
0 0.510628 0.529488 0.031250 0.041667
0 0.397390 0.507606 0.031250 0.041667
0 0.405595 0.522924 0.031250 0.041667
0 0.256252 0.538241 0.031250 0.041667
0 0.198812 0.536053 0.031250 0.041667
0 0.157783 0.520735 0.031250 0.041667
0 0.065880 0.568875 0.031250 0.041667
0 0.006799 0.575440 0.031250 0.041667
0 0.056033 0.652026 0.031250 0.041667
0 0.106908 0.608263 0.031250 0.041667
0 0.182401 0.732989 0.031250 0.041667
0 0.198812 0.774565 0.031250 0.041667
0 0.293998 0.807387 0.031250 0.041667
0 0.328462 0.820517 0.031250 0.041667
0 0.307127 0.181567 0.031250 0.041667