0 0.249689 0.084084 0.031250 0.041667
0 0.269356 0.087580 0.031250 0.041667
0 0.279846 0.092825 0.031250 0.041667
0 0.304759 0.092825 0.031250 0.041667
0 0.346717 0.089328 0.031250 0.041667
0 0.340161 0.078839 0.031250 0.041667
0 0.215598 0.187230 0.031250 0.041667
0 0.257556 0.187230 0.031250 0.041667
0 0.313937 0.265902 0.031250 0.041667
0 0.443745 0.204713 0.031250 0.041667
0 0.458168 0.215203 0.031250 0.041667
0 0.205108 0.470447 0.031250 0.041667
0 0.215598 0.501916 0.031250 0.041667
0 0.169706 0.860307 0.031250 0.041667
0 0.353273 0.500168 0.031250 0.041667
0 0.367696 0.493175 0.031250 0.041667
0 0.462101 0.540377 0.031250 0.041667
0 0.527661 0.549119 0.031250 0.041667
0 0.572241 0.517650 0.031250 0.041667
0 0.607643 0.501916 0.031250 0.041667
0 0.553884 0.472196 0.031250 0.041667
0 0.337538 0.781636 0.031250 0.041667
0 0.405720 0.811356 0.031250 0.041667
0 0.446367 0.730937 0.031250 0.041667
0 0.664024 0.647021 0.031250 0.041667
0 0.712538 0.648769 0.031250 0.041667
0 0.720405 0.629538 0.031250 0.041667
0 0.909217 0.547370 0.031250 0.041667
0 0.665335 0.293874 0.031250 0.041667
0 0.691559 0.171496 0.031250 0.041667
0 0.721717 0.178489 0.031250 0.041667
0 0.764986 0.115552 0.031250 0.041667
0 0.774164 0.264154 0.031250 0.041667
0 0.817433 0.269398 0.031250 0.041667