0 0.206419 0.075342 0.031250 0.041667
0 0.313937 0.101566 0.031250 0.041667
0 0.342783 0.078839 0.031250 0.041667
0 0.355895 0.084084 0.031250 0.041667
0 0.595842 0.330587 0.031250 0.041667
0 0.635178 0.309608 0.031250 0.041667
0 0.789898 0.318349 0.031250 0.041667
0 0.812189 0.355063 0.031250 0.041667
0 0.762363 0.503664 0.031250 0.041667
0 0.695493 0.514154 0.031250 0.041667
0 0.593220 0.498419 0.031250 0.041667
0 0.546017 0.472196 0.031250 0.041667
0 0.569619 0.514154 0.031250 0.041667
0 0.514549 0.540377 0.031250 0.041667
0 0.448989 0.549119 0.031250 0.041667
0 0.396542 0.503664 0.031250 0.041667
0 0.405720 0.524643 0.031250 0.041667
0 0.203797 0.753664 0.031250 0.041667
0 0.152661 0.753664 0.031250 0.041667
0 0.994444 0.737930 0.031250 0.041667