0 0.698468 0.625122 0.031250 0.041667
0 0.838321 0.651760 0.031250 0.041667
0 0.848836 0.616709 0.031250 0.041667
0 0.547048 0.473702 0.031250 0.041667
0 0.550203 0.515763 0.031250 0.041667
0 0.506039 0.528381 0.031250 0.041667
0 0.481854 0.518567 0.031250 0.041667
0 0.405093 0.517165 0.031250 0.041667
0 0.409299 0.521371 0.031250 0.041667
0 0.332537 0.801778 0.031250 0.041667
0 0.347259 0.967218 0.031250 0.041667
0 0.125387 0.390982 0.031250 0.041667
0 0.151675 0.463888 0.031250 0.041667
0 0.184272 0.383972 0.031250 0.041667
0 0.267343 0.301252 0.031250 0.041667
0 0.212663 0.165255 0.031250 0.041667
0 0.221076 0.130204 0.031250 0.041667
0 0.269446 0.131606 0.031250 0.041667
0 0.313610 0.138616 0.031250 0.041667
0 0.293631 0.096555 0.031250 0.041667
0 0.281013 0.097957 0.031250 0.041667
0 0.328331 0.085339 0.031250 0.041667
0 0.360928 0.085339 0.031250 0.041667
0 0.411402 0.064308 0.031250 0.041667
0 0.622758 0.121792 0.031250 0.041667
0 0.635376 0.149832 0.031250 0.041667
0 0.702674 0.145626 0.031250 0.041667
0 0.749993 0.145626 0.031250 0.041667
0 0.595418 0.193295 0.031250 0.041667
0 0.556512 0.194697 0.031250 0.041667
0 0.457669 0.194697 0.031250 0.041667
0 0.569130 0.500341 0.031250 0.041667
0 0.670699 0.256004 0.031250 0.041667
0 0.716900 0.228626 0.031250 0.041667