0 0.809930 0.308262 0.031250 0.041667
0 0.827805 0.318076 0.031250 0.041667
0 0.587006 0.222738 0.031250 0.041667
0 0.792054 0.424631 0.031250 0.041667
0 0.556512 0.194697 0.031250 0.041667
0 0.453463 0.196100 0.031250 0.041667
0 0.512348 0.525577 0.031250 0.041667
0 0.545997 0.521371 0.031250 0.041667
0 0.565976 0.500341 0.031250 0.041667
0 0.544945 0.475104 0.031250 0.041667
0 0.695313 0.674193 0.031250 0.041667
0 0.392474 0.769531 0.031250 0.041667
0 0.367238 0.810190 0.031250 0.041667
0 0.315713 0.769531 0.031250 0.041667
0 0.269446 0.765325 0.031250 0.041667
0 0.147469 0.447063 0.031250 0.041667
0 0.024441 0.470898 0.031250 0.041667
0 0.411402 0.524175 0.031250 0.041667
0 0.397732 0.500341 0.031250 0.041667
0 0.413505 0.477908 0.031250 0.041667
0 0.212663 0.287232 0.031250 0.041667
0 0.279961 0.281624 0.031250 0.041667
0 0.308352 0.267603 0.031250 0.041667
0 0.387217 0.172265 0.031250 0.041667
0 0.350413 0.149832 0.031250 0.041667
0 0.303095 0.116184 0.031250 0.041667
0 0.262085 0.118988 0.031250 0.041667
0 0.251570 0.141420 0.031250 0.041667
0 0.220024 0.138616 0.031250 0.041667
0 0.191633 0.131606 0.031250 0.041667
0 0.190581 0.159647 0.031250 0.041667
0 0.211612 0.068515 0.031250 0.041667
0 0.277858 0.095153 0.031250 0.041667
0 0.290476 0.089545 0.031250 0.041667
0 0.343053 0.103565 0.031250 0.041667
0 0.371444 0.090947 0.031250 0.041667
0 0.379856 0.089545 0.031250 0.041667