0 0.021415 0.514477 0.031250 0.041667
0 0.139457 0.413390 0.031250 0.041667
0 0.185522 0.418508 0.031250 0.041667
0 0.255580 0.309743 0.031250 0.041667
0 0.322758 0.284151 0.031250 0.041667
0 0.310282 0.172827 0.031250 0.041667
0 0.265177 0.096051 0.031250 0.041667
0 0.235426 0.088374 0.031250 0.041667
0 0.290129 0.041029 0.031250 0.041667
0 0.293008 0.067900 0.031250 0.041667
0 0.314121 0.079417 0.031250 0.041667
0 0.341952 0.079417 0.031250 0.041667
0 0.355388 0.042308 0.031250 0.041667
0 0.365944 0.088374 0.031250 0.041667
0 0.372662 0.066621 0.031250 0.041667
0 0.616424 0.147235 0.031250 0.041667
0 0.583795 0.144676 0.031250 0.041667
0 0.673046 0.140837 0.031250 0.041667
0 0.762298 0.117804 0.031250 0.041667
0 0.691280 0.230408 0.031250 0.041667
0 0.694159 0.348131 0.031250 0.041667
0 0.540609 0.472251 0.031250 0.041667
0 0.568440 0.505520 0.031250 0.041667
0 0.555964 0.525994 0.031250 0.041667
0 0.502221 0.534951 0.031250 0.041667
0 0.412010 0.524714 0.031250 0.041667
0 0.395695 0.505520 0.031250 0.041667
0 0.418728 0.487606 0.031250 0.041667
0 0.454236 0.212494 0.031250 0.041667
0 0.772854 0.758879 0.031250 0.041667
0 0.848670 0.753761 0.031250 0.041667
0 0.461914 0.742244 0.031250 0.041667
0 0.348670 0.839493 0.031250 0.041667
0 0.211434 0.898355 0.031250 0.041667