0 0.043693 0.628332 0.031250 0.041667
0 0.222093 0.723478 0.031250 0.041667
0 0.305989 0.760765 0.031250 0.041667
0 0.326239 0.773623 0.031250 0.041667
0 0.359991 0.794195 0.031250 0.041667
0 0.450637 0.655333 0.031250 0.041667
0 0.408207 0.528043 0.031250 0.041667
0 0.394706 0.502327 0.031250 0.041667
0 0.497888 0.538329 0.031250 0.041667
0 0.546104 0.471469 0.031250 0.041667
0 0.592392 0.511328 0.031250 0.041667
0 0.639643 0.408467 0.031250 0.041667
0 0.738968 0.530614 0.031250 0.041667
0 0.891331 0.520328 0.031250 0.041667
0 0.787184 0.299177 0.031250 0.041667
0 0.718718 0.276034 0.031250 0.041667
0 0.742826 0.210460 0.031250 0.041667
0 0.770791 0.215603 0.031250 0.041667
0 0.777541 0.162887 0.031250 0.041667
0 0.641572 0.139743 0.031250 0.041667
0 0.599142 0.137172 0.031250 0.041667
0 0.594320 0.164172 0.031250 0.041667
0 0.427493 0.202745 0.031250 0.041667
0 0.402421 0.241318 0.031250 0.041667
0 0.344561 0.264462 0.031250 0.041667
0 0.308882 0.209174 0.031250 0.041667
0 0.286702 0.094741 0.031250 0.041667
0 0.310810 0.093456 0.031250 0.041667
0 0.347454 0.097313 0.031250 0.041667
0 0.217271 0.142315 0.031250 0.041667
0 0.248129 0.232318 0.031250 0.041667
0 0.266451 0.312035 0.031250 0.041667
0 0.303096 0.312035 0.031250 0.041667
0 0.313703 0.378894 0.031250 0.041667
0 0.165198 0.357037 0.031250 0.041667
0 0.137233 0.369894 0.031250 0.041667
0 0.130482 0.332607 0.031250 0.041667
0 0.575998 0.155172 0.031250 0.041667
0 0.386027 0.196316 0.031250 0.041667
0 0.379277 0.157744 0.031250 0.041667
0 0.452565 0.202745 0.031250 0.041667