0 0.205108 0.047370 0.031250 0.041667
0 0.195930 0.106811 0.031250 0.041667
0 0.235266 0.106811 0.031250 0.041667
0 0.265423 0.098070 0.031250 0.041667
0 0.285091 0.094573 0.031250 0.041667
0 0.311314 0.094573 0.031250 0.041667
0 0.341472 0.082335 0.031250 0.041667
0 0.350650 0.082335 0.031250 0.041667
0 0.240510 0.236182 0.031250 0.041667
0 0.282468 0.246671 0.031250 0.041667
0 0.324426 0.225692 0.031250 0.041667
0 0.395231 0.192475 0.031250 0.041667
0 0.445056 0.208209 0.031250 0.041667
0 0.462101 0.211706 0.031250 0.041667
0 0.475213 0.531636 0.031250 0.041667
0 0.519793 0.547370 0.031250 0.041667
0 0.565685 0.528140 0.031250 0.041667
0 0.582731 0.500168 0.031250 0.041667
0 0.556507 0.466951 0.031250 0.041667
0 0.681070 0.264154 0.031250 0.041667
0 0.321804 0.771147 0.031250 0.041667
0 0.431944 0.741426 0.031250 0.041667
0 0.451612 0.720447 0.031250 0.041667
0 0.544706 0.879538 0.031250 0.041667
0 0.644356 0.884783 0.031250 0.041667
0 0.723028 0.966951 0.031250 0.041667
0 0.826612 0.942475 0.031250 0.041667
0 0.404470 0.275176 0.031250 0.041667