0 0.311242 0.927785 0.031250 0.041667
0 0.355388 0.794708 0.031250 0.041667
0 0.466712 0.735847 0.031250 0.041667
0 0.405292 0.531112 0.031250 0.041667
0 0.400493 0.505520 0.031250 0.041667
0 0.419687 0.481208 0.031250 0.041667
0 0.509898 0.531112 0.031250 0.041667
0 0.552125 0.515757 0.031250 0.041667
0 0.578996 0.496563 0.031250 0.041667
0 0.544447 0.469692 0.031250 0.041667
0 0.795887 0.389077 0.031250 0.041667
0 0.636578 0.227849 0.031250 0.041667
0 0.646175 0.217612 0.031250 0.041667
0 0.703756 0.107568 0.031250 0.041667
0 0.747902 0.125482 0.031250 0.041667
0 0.765177 0.125482 0.031250 0.041667
0 0.559802 0.212494 0.031250 0.041667
0 0.321799 0.217612 0.031250 0.041667
0 0.321799 0.152353 0.031250 0.041667
0 0.269015 0.175386 0.031250 0.041667
0 0.264217 0.250882 0.031250 0.041667
0 0.225829 0.225290 0.031250 0.041667
0 0.403372 0.199698 0.031250 0.041667
0 0.444639 0.207376 0.031250 0.041667
0 0.326597 0.079417 0.031250 0.041667
0 0.310282 0.078137 0.031250 0.041667
0 0.293967 0.074298 0.031250 0.041667
0 0.271894 0.094772 0.031250 0.041667
0 0.245023 0.075578 0.031250 0.041667
0 0.243104 0.058943 0.031250 0.041667
0 0.233507 0.089653 0.031250 0.041667
0 0.184562 0.121643 0.031250 0.041667
0 0.360186 0.079417 0.031250 0.041667
0 0.182643 0.093492 0.031250 0.041667