0 0.210740 0.083519 0.031250 0.041667
0 0.216900 0.110898 0.031250 0.041667
0 0.180966 0.099947 0.031250 0.041667
0 0.185073 0.131432 0.031250 0.041667
0 0.282609 0.097209 0.031250 0.041667
0 0.290822 0.091733 0.031250 0.041667
0 0.200473 0.180713 0.031250 0.041667
0 0.263102 0.177975 0.031250 0.041667
0 0.188153 0.287489 0.031250 0.041667
0 0.228194 0.308023 0.031250 0.041667
0 0.363718 0.243684 0.031250 0.041667
0 0.382198 0.269693 0.031250 0.041667
0 0.419159 0.328557 0.031250 0.041667
0 0.439693 0.219043 0.031250 0.041667
0 0.448933 0.203985 0.031250 0.041667
0 0.732301 0.123218 0.031250 0.041667
0 0.768235 0.115005 0.031250 0.041667
0 0.699447 0.121849 0.031250 0.041667
0 0.610124 0.116374 0.031250 0.041667
0 0.556736 0.177975 0.031250 0.041667
0 0.694313 0.398372 0.031250 0.041667
0 0.749755 0.402479 0.031250 0.041667
0 0.552629 0.469556 0.031250 0.041667
0 0.585484 0.501042 0.031250 0.041667
0 0.555709 0.527051 0.031250 0.041667
0 0.502321 0.536634 0.031250 0.041667
0 0.453040 0.529789 0.031250 0.041667
0 0.496161 0.642041 0.031250 0.041667
0 0.520802 0.657099 0.031250 0.041667
0 0.570083 0.591391 0.031250 0.041667
0 0.148112 0.784409 0.031250 0.041667
0 0.020802 0.711856 0.031250 0.041667
0 0.046469 0.659837 0.031250 0.041667
0 0.373985 0.410693 0.031250 0.041667
0 0.882198 0.243684 0.031250 0.041667