0 0.132711 0.777565 0.031250 0.041667
0 0.290822 0.770720 0.031250 0.041667
0 0.278502 0.431226 0.031250 0.041667
0 0.456120 0.533896 0.031250 0.041667
0 0.503348 0.538003 0.031250 0.041667
0 0.478707 0.616031 0.031250 0.041667
0 0.517722 0.596866 0.031250 0.041667
0 0.543389 0.473663 0.031250 0.041667
0 0.752835 0.464081 0.031250 0.041667
0 0.822650 0.726914 0.031250 0.041667
0 0.902732 0.746079 0.031250 0.041667
0 0.728194 0.375101 0.031250 0.041667
0 0.669672 0.334033 0.031250 0.041667
0 0.688153 0.284751 0.031250 0.041667
0 0.688153 0.250528 0.031250 0.041667
0 0.715874 0.127325 0.031250 0.041667
0 0.752835 0.127325 0.031250 0.041667
0 0.774395 0.128694 0.031250 0.041667
0 0.809303 0.201247 0.031250 0.041667
0 0.370904 0.212198 0.031250 0.041667
0 0.349344 0.212198 0.031250 0.041667
0 0.378091 0.190296 0.031250 0.041667
0 0.404785 0.197140 0.031250 0.041667
0 0.440720 0.214936 0.031250 0.041667
0 0.312383 0.176606 0.031250 0.041667
0 0.277475 0.173868 0.031250 0.041667
0 0.175833 0.216305 0.031250 0.041667
0 0.270288 0.098578 0.031250 0.041667
0 0.296982 0.090364 0.031250 0.041667
0 0.233327 0.043821 0.031250 0.041667
0 0.551603 0.198509 0.031250 0.041667