0 0.320596 0.433964 0.031250 0.041667
0 0.389385 0.479139 0.031250 0.041667
0 0.443800 0.518838 0.031250 0.041667
0 0.502321 0.544847 0.031250 0.041667
0 0.497188 0.585915 0.031250 0.041667
0 0.462280 0.624245 0.031250 0.041667
0 0.581377 0.580439 0.031250 0.041667
0 0.546469 0.483246 0.031250 0.041667
0 0.612178 0.709118 0.031250 0.041667
0 0.622444 0.648886 0.031250 0.041667
0 0.915052 0.696798 0.031250 0.041667
0 0.725114 0.369625 0.031250 0.041667
0 0.763102 0.339508 0.031250 0.041667
0 0.747701 0.269693 0.031250 0.041667
0 0.701500 0.283383 0.031250 0.041667
0 0.549549 0.201247 0.031250 0.041667
0 0.440720 0.217674 0.031250 0.041667
0 0.445853 0.199878 0.031250 0.041667
0 0.291849 0.294334 0.031250 0.041667
0 0.250781 0.294334 0.031250 0.041667
0 0.229221 0.228626 0.031250 0.041667
0 0.201500 0.147859 0.031250 0.041667
0 0.233327 0.157441 0.031250 0.041667
0 0.229221 0.120480 0.031250 0.041667
0 0.230247 0.068461 0.031250 0.041667
0 0.185073 0.039714 0.031250 0.041667
0 0.279529 0.099947 0.031250 0.041667
0 0.291849 0.095840 0.031250 0.041667
0 0.314436 0.844642 0.031250 0.041667
0 0.721007 0.327188 0.031250 0.041667