0 0.776054 0.173173 0.031250 0.041667
0 0.785617 0.173173 0.031250 0.041667
0 0.218677 0.062062 0.031250 0.041667
0 0.192721 0.094849 0.031250 0.041667
0 0.199552 0.125814 0.031250 0.041667
0 0.286983 0.096670 0.031250 0.041667
0 0.308841 0.096670 0.031250 0.041667
0 0.230973 0.169530 0.031250 0.041667
0 0.259661 0.171351 0.031250 0.041667
0 0.299279 0.171351 0.031250 0.041667
0 0.317038 0.165887 0.031250 0.041667
0 0.341628 0.162244 0.031250 0.041667
0 0.381246 0.162244 0.031250 0.041667
0 0.439989 0.207781 0.031250 0.041667
0 0.453650 0.207781 0.031250 0.041667
0 0.195453 0.220532 0.031250 0.041667
0 0.184524 0.138564 0.031250 0.041667
0 0.366218 0.338929 0.031250 0.041667
0 0.262393 0.430003 0.031250 0.041667
0 0.173595 0.413610 0.031250 0.041667
0 0.072503 0.457326 0.031250 0.041667
0 0.011027 0.644940 0.031250 0.041667
0 0.159934 0.510149 0.031250 0.041667
0 0.244634 0.477362 0.031250 0.041667
0 0.226874 0.659512 0.031250 0.041667
0 0.396273 0.499220 0.031250 0.041667
0 0.415399 0.533829 0.031250 0.041667
0 0.319770 0.768801 0.031250 0.041667
0 0.319770 0.823446 0.031250 0.041667
0 0.373049 0.785195 0.031250 0.041667
0 0.407202 0.754229 0.031250 0.041667
0 0.427694 0.819803 0.031250 0.041667
0 0.546546 0.685013 0.031250 0.041667
0 0.545180 0.519257 0.031250 0.041667
0 0.572503 0.499220 0.031250 0.041667
0 0.628513 0.419074 0.031250 0.041667
0 0.546546 0.468255 0.031250 0.041667
0 0.740535 0.348036 0.031250 0.041667
0 0.770590 0.348036 0.031250 0.041667
0 0.841628 0.357144 0.031250 0.041667
0 0.741901 0.404503 0.031250 0.041667
0 0.707748 0.419074 0.031250 0.041667
0 0.758295 0.752408 0.031250 0.041667
0 0.807475 0.776087 0.031250 0.041667
0 0.934524 0.841661 0.031250 0.041667