0 0.421917 0.476506 0.031250 0.041667
0 0.398783 0.507351 0.031250 0.041667
0 0.408247 0.524175 0.031250 0.041667
0 0.514451 0.539598 0.031250 0.041667
0 0.554409 0.518567 0.031250 0.041667
0 0.561770 0.491928 0.031250 0.041667
0 0.544945 0.475104 0.031250 0.041667
0 0.736323 0.585865 0.031250 0.041667
0 0.784693 0.524175 0.031250 0.041667
0 0.485008 0.647554 0.031250 0.041667
0 0.417711 0.763923 0.031250 0.041667
0 0.383010 0.794768 0.031250 0.041667
0 0.330434 0.765325 0.031250 0.041667
0 0.204251 0.424631 0.031250 0.041667
0 0.187427 0.323684 0.031250 0.041667
0 0.342001 0.137214 0.031250 0.041667
0 0.395629 0.158245 0.031250 0.041667
0 0.332537 0.161049 0.031250 0.041667
0 0.281013 0.118988 0.031250 0.041667
0 0.278910 0.092349 0.031250 0.041667
0 0.289425 0.092349 0.031250 0.041667
0 0.283116 0.075525 0.031250 0.041667
0 0.216870 0.072721 0.031250 0.041667
0 0.185324 0.050288 0.031250 0.041667
0 0.661665 0.110575 0.031250 0.041667
0 0.674283 0.099359 0.031250 0.041667
0 0.679540 0.081133 0.031250 0.041667
0 0.451360 0.198904 0.031250 0.041667
0 0.182169 0.086741 0.031250 0.041667