0 0.046367 0.554145 0.031250 0.041667
0 0.054044 0.652673 0.031250 0.041667
0 0.194159 0.739685 0.031250 0.041667
0 0.276693 0.775514 0.031250 0.041667
0 0.207595 0.390357 0.031250 0.041667
0 0.395695 0.500402 0.031250 0.041667
0 0.412969 0.522155 0.031250 0.041667
0 0.414889 0.478649 0.031250 0.041667
0 0.501261 0.538790 0.031250 0.041667
0 0.545407 0.518316 0.031250 0.041667
0 0.558843 0.491445 0.031250 0.041667
0 0.543488 0.459455 0.031250 0.041667
0 0.800685 0.438982 0.031250 0.041667
0 0.740225 0.755040 0.031250 0.041667
0 0.855388 0.715373 0.031250 0.041667
0 0.802605 0.163870 0.031250 0.041667
0 0.756539 0.102449 0.031250 0.041667
0 0.664409 0.107568 0.031250 0.041667
0 0.444639 0.207376 0.031250 0.041667
0 0.320839 0.142117 0.031250 0.041667
0 0.269975 0.156192 0.031250 0.041667
0 0.267096 0.209935 0.031250 0.041667
0 0.304524 0.092212 0.031250 0.041667
0 0.351549 0.090933 0.031250 0.041667
0 0.208555 0.073019 0.031250 0.041667
0 0.196079 0.073019 0.031250 0.041667