0 0.580820 0.565330 0.031250 0.041667
0 0.502710 0.526757 0.031250 0.041667
0 0.522961 0.607760 0.031250 0.041667
0 0.501746 0.735050 0.031250 0.041667
0 0.309846 0.762051 0.031250 0.041667
0 0.065873 0.672048 0.031250 0.041667
0 0.038872 0.627046 0.031250 0.041667
0 0.199913 0.475326 0.031250 0.041667
0 0.205699 0.270891 0.031250 0.041667
0 0.244272 0.269605 0.031250 0.041667
0 0.225950 0.231032 0.031250 0.041667
0 0.258737 0.182173 0.031250 0.041667
0 0.278023 0.225889 0.031250 0.041667
0 0.310810 0.187316 0.031250 0.041667
0 0.335883 0.223317 0.031250 0.041667
0 0.332025 0.171887 0.031250 0.041667
0 0.357098 0.166744 0.031250 0.041667
0 0.364812 0.296606 0.031250 0.041667
0 0.394706 0.247747 0.031250 0.041667
0 0.449672 0.210460 0.031250 0.041667
0 0.674359 0.197602 0.031250 0.041667
0 0.789113 0.204031 0.031250 0.041667
0 0.281881 0.094741 0.031250 0.041667
0 0.309846 0.089598 0.031250 0.041667
0 0.344561 0.096027 0.031250 0.041667
0 0.226914 0.102456 0.031250 0.041667
0 0.214378 0.079312 0.031250 0.041667
0 0.202806 0.071598 0.031250 0.041667
0 0.182556 0.115314 0.031250 0.041667