0 0.007616 0.646152 0.031250 0.041667
0 0.077017 0.651760 0.031250 0.041667
0 0.162190 0.573246 0.031250 0.041667
0 0.062295 0.440053 0.031250 0.041667
0 0.258931 0.769531 0.031250 0.041667
0 0.316764 0.779345 0.031250 0.041667
0 0.387217 0.783551 0.031250 0.041667
0 0.411402 0.815798 0.031250 0.041667
0 0.506039 0.536794 0.031250 0.041667
0 0.549151 0.532587 0.031250 0.041667
0 0.563873 0.503145 0.031250 0.041667
0 0.540739 0.472300 0.031250 0.041667
0 0.411402 0.521371 0.031250 0.041667
0 0.398783 0.503145 0.031250 0.041667
0 0.417711 0.476506 0.031250 0.041667
0 0.741580 0.684007 0.031250 0.041667
0 0.824651 0.309664 0.031250 0.041667
0 0.813084 0.297046 0.031250 0.041667
0 0.606985 0.121792 0.031250 0.041667
0 0.587006 0.116184 0.031250 0.041667
0 0.628016 0.205914 0.031250 0.041667
0 0.297837 0.205914 0.031250 0.041667
0 0.271549 0.208718 0.031250 0.041667
0 0.232642 0.175069 0.031250 0.041667
0 0.197942 0.177873 0.031250 0.041667
0 0.207406 0.131606 0.031250 0.041667
0 0.194788 0.102163 0.031250 0.041667
0 0.208457 0.085339 0.031250 0.041667
0 0.212663 0.065710 0.031250 0.041667
0 0.231591 0.085339 0.031250 0.041667
0 0.277858 0.093751 0.031250 0.041667
0 0.286270 0.090947 0.031250 0.041667
0 0.366186 0.083937 0.031250 0.041667
0 0.376701 0.085339 0.031250 0.041667
0 0.394577 0.200306 0.031250 0.041667
0 0.343053 0.176471 0.031250 0.041667
0 0.330434 0.169461 0.031250 0.041667
0 0.458720 0.200306 0.031250 0.041667
0 0.613294 0.158245 0.031250 0.041667
0 0.549151 0.201708 0.031250 0.041667