0 0.007119 0.585832 0.031250 0.041667
0 0.134304 0.758909 0.031250 0.041667
0 0.199863 0.744923 0.031250 0.041667
0 0.606332 0.968699 0.031250 0.041667
0 0.728273 0.615552 0.031250 0.041667
0 0.823989 0.619049 0.031250 0.041667
0 0.546017 0.468699 0.031250 0.041667
0 0.587975 0.507161 0.031250 0.041667
0 0.570930 0.515902 0.031250 0.041667
0 0.522416 0.533384 0.031250 0.041667
0 0.471280 0.533384 0.031250 0.041667
0 0.407031 0.538629 0.031250 0.041667
0 0.392608 0.496671 0.031250 0.041667
0 0.442433 0.211706 0.031250 0.041667
0 0.454234 0.211706 0.031250 0.041667
0 0.324426 0.154014 0.031250 0.041667
0 0.328360 0.183734 0.031250 0.041667
0 0.285091 0.201216 0.031250 0.041667
0 0.289024 0.230937 0.031250 0.041667
0 0.191996 0.159258 0.031250 0.041667
0 0.219531 0.159258 0.031250 0.041667
0 0.203797 0.106811 0.031250 0.041667
0 0.312626 0.101566 0.031250 0.041667
0 0.341472 0.082335 0.031250 0.041667
0 0.350650 0.082335 0.031250 0.041667