0 0.838856 0.179379 0.031250 0.041667
0 0.722335 0.205637 0.031250 0.041667
0 0.776492 0.199072 0.031250 0.041667
0 0.541810 0.223142 0.031250 0.041667
0 0.451547 0.216578 0.031250 0.041667
0 0.377696 0.083099 0.031250 0.041667
0 0.353079 0.102792 0.031250 0.041667
0 0.321897 0.275659 0.031250 0.041667
0 0.440059 0.308481 0.031250 0.041667
0 0.394107 0.511983 0.031250 0.041667
0 0.405595 0.527300 0.031250 0.041667
0 0.448265 0.590757 0.031250 0.041667
0 0.441700 0.634521 0.031250 0.041667
0 0.508987 0.536053 0.031250 0.041667
0 0.541810 0.472595 0.031250 0.041667
0 0.504064 0.732989 0.031250 0.041667
0 0.390825 0.792070 0.031250 0.041667
0 0.420365 0.848963 0.031250 0.041667
0 0.513910 0.859904 0.031250 0.041667
0 0.545092 0.943055 0.031250 0.041667
0 0.605814 0.824893 0.031250 0.041667
0 0.730541 0.921173 0.031250 0.041667
0 0.940606 0.737366 0.031250 0.041667
0 0.172554 0.794258 0.031250 0.041667
0 0.144654 0.759247 0.031250 0.041667
0 0.238199 0.704543 0.031250 0.041667
0 0.064239 0.641085 0.031250 0.041667
0 0.116755 0.606074 0.031250 0.041667
0 0.110190 0.540429 0.031250 0.041667