0 0.390825 0.104980 0.031250 0.041667
0 0.307127 0.113733 0.031250 0.041667
0 0.264457 0.210013 0.031250 0.041667
0 0.444983 0.201260 0.031250 0.041667
0 0.458112 0.205637 0.031250 0.041667
0 0.315333 0.096228 0.031250 0.041667
0 0.548374 0.218766 0.031250 0.041667
0 0.564786 0.153120 0.031250 0.041667
0 0.694436 0.439773 0.031250 0.041667
0 0.855267 0.892727 0.031250 0.041667
0 0.702641 0.610451 0.031250 0.041667
0 0.919271 0.761436 0.031250 0.041667
0 0.513910 0.533864 0.031250 0.041667
0 0.545092 0.476972 0.031250 0.041667
0 0.389184 0.501042 0.031250 0.041667
0 0.407236 0.511983 0.031250 0.041667
0 0.444983 0.641085 0.031250 0.041667
0 0.454829 0.730801 0.031250 0.041667
0 0.426930 0.757059 0.031250 0.041667
0 0.389184 0.785506 0.031250 0.041667
0 0.384260 0.873033 0.031250 0.041667
0 0.249687 0.844587 0.031250 0.041667
0 0.277587 0.800823 0.031250 0.041667
0 0.218506 0.728613 0.031250 0.041667
0 0.218506 0.687037 0.031250 0.041667
0 0.029775 0.741742 0.031250 0.041667
0 0.057674 0.656403 0.031250 0.041667
0 0.010081 0.498853 0.031250 0.041667
0 0.126602 0.586381 0.031250 0.041667
0 0.123320 0.627956 0.031250 0.041667
0 0.187324 0.376315 0.031250 0.041667
0 0.239840 0.365374 0.031250 0.041667