0 0.023389 0.643348 0.031250 0.041667
0 0.027595 0.491928 0.031250 0.041667
0 0.363032 0.086741 0.031250 0.041667
0 0.276806 0.109173 0.031250 0.041667
0 0.277858 0.090947 0.031250 0.041667
0 0.289425 0.090947 0.031250 0.041667
0 0.231591 0.106369 0.031250 0.041667
0 0.227385 0.067112 0.031250 0.041667
0 0.204251 0.109173 0.031250 0.041667
0 0.208457 0.036268 0.031250 0.041667
0 0.212663 0.337705 0.031250 0.041667
0 0.181118 0.333499 0.031250 0.041667
0 0.276806 0.357333 0.031250 0.041667
0 0.324125 0.341911 0.031250 0.041667
0 0.324125 0.270407 0.031250 0.041667
0 0.351465 0.283026 0.031250 0.041667
0 0.257879 0.200306 0.031250 0.041667
0 0.181118 0.208718 0.031250 0.041667
0 0.391423 0.508753 0.031250 0.041667
0 0.408247 0.525577 0.031250 0.041667
0 0.237900 0.717656 0.031250 0.041667
0 0.336743 0.770933 0.031250 0.041667
0 0.388268 0.822808 0.031250 0.041667
0 0.436638 0.779345 0.031250 0.041667
0 0.548100 0.599885 0.031250 0.041667
0 0.515503 0.535391 0.031250 0.041667
0 0.553357 0.525577 0.031250 0.041667
0 0.567027 0.500341 0.031250 0.041667
0 0.547048 0.469496 0.031250 0.041667
0 0.701622 0.456878 0.031250 0.041667
0 0.747890 0.463888 0.031250 0.041667
0 0.616449 0.810190 0.031250 0.041667
0 0.649046 0.916744 0.031250 0.041667
0 0.684798 0.827014 0.031250 0.041667
0 0.760508 0.902724 0.031250 0.041667
0 0.847784 0.654564 0.031250 0.041667
0 0.898258 0.616709 0.031250 0.041667
0 0.844630 0.435847 0.031250 0.041667
0 0.895103 0.452672 0.031250 0.041667
0 0.776281 0.261995 0.031250 0.041667
0 0.747890 0.319478 0.031250 0.041667
0 0.699519 0.095153 0.031250 0.041667
0 0.572285 0.224140 0.031250 0.041667
0 0.449257 0.197502 0.031250 0.041667