0 0.222034 0.184820 0.031250 0.041667
0 0.260021 0.186189 0.031250 0.041667
0 0.241541 0.062986 0.031250 0.041667
0 0.278502 0.091733 0.031250 0.041667
0 0.295956 0.093102 0.031250 0.041667
0 0.342157 0.205354 0.031250 0.041667
0 0.362691 0.321712 0.031250 0.041667
0 0.401705 0.325819 0.031250 0.041667
0 0.440720 0.219043 0.031250 0.041667
0 0.453040 0.203985 0.031250 0.041667
0 0.554683 0.195771 0.031250 0.041667
0 0.274395 0.321712 0.031250 0.041667
0 0.196366 0.741973 0.031250 0.041667
0 0.505401 0.652992 0.031250 0.041667
0 0.535176 0.590022 0.031250 0.041667
0 0.506428 0.536634 0.031250 0.041667
0 0.444826 0.518838 0.031250 0.041667
0 0.542362 0.468187 0.031250 0.041667
0 0.707660 0.407955 0.031250 0.041667
0 0.749755 0.416168 0.031250 0.041667
0 0.740514 0.329926 0.031250 0.041667
0 0.696366 0.245053 0.031250 0.041667
0 0.662486 0.253266 0.031250 0.041667
0 0.683019 0.310761 0.031250 0.041667
0 0.674806 0.334033 0.031250 0.041667
0 0.694313 0.186189 0.031250 0.041667
0 0.739488 0.194402 0.031250 0.041667
0 0.769262 0.213567 0.031250 0.041667
0 0.800063 0.206723 0.031250 0.041667
0 0.843184 0.375101 0.031250 0.041667
0 0.908892 0.403848 0.031250 0.041667
0 0.898625 0.522944 0.031250 0.041667
0 0.483841 0.637934 0.031250 0.041667