0 0.224021 0.080598 0.031250 0.041667
0 0.257773 0.087027 0.031250 0.041667
0 0.285738 0.096027 0.031250 0.041667
0 0.306953 0.097313 0.031250 0.041667
0 0.349383 0.099884 0.031250 0.041667
0 0.365776 0.177030 0.031250 0.041667
0 0.374455 0.216889 0.031250 0.041667
0 0.359991 0.218174 0.031250 0.041667
0 0.332025 0.312035 0.031250 0.041667
0 0.299238 0.268319 0.031250 0.041667
0 0.280916 0.219460 0.031250 0.041667
0 0.314667 0.183459 0.031250 0.041667
0 0.338775 0.189888 0.031250 0.041667
0 0.294417 0.174459 0.031250 0.041667
0 0.227879 0.219460 0.031250 0.041667
0 0.186413 0.359608 0.031250 0.041667
0 0.171948 0.477898 0.031250 0.041667
0 0.402421 0.471469 0.031250 0.041667
0 0.403385 0.533186 0.031250 0.041667
0 0.386027 0.499756 0.031250 0.041667
0 0.456423 0.657904 0.031250 0.041667
0 0.550926 0.344179 0.031250 0.041667
0 0.542247 0.472755 0.031250 0.041667
0 0.503674 0.538329 0.031250 0.041667
0 0.599142 0.510042 0.031250 0.041667
0 0.684966 0.512614 0.031250 0.041667
0 0.665680 0.669476 0.031250 0.041667
0 0.742826 0.675905 0.031250 0.041667
0 0.807435 0.713192 0.031250 0.041667
0 0.896153 0.659190 0.031250 0.041667
0 0.868187 0.488184 0.031250 0.041667
0 0.415921 0.742765 0.031250 0.041667
0 0.332990 0.794195 0.031250 0.041667
0 0.282845 0.768480 0.031250 0.041667
0 0.201842 0.814767 0.031250 0.041667
0 0.448708 0.207888 0.031250 0.041667