0 0.205062 0.067638 0.031250 0.041667
0 0.186035 0.103579 0.031250 0.041667
0 0.224090 0.052839 0.031250 0.041667
0 0.205062 0.107807 0.031250 0.041667
0 0.214576 0.126834 0.031250 0.041667
0 0.238361 0.107807 0.031250 0.041667
0 0.268487 0.093008 0.031250 0.041667
0 0.282758 0.097236 0.031250 0.041667
0 0.298614 0.095122 0.031250 0.041667
0 0.292272 0.122606 0.031250 0.041667
0 0.308128 0.114149 0.031250 0.041667
0 0.327155 0.112035 0.031250 0.041667
0 0.338255 0.093008 0.031250 0.041667
0 0.343012 0.078209 0.031250 0.041667
0 0.309714 0.158547 0.031250 0.041667
0 0.295443 0.173346 0.031250 0.041667
0 0.365210 0.173346 0.031250 0.041667
0 0.446077 0.209287 0.031250 0.041667
0 0.212991 0.236771 0.031250 0.041667
0 0.227261 0.272712 0.031250 0.041667
0 0.182864 0.363621 0.031250 0.041667
0 0.140052 0.465101 0.031250 0.041667
0 0.198720 0.401676 0.031250 0.041667
0 0.228847 0.388991 0.031250 0.041667
0 0.279587 0.388991 0.031250 0.041667
0 0.322399 0.395333 0.031250 0.041667
0 0.003688 0.704001 0.031250 0.041667
0 0.263731 0.756856 0.031250 0.041667
0 0.308128 0.767426 0.031250 0.041667
0 0.461933 0.532754 0.031250 0.041667
0 0.523773 0.549667 0.031250 0.041667
0 0.547557 0.467215 0.031250 0.041667
0 0.644280 0.437617 0.031250 0.041667
0 0.748931 0.579266 0.031250 0.041667
0 0.839312 0.581380 0.031250 0.041667
0 0.821870 0.355164 0.031250 0.041667
0 0.896394 0.359393 0.031250 0.041667
0 0.897980 0.272712 0.031250 0.041667
0 0.626838 0.262141 0.031250 0.041667
0 0.590369 0.122606 0.031250 0.041667
0 0.558657 0.128949 0.031250 0.041667
0 0.634766 0.090894 0.031250 0.041667
0 0.644280 0.097236 0.031250 0.041667
0 0.655380 0.097236 0.031250 0.041667
0 0.671236 0.109921 0.031250 0.041667
0 0.685506 0.095122 0.031250 0.041667
0 0.720390 0.114149 0.031250 0.041667
0 0.721976 0.145862 0.031250 0.041667