0 0.227385 0.706439 0.031250 0.041667
0 0.073862 0.493330 0.031250 0.041667
0 0.120129 0.497537 0.031250 0.041667
0 0.345156 0.777943 0.031250 0.041667
0 0.391423 0.814396 0.031250 0.041667
0 0.428226 0.759717 0.031250 0.041667
0 0.405093 0.524175 0.031250 0.041667
0 0.397732 0.501743 0.031250 0.041667
0 0.385114 0.444259 0.031250 0.041667
0 0.526018 0.531185 0.031250 0.041667
0 0.553357 0.522773 0.031250 0.041667
0 0.562821 0.498939 0.031250 0.041667
0 0.552306 0.480712 0.031250 0.041667
0 0.293631 0.388178 0.031250 0.041667
0 0.270497 0.304056 0.031250 0.041667
0 0.235797 0.281624 0.031250 0.041667
0 0.190581 0.260593 0.031250 0.041667
0 0.393526 0.347519 0.031250 0.041667
0 0.418762 0.267603 0.031250 0.041667
0 0.448205 0.274613 0.031250 0.041667
0 0.402989 0.190491 0.031250 0.041667
0 0.387217 0.169461 0.031250 0.041667
0 0.452411 0.196100 0.031250 0.041667
0 0.336743 0.117586 0.031250 0.041667
0 0.314661 0.113380 0.031250 0.041667
0 0.287322 0.111978 0.031250 0.041667
0 0.286270 0.092349 0.031250 0.041667
0 0.274703 0.092349 0.031250 0.041667
0 0.263137 0.040474 0.031250 0.041667
0 0.245261 0.044680 0.031250 0.041667
0 0.232642 0.081133 0.031250 0.041667
0 0.604882 0.261995 0.031250 0.041667
0 0.631170 0.301252 0.031250 0.041667
0 0.659561 0.273211 0.031250 0.041667
0 0.653252 0.161049 0.031250 0.041667
0 0.685850 0.161049 0.031250 0.041667
0 0.643789 0.182079 0.031250 0.041667
0 0.708983 0.236758 0.031250 0.041667
0 0.679540 0.298448 0.031250 0.041667
0 0.739477 0.276015 0.031250 0.041667
0 0.784693 0.245171 0.031250 0.041667
0 0.780487 0.205914 0.031250 0.041667
0 0.757353 0.152636 0.031250 0.041667
0 0.836218 0.249377 0.031250 0.041667
0 0.710035 0.905528 0.031250 0.041667