0 0.250058 0.162887 0.031250 0.041667
0 0.229807 0.141029 0.031250 0.041667
0 0.237522 0.132028 0.031250 0.041667
0 0.202806 0.110171 0.031250 0.041667
0 0.212450 0.078027 0.031250 0.041667
0 0.183520 0.063883 0.031250 0.041667
0 0.242343 0.080598 0.031250 0.041667
0 0.283809 0.114028 0.031250 0.041667
0 0.287666 0.094741 0.031250 0.041667
0 0.305989 0.094741 0.031250 0.041667
0 0.342633 0.099884 0.031250 0.041667
0 0.096731 0.592331 0.031250 0.041667
0 0.037908 0.607760 0.031250 0.041667
0 0.067802 0.470183 0.031250 0.041667
0 0.112160 0.465040 0.031250 0.041667
0 0.154590 0.584616 0.031250 0.041667
0 0.199913 0.519042 0.031250 0.041667
0 0.280916 0.781337 0.031250 0.041667
0 0.321418 0.772337 0.031250 0.041667
0 0.368669 0.791623 0.031250 0.041667
0 0.406278 0.529328 0.031250 0.041667
0 0.394706 0.511328 0.031250 0.041667
0 0.499817 0.534471 0.031250 0.041667
0 0.552855 0.474041 0.031250 0.041667
0 0.671466 0.645047 0.031250 0.041667
0 0.711967 0.727335 0.031250 0.041667
0 0.742826 0.345465 0.031250 0.041667
0 0.713896 0.240032 0.031250 0.041667
0 0.749576 0.241318 0.031250 0.041667
0 0.791042 0.251604 0.031250 0.041667
0 0.445815 0.204031 0.031250 0.041667
0 0.319489 0.039454 0.031250 0.041667
0 0.300203 0.039454 0.031250 0.041667