0 0.548286 0.514477 0.031250 0.041667
0 0.558843 0.547747 0.031250 0.041667
0 0.489745 0.532392 0.031250 0.041667
0 0.404332 0.531112 0.031250 0.041667
0 0.391856 0.513198 0.031250 0.041667
0 0.255580 0.751202 0.031250 0.041667
0 0.203756 0.749922 0.031250 0.041667
0 0.030052 0.798546 0.031250 0.041667
0 0.412010 0.479928 0.031250 0.041667
0 0.196079 0.121643 0.031250 0.041667
0 0.213353 0.071739 0.031250 0.041667
0 0.267096 0.133159 0.031250 0.041667
0 0.308363 0.092212 0.031250 0.041667
0 0.348670 0.097331 0.031250 0.041667
0 0.665369 0.113966 0.031250 0.041667
0 0.691280 0.129321 0.031250 0.041667
0 0.727749 0.126761 0.031250 0.041667
0 0.750781 0.120363 0.031250 0.041667
0 0.452317 0.209935 0.031250 0.041667
0 0.545407 0.469692 0.031250 0.041667