0 0.121803 0.472755 0.031250 0.041667
0 0.072623 0.432896 0.031250 0.041667
0 0.180627 0.456040 0.031250 0.041667
0 0.183520 0.434182 0.031250 0.041667
0 0.303096 0.337750 0.031250 0.041667
0 0.355169 0.323607 0.031250 0.041667
0 0.194127 0.686191 0.031250 0.041667
0 0.296345 0.835339 0.031250 0.041667
0 0.311774 0.771051 0.031250 0.041667
0 0.465101 0.771051 0.031250 0.041667
0 0.502710 0.537043 0.031250 0.041667
0 0.408207 0.521614 0.031250 0.041667
0 0.392777 0.498470 0.031250 0.041667
0 0.420743 0.470183 0.031250 0.041667
0 0.544176 0.463755 0.031250 0.041667
0 0.833472 0.727335 0.031250 0.041667
0 0.933761 0.745336 0.031250 0.041667
0 0.792006 0.279891 0.031250 0.041667
0 0.689788 0.286320 0.031250 0.041667
0 0.652180 0.198888 0.031250 0.041667
0 0.704253 0.191173 0.031250 0.041667
0 0.351312 0.180887 0.031250 0.041667
0 0.254880 0.200174 0.031250 0.041667
0 0.220164 0.191173 0.031250 0.041667
0 0.199913 0.220746 0.031250 0.041667
0 0.192199 0.146172 0.031250 0.041667
0 0.216307 0.112742 0.031250 0.041667
0 0.261630 0.098599 0.031250 0.041667
0 0.285738 0.094741 0.031250 0.041667
0 0.267416 0.137172 0.031250 0.041667
0 0.307917 0.094741 0.031250 0.041667
0 0.327204 0.120457 0.031250 0.041667
0 0.348419 0.093456 0.031250 0.041667
0 0.395670 0.195031 0.031250 0.041667
0 0.446779 0.209174 0.031250 0.041667
0 0.375420 0.088313 0.031250 0.041667
0 0.380241 0.045883 0.031250 0.041667