0 0.131447 0.454754 0.031250 0.041667
0 0.175805 0.434182 0.031250 0.041667
0 0.371562 0.390466 0.031250 0.041667
0 0.400492 0.503613 0.031250 0.041667
0 0.413028 0.531900 0.031250 0.041667
0 0.441958 0.580759 0.031250 0.041667
0 0.440993 0.651476 0.031250 0.041667
0 0.504639 0.534471 0.031250 0.041667
0 0.548033 0.470183 0.031250 0.041667
0 0.602999 0.517757 0.031250 0.041667
0 0.535497 0.918914 0.031250 0.041667
0 0.359991 0.810910 0.031250 0.041667
0 0.296345 0.792909 0.031250 0.041667
0 0.269344 0.759479 0.031250 0.041667
0 0.770791 0.394324 0.031250 0.041667
0 0.830579 0.171887 0.031250 0.041667
0 0.765969 0.132028 0.031250 0.041667
0 0.755362 0.114028 0.031250 0.041667
0 0.680145 0.144886 0.031250 0.041667
0 0.325275 0.192459 0.031250 0.041667
0 0.282845 0.209174 0.031250 0.041667
0 0.241379 0.210460 0.031250 0.041667
0 0.447744 0.206603 0.031250 0.041667
0 0.341668 0.099884 0.031250 0.041667
0 0.309846 0.094741 0.031250 0.041667
0 0.282845 0.093456 0.031250 0.041667
0 0.742826 0.103742 0.031250 0.041667