0 0.226087 0.120797 0.031250 0.041667
0 0.316559 0.099818 0.031250 0.041667
0 0.350650 0.085832 0.031250 0.041667
0 0.342783 0.082335 0.031250 0.041667
0 0.441122 0.213454 0.031250 0.041667
0 0.459479 0.204713 0.031250 0.041667
0 0.337538 0.237930 0.031250 0.041667
0 0.281157 0.253664 0.031250 0.041667
0 0.264112 0.332335 0.031250 0.041667
0 0.139549 0.764154 0.031250 0.041667
0 0.201175 0.739678 0.031250 0.041667
0 0.397853 0.508909 0.031250 0.041667
0 0.401786 0.536881 0.031250 0.041667
0 0.456856 0.536881 0.031250 0.041667
0 0.519793 0.545622 0.031250 0.041667
0 0.570930 0.526391 0.031250 0.041667
0 0.586664 0.498419 0.031250 0.041667
0 0.544706 0.461706 0.031250 0.041667
0 0.708605 0.424993 0.031250 0.041667
0 0.788587 0.433734 0.031250 0.041667
0 0.872503 0.526391 0.031250 0.041667