0 0.155881 0.413415 0.031250 0.041667
0 0.210560 0.421827 0.031250 0.041667
0 0.245261 0.435847 0.031250 0.041667
0 0.213715 0.298448 0.031250 0.041667
0 0.250518 0.297046 0.031250 0.041667
0 0.205303 0.219934 0.031250 0.041667
0 0.416659 0.278819 0.031250 0.041667
0 0.408247 0.483516 0.031250 0.041667
0 0.395629 0.504547 0.031250 0.041667
0 0.413505 0.535391 0.031250 0.041667
0 0.497627 0.532587 0.031250 0.041667
0 0.542842 0.524175 0.031250 0.041667
0 0.569130 0.497537 0.031250 0.041667
0 0.537585 0.468094 0.031250 0.041667
0 0.540739 0.714852 0.031250 0.041667
0 0.270497 0.804582 0.031250 0.041667
0 0.855145 0.839633 0.031250 0.041667
0 0.903515 0.899920 0.031250 0.041667
0 0.799414 0.654564 0.031250 0.041667
0 0.845681 0.668585 0.031250 0.041667
0 0.865660 0.618111 0.031250 0.041667
0 0.823599 0.340509 0.031250 0.041667
0 0.854094 0.319478 0.031250 0.041667
0 0.890897 0.298448 0.031250 0.041667
0 0.655355 0.304056 0.031250 0.041667
0 0.614346 0.169461 0.031250 0.041667
0 0.656407 0.123194 0.031250 0.041667
0 0.226333 0.099359 0.031250 0.041667
0 0.194788 0.127400 0.031250 0.041667
0 0.242106 0.109173 0.031250 0.041667
0 0.278910 0.090947 0.031250 0.041667
0 0.268394 0.096555 0.031250 0.041667
0 0.315713 0.083937 0.031250 0.041667
0 0.333589 0.097957 0.031250 0.041667
0 0.368289 0.103565 0.031250 0.041667
0 0.373547 0.040474 0.031250 0.041667
0 0.395629 0.050288 0.031250 0.041667
0 0.186375 0.222738 0.031250 0.041667
0 0.252621 0.104967 0.031250 0.041667