0 0.069399 0.447939 0.031250 0.041667
0 0.168248 0.417228 0.031250 0.041667
0 0.229668 0.442820 0.031250 0.041667
0 0.416808 0.487606 0.031250 0.041667
0 0.398574 0.509359 0.031250 0.041667
0 0.415848 0.537510 0.031250 0.041667
0 0.323718 0.789589 0.031250 0.041667
0 0.552125 0.737126 0.031250 0.041667
0 0.511818 0.532392 0.031250 0.041667
0 0.545407 0.515757 0.031250 0.041667
0 0.560762 0.495284 0.031250 0.041667
0 0.549246 0.465853 0.031250 0.041667
0 0.617384 0.697459 0.031250 0.041667
0 0.669207 0.606608 0.031250 0.041667
0 0.731587 0.679545 0.031250 0.041667
0 0.780532 0.634759 0.031250 0.041667
0 0.866904 0.885559 0.031250 0.041667
0 0.909131 0.755040 0.031250 0.041667
0 0.922566 0.711534 0.031250 0.041667
0 0.820839 0.404433 0.031250 0.041667
0 0.732547 0.366045 0.031250 0.041667
0 0.736386 0.220172 0.031250 0.041667
0 0.781491 0.236806 0.031250 0.041667
0 0.448478 0.208655 0.031250 0.041667
0 0.270935 0.094772 0.031250 0.041667
0 0.292048 0.093492 0.031250 0.041667
0 0.293008 0.038470 0.031250 0.041667
0 0.233507 0.049986 0.031250 0.041667
0 0.367864 0.090933 0.031250 0.041667