0 0.199447 0.091733 0.031250 0.041667
0 0.230247 0.113636 0.031250 0.041667
0 0.233327 0.087626 0.031250 0.041667
0 0.293902 0.091733 0.031250 0.041667
0 0.267208 0.061617 0.031250 0.041667
0 0.230247 0.217674 0.031250 0.041667
0 0.228194 0.245053 0.031250 0.041667
0 0.208687 0.283383 0.031250 0.041667
0 0.190206 0.347722 0.031250 0.041667
0 0.253861 0.331295 0.031250 0.041667
0 0.276449 0.199878 0.031250 0.041667
0 0.295956 0.213567 0.031250 0.041667
0 0.312383 0.228626 0.031250 0.041667
0 0.355504 0.243684 0.031250 0.041667
0 0.369878 0.193033 0.031250 0.041667
0 0.445853 0.213567 0.031250 0.041667
0 0.127578 0.665313 0.031250 0.041667
0 0.199447 0.800836 0.031250 0.041667
0 0.450987 0.758400 0.031250 0.041667
0 0.540309 0.646148 0.031250 0.041667
0 0.519775 0.543478 0.031250 0.041667
0 0.551603 0.529789 0.031250 0.041667
0 0.567003 0.503780 0.031250 0.041667
0 0.570083 0.473663 0.031250 0.041667
0 0.435586 0.517469 0.031250 0.041667
0 0.756941 0.720070 0.031250 0.041667
0 0.755915 0.335402 0.031250 0.041667
0 0.711767 0.325819 0.031250 0.041667
0 0.704580 0.280645 0.031250 0.041667
0 0.731274 0.282014 0.031250 0.041667
0 0.660432 0.109529 0.031250 0.041667
0 0.681993 0.078044 0.031250 0.041667
0 0.558789 0.172500 0.031250 0.041667
0 0.582403 0.094471 0.031250 0.041667
0 0.552629 0.087626 0.031250 0.041667
0 0.463307 0.205354 0.031250 0.041667