0 0.281881 0.240032 0.031250 0.041667
0 0.228843 0.215603 0.031250 0.041667
0 0.239450 0.114028 0.031250 0.041667
0 0.270309 0.110171 0.031250 0.041667
0 0.284774 0.094741 0.031250 0.041667
0 0.317560 0.101170 0.031250 0.041667
0 0.345526 0.099884 0.031250 0.041667
0 0.400492 0.227175 0.031250 0.041667
0 0.445815 0.214317 0.031250 0.041667
0 0.281881 0.350608 0.031250 0.041667
0 0.220164 0.335179 0.031250 0.041667
0 0.276095 0.441897 0.031250 0.041667
0 0.194127 0.771051 0.031250 0.041667
0 0.259701 0.773623 0.031250 0.041667
0 0.073587 0.561472 0.031250 0.041667
0 0.006085 0.624475 0.031250 0.041667
0 0.022478 0.548615 0.031250 0.041667
0 0.552855 0.632189 0.031250 0.041667
0 0.497888 0.540900 0.031250 0.041667
0 0.403385 0.520328 0.031250 0.041667
0 0.396635 0.502327 0.031250 0.041667
0 0.414957 0.477898 0.031250 0.041667
0 0.541283 0.467612 0.031250 0.041667
0 0.711003 0.714478 0.031250 0.041667
0 0.691717 0.294034 0.031250 0.041667
0 0.616500 0.292749 0.031250 0.041667
0 0.613607 0.153886 0.031250 0.041667
0 0.730289 0.286320 0.031250 0.041667
0 0.453530 0.240032 0.031250 0.041667