0 0.058789 0.517469 0.031250 0.041667
0 0.122444 0.513362 0.031250 0.041667
0 0.496161 0.620138 0.031250 0.041667
0 0.502321 0.543478 0.031250 0.041667
0 0.445853 0.524313 0.031250 0.041667
0 0.388358 0.499673 0.031250 0.041667
0 0.398625 0.479139 0.031250 0.041667
0 0.330863 0.825477 0.031250 0.041667
0 0.604991 0.599604 0.031250 0.041667
0 0.553656 0.475032 0.031250 0.041667
0 0.675833 0.646148 0.031250 0.041667
0 0.744621 0.737866 0.031250 0.041667
0 0.785689 0.618769 0.031250 0.041667
0 0.853451 0.654361 0.031250 0.041667
0 0.905812 0.637934 0.031250 0.041667
0 0.754888 0.190296 0.031250 0.041667
0 0.711767 0.099947 0.031250 0.041667
0 0.697393 0.084888 0.031250 0.041667
0 0.552629 0.186189 0.031250 0.041667
0 0.458173 0.205354 0.031250 0.041667
0 0.436613 0.220412 0.031250 0.041667
0 0.352424 0.220412 0.031250 0.041667
0 0.337024 0.234101 0.031250 0.041667
0 0.306223 0.220412 0.031250 0.041667
0 0.312383 0.299810 0.031250 0.041667
0 0.268235 0.316237 0.031250 0.041667
0 0.262075 0.169762 0.031250 0.041667
0 0.293902 0.153335 0.031250 0.041667
0 0.280555 0.105422 0.031250 0.041667
0 0.291849 0.090364 0.031250 0.041667
0 0.364744 0.086257 0.031250 0.041667
0 0.414026 0.061617 0.031250 0.041667