0 0.203477 0.114149 0.031250 0.041667
0 0.276415 0.088780 0.031250 0.041667
0 0.285929 0.088780 0.031250 0.041667
0 0.297029 0.090894 0.031250 0.041667
0 0.268487 0.116264 0.031250 0.041667
0 0.335084 0.122606 0.031250 0.041667
0 0.339840 0.090894 0.031250 0.041667
0 0.357282 0.095122 0.031250 0.041667
0 0.620496 0.162775 0.031250 0.041667
0 0.687092 0.181803 0.031250 0.041667
0 0.349354 0.298082 0.031250 0.041667
0 0.455591 0.188145 0.031250 0.041667
0 0.287515 0.268484 0.031250 0.041667
0 0.249460 0.202944 0.031250 0.041667
0 0.189206 0.310767 0.031250 0.041667
0 0.227261 0.298082 0.031250 0.041667
0 0.238361 0.348822 0.031250 0.041667
0 0.545972 0.465101 0.031250 0.041667
0 0.633181 0.441845 0.031250 0.041667
0 0.736246 0.494699 0.031250 0.041667
0 0.818699 0.484128 0.031250 0.041667
0 0.752103 0.750513 0.031250 0.041667
0 0.672821 0.767426 0.031250 0.041667
0 0.607811 0.642691 0.031250 0.041667
0 0.519016 0.832966 0.031250 0.041667
0 0.273244 0.849879 0.031250 0.041667
0 0.155908 0.894276 0.031250 0.041667
0 0.008445 0.769541 0.031250 0.041667
0 0.043329 0.765312 0.031250 0.041667