0 0.212991 0.103579 0.031250 0.041667
0 0.182864 0.124720 0.031250 0.041667
0 0.254217 0.097236 0.031250 0.041667
0 0.282758 0.088780 0.031250 0.041667
0 0.295443 0.088780 0.031250 0.041667
0 0.333498 0.086665 0.031250 0.041667
0 0.362039 0.086665 0.031250 0.041667
0 0.255802 0.158547 0.031250 0.041667
0 0.279587 0.209287 0.031250 0.041667
0 0.232018 0.213515 0.031250 0.041667
0 0.311299 0.232543 0.031250 0.041667
0 0.360454 0.234657 0.031250 0.041667
0 0.433392 0.211401 0.031250 0.041667
0 0.457177 0.194488 0.031250 0.041667
0 0.598297 0.145862 0.031250 0.041667
0 0.642695 0.164889 0.031250 0.041667
0 0.712462 0.135291 0.031250 0.041667
0 0.845654 0.355164 0.031250 0.041667
0 0.893223 0.374192 0.031250 0.041667
0 0.794914 0.448188 0.031250 0.041667
0 0.766373 0.467215 0.031250 0.041667
0 0.772716 0.627892 0.031250 0.041667
0 0.707705 0.676517 0.031250 0.041667
0 0.658551 0.591951 0.031250 0.041667
0 0.545972 0.473558 0.031250 0.041667
0 0.173350 0.718801 0.031250 0.041667
0 0.051257 0.558124 0.031250 0.041667