0 0.572927 0.120492 0.031250 0.041667
0 0.615739 0.135291 0.031250 0.041667
0 0.741003 0.270598 0.031250 0.041667
0 0.785401 0.255799 0.031250 0.041667
0 0.460348 0.194488 0.031250 0.041667
0 0.338255 0.090894 0.031250 0.041667
0 0.358868 0.095122 0.031250 0.041667
0 0.282758 0.093008 0.031250 0.041667
0 0.293857 0.093008 0.031250 0.041667
0 0.290686 0.040154 0.031250 0.041667
0 0.203477 0.048610 0.031250 0.041667
0 0.181278 0.046496 0.031250 0.041667
0 0.193963 0.120492 0.031250 0.041667
0 0.211405 0.287511 0.031250 0.041667
0 0.251046 0.298082 0.031250 0.041667
0 0.542800 0.458758 0.031250 0.041667
0 0.799671 0.524297 0.031250 0.041667
0 0.674407 0.942902 0.031250 0.041667
0 0.560242 0.945016 0.031250 0.041667
0 0.235189 0.797025 0.031250 0.041667
0 0.036986 0.627892 0.031250 0.041667
0 0.010031 0.503156 0.031250 0.041667
0 0.054428 0.522183 0.031250 0.041667