0 0.228956 0.073793 0.031250 0.041667
0 0.266654 0.084375 0.031250 0.041667
0 0.256734 0.105539 0.031250 0.041667
0 0.256734 0.134640 0.031250 0.041667
0 0.322210 0.087021 0.031250 0.041667
0 0.375781 0.232523 0.031250 0.041667
0 0.223003 0.203423 0.031250 0.041667
0 0.449194 0.206068 0.031250 0.041667
0 0.465067 0.206068 0.031250 0.041667
0 0.544432 0.216650 0.031250 0.041667
0 0.570226 0.147867 0.031250 0.041667
0 0.621813 0.137285 0.031250 0.041667
0 0.780543 0.187550 0.031250 0.041667
0 0.810305 0.195486 0.031250 0.041667
0 0.788480 0.251042 0.031250 0.041667
0 0.730940 0.248396 0.031250 0.041667
0 0.683321 0.351571 0.031250 0.041667
0 0.548400 0.473264 0.031250 0.041667
0 0.584115 0.491782 0.031250 0.041667
0 0.564273 0.515592 0.031250 0.041667
0 0.498797 0.534110 0.031250 0.041667
0 0.526575 0.600248 0.031250 0.041667
0 0.397607 0.510301 0.031250 0.041667
0 0.401575 0.520883 0.031250 0.041667
0 0.453162 0.724587 0.031250 0.041667
0 0.403559 0.748396 0.031250 0.041667
0 0.338083 0.817179 0.031250 0.041667
0 0.318242 0.772206 0.031250 0.041667
0 0.288480 0.756333 0.031250 0.041667
0 0.274591 0.811888 0.031250 0.041667
0 0.709115 0.944163 0.031250 0.041667
0 0.766654 0.737814 0.031250 0.041667
0 0.820226 0.745751 0.031250 0.041667
0 0.756734 0.613476 0.031250 0.041667