0 0.279952 0.773623 0.031250 0.041667
0 0.305024 0.750479 0.031250 0.041667
0 0.364812 0.789052 0.031250 0.041667
0 0.451601 0.655333 0.031250 0.041667
0 0.406278 0.533186 0.031250 0.041667
0 0.397599 0.498470 0.031250 0.041667
0 0.506567 0.538329 0.031250 0.041667
0 0.541283 0.468898 0.031250 0.041667
0 0.359026 0.285034 0.031250 0.041667
0 0.304060 0.252890 0.031250 0.041667
0 0.244272 0.256747 0.031250 0.041667
0 0.243308 0.207888 0.031250 0.041667
0 0.196056 0.078027 0.031250 0.041667
0 0.284774 0.092170 0.031250 0.041667
0 0.307917 0.096027 0.031250 0.041667
0 0.339740 0.103742 0.031250 0.041667
0 0.381206 0.200174 0.031250 0.041667
0 0.624214 0.135886 0.031250 0.041667
0 0.586606 0.074169 0.031250 0.041667
0 0.612642 0.066455 0.031250 0.041667
0 0.657965 0.137172 0.031250 0.041667
0 0.694610 0.144886 0.031250 0.041667
0 0.356133 0.036882 0.031250 0.041667
0 0.190270 0.125600 0.031250 0.041667
0 0.434243 0.191173 0.031250 0.041667
0 0.446779 0.202745 0.031250 0.041667