0 0.254750 0.052629 0.031250 0.041667
0 0.201178 0.094957 0.031250 0.041667
0 0.221019 0.087021 0.031250 0.041667
0 0.199194 0.121412 0.031250 0.041667
0 0.314273 0.087021 0.031250 0.041667
0 0.367845 0.084375 0.031250 0.041667
0 0.451178 0.203423 0.031250 0.041667
0 0.463083 0.211359 0.031250 0.041667
0 0.357924 0.348925 0.031250 0.041667
0 0.125781 0.433581 0.031250 0.041667
0 0.403559 0.518237 0.031250 0.041667
0 0.401575 0.505010 0.031250 0.041667
0 0.504750 0.544692 0.031250 0.041667
0 0.566257 0.528819 0.031250 0.041667
0 0.580146 0.497073 0.031250 0.041667
0 0.554353 0.475909 0.031250 0.041667
0 0.619829 0.594957 0.031250 0.041667
0 0.546416 0.621412 0.031250 0.041667
0 0.443242 0.716650 0.031250 0.041667
0 0.409511 0.748396 0.031250 0.041667
0 0.371813 0.790724 0.031250 0.041667
0 0.336099 0.817179 0.031250 0.041667
0 0.328162 0.751042 0.031250 0.041667
0 0.290464 0.803952 0.031250 0.041667
0 0.828162 0.618767 0.031250 0.041667
0 0.693242 0.409772 0.031250 0.041667
0 0.530543 0.190195 0.031250 0.041667
0 0.607924 0.129349 0.031250 0.041667
0 0.629750 0.187550 0.031250 0.041667
0 0.723003 0.208714 0.031250 0.041667
0 0.774591 0.203423 0.031250 0.041667
0 0.792448 0.399190 0.031250 0.041667