0 0.210687 0.066031 0.031250 0.041667
0 0.268863 0.084899 0.031250 0.041667
0 0.279869 0.084899 0.031250 0.041667
0 0.283014 0.095381 0.031250 0.041667
0 0.342762 0.089092 0.031250 0.041667
0 0.355341 0.084899 0.031250 0.041667
0 0.314460 0.237939 0.031250 0.041667
0 0.298737 0.263096 0.031250 0.041667
0 0.235844 0.323893 0.031250 0.041667
0 0.171379 0.317604 0.031250 0.041667
0 0.174523 0.481126 0.031250 0.041667
0 0.352196 0.376304 0.031250 0.041667
0 0.389932 0.487415 0.031250 0.041667
0 0.547165 0.462258 0.031250 0.041667
0 0.231127 0.812362 0.031250 0.041667
0 0.878926 0.665612 0.031250 0.041667
0 0.589618 0.175046 0.031250 0.041667