0 0.211612 0.096555 0.031250 0.041667
0 0.222127 0.085339 0.031250 0.041667
0 0.238952 0.092349 0.031250 0.041667
0 0.262085 0.089545 0.031250 0.041667
0 0.279961 0.086741 0.031250 0.041667
0 0.296785 0.088143 0.031250 0.041667
0 0.320971 0.138616 0.031250 0.041667
0 0.337795 0.141420 0.031250 0.041667
0 0.356722 0.165255 0.031250 0.041667
0 0.272600 0.168059 0.031250 0.041667
0 0.222127 0.191893 0.031250 0.041667
0 0.231591 0.233954 0.031250 0.041667
0 0.454514 0.203110 0.031250 0.041667
0 0.397732 0.498939 0.031250 0.041667
0 0.405093 0.518567 0.031250 0.041667
0 0.439793 0.515763 0.031250 0.041667
0 0.508142 0.542402 0.031250 0.041667
0 0.542842 0.525577 0.031250 0.041667
0 0.556512 0.490526 0.031250 0.041667
0 0.536533 0.454074 0.031250 0.041667
0 0.669025 0.123194 0.031250 0.041667
0 0.716344 0.148430 0.031250 0.041667
0 0.734220 0.109173 0.031250 0.041667
0 0.753147 0.118988 0.031250 0.041667
0 0.544945 0.194697 0.031250 0.041667
0 0.819393 0.839633 0.031250 0.041667
0 0.422968 0.797572 0.031250 0.041667
0 0.322022 0.829818 0.031250 0.041667
0 0.303095 0.807386 0.031250 0.041667
0 0.296785 0.909734 0.031250 0.041667
0 0.245261 0.937775 0.031250 0.041667
0 0.004462 0.658770 0.031250 0.041667