0 0.004462 0.525577 0.031250 0.041667
0 0.059141 0.529783 0.031250 0.041667
0 0.143263 0.636338 0.031250 0.041667
0 0.143263 0.574648 0.031250 0.041667
0 0.359877 0.787757 0.031250 0.041667
0 0.349362 0.511557 0.031250 0.041667
0 0.387217 0.512959 0.031250 0.041667
0 0.412453 0.535391 0.031250 0.041667
0 0.415608 0.489124 0.031250 0.041667
0 0.503936 0.532587 0.031250 0.041667
0 0.544945 0.526979 0.031250 0.041667
0 0.559667 0.501743 0.031250 0.041667
0 0.539688 0.473702 0.031250 0.041667
0 0.268394 0.340509 0.031250 0.041667
0 0.257879 0.269005 0.031250 0.041667
0 0.303095 0.264799 0.031250 0.041667
0 0.322022 0.257789 0.031250 0.041667
0 0.366186 0.264799 0.031250 0.041667
0 0.457669 0.228346 0.031250 0.041667
0 0.743683 0.511557 0.031250 0.041667
0 0.780487 0.526979 0.031250 0.041667
0 0.789951 0.486320 0.031250 0.041667
0 0.823599 0.678399 0.031250 0.041667
0 0.908773 0.696625 0.031250 0.041667
0 0.843578 0.430239 0.031250 0.041667
0 0.855145 0.386776 0.031250 0.041667
0 0.905618 0.374158 0.031250 0.041667
0 0.640634 0.081133 0.031250 0.041667
0 0.274703 0.107771 0.031250 0.041667
0 0.284167 0.075525 0.031250 0.041667
0 0.225282 0.069917 0.031250 0.041667
0 0.263137 0.097957 0.031250 0.041667
0 0.332537 0.102163 0.031250 0.041667
0 0.360928 0.088143 0.031250 0.041667
0 0.374598 0.086741 0.031250 0.041667
0 0.359877 0.043278 0.031250 0.041667
0 0.405093 0.046082 0.031250 0.041667
0 0.424020 0.050288 0.031250 0.041667
0 0.253673 0.106369 0.031250 0.041667