0 0.561770 0.203110 0.031250 0.041667
0 0.576491 0.099359 0.031250 0.041667
0 0.461875 0.196100 0.031250 0.041667
0 0.062295 0.691017 0.031250 0.041667
0 0.057038 0.524175 0.031250 0.041667
0 0.046523 0.482114 0.031250 0.041667
0 0.404041 0.526979 0.031250 0.041667
0 0.398783 0.497537 0.031250 0.041667
0 0.420865 0.482114 0.031250 0.041667
0 0.506039 0.531185 0.031250 0.041667
0 0.544945 0.521371 0.031250 0.041667
0 0.564924 0.493330 0.031250 0.041667
0 0.549151 0.476506 0.031250 0.041667
0 0.658510 0.695223 0.031250 0.041667
0 0.756302 0.636338 0.031250 0.041667
0 0.676386 0.636338 0.031250 0.041667
0 0.471339 0.651760 0.031250 0.041667
0 0.385114 0.797572 0.031250 0.041667
0 0.300992 0.128802 0.031250 0.041667
0 0.290476 0.095153 0.031250 0.041667
0 0.279961 0.097957 0.031250 0.041667
0 0.238952 0.111978 0.031250 0.041667
0 0.225282 0.068515 0.031250 0.041667
0 0.281013 0.064308 0.031250 0.041667
0 0.417711 0.156843 0.031250 0.041667