0 0.183420 0.081597 0.031250 0.041667
0 0.272309 0.079745 0.031250 0.041667
0 0.288976 0.098264 0.031250 0.041667
0 0.359809 0.077894 0.031250 0.041667
0 0.694531 0.185301 0.031250 0.041667
0 0.708420 0.192708 0.031250 0.041667
0 0.745920 0.185301 0.031250 0.041667
0 0.754253 0.198264 0.031250 0.041667
0 0.795920 0.163079 0.031250 0.041667
0 0.548698 0.464931 0.031250 0.041667
0 0.400087 0.459375 0.031250 0.041667
0 0.637587 0.572338 0.031250 0.041667
0 0.702865 0.901968 0.031250 0.041667
0 0.791753 0.922338 0.031250 0.041667
0 0.205642 0.744560 0.031250 0.041667
0 0.275087 0.742708 0.031250 0.041667
0 0.018142 0.550116 0.031250 0.041667