0 0.214286 0.110307 0.031250 0.041667
0 0.198552 0.143524 0.031250 0.041667
0 0.310003 0.103314 0.031250 0.041667
0 0.344094 0.082335 0.031250 0.041667
0 0.351961 0.080587 0.031250 0.041667
0 0.354584 0.166251 0.031250 0.041667
0 0.327049 0.190727 0.031250 0.041667
0 0.282468 0.216951 0.031250 0.041667
0 0.273290 0.257161 0.031250 0.041667
0 0.441122 0.211706 0.031250 0.041667
0 0.455545 0.211706 0.031250 0.041667
0 0.396542 0.498419 0.031250 0.041667
0 0.403098 0.533384 0.031250 0.041667
0 0.464724 0.533384 0.031250 0.041667
0 0.526349 0.549119 0.031250 0.041667
0 0.570930 0.512405 0.031250 0.041667
0 0.593220 0.489678 0.031250 0.041667
0 0.543395 0.470447 0.031250 0.041667
0 0.723028 0.543874 0.031250 0.041667
0 0.801699 0.554363 0.031250 0.041667
0 0.732206 0.797370 0.031250 0.041667
0 0.205108 0.730937 0.031250 0.041667
0 0.142171 0.760657 0.031250 0.041667