0 0.034149 0.646148 0.031250 0.041667
0 0.016695 0.535265 0.031250 0.041667
0 0.010535 0.774827 0.031250 0.041667
0 0.302116 0.787147 0.031250 0.041667
0 0.475627 0.614662 0.031250 0.041667
0 0.492054 0.576333 0.031250 0.041667
0 0.497188 0.539372 0.031250 0.041667
0 0.437640 0.518838 0.031250 0.041667
0 0.386305 0.496935 0.031250 0.041667
0 0.390412 0.479139 0.031250 0.041667
0 0.542362 0.472294 0.031250 0.041667
0 0.646058 0.257373 0.031250 0.041667
0 0.810330 0.312130 0.031250 0.041667
0 0.845237 0.318975 0.031250 0.041667
0 0.337024 0.231363 0.031250 0.041667
0 0.299036 0.234101 0.031250 0.041667
0 0.200473 0.156072 0.031250 0.041667
0 0.200473 0.121849 0.031250 0.041667
0 0.201500 0.049296 0.031250 0.041667
0 0.217927 0.052034 0.031250 0.041667
0 0.270288 0.095840 0.031250 0.041667
0 0.281582 0.090364 0.031250 0.041667
0 0.363718 0.086257 0.031250 0.041667
0 0.436613 0.209461 0.031250 0.041667
0 0.450987 0.202616 0.031250 0.041667
0 0.560843 0.186189 0.031250 0.041667