0 0.273244 0.090894 0.031250 0.041667
0 0.282758 0.090894 0.031250 0.041667
0 0.293857 0.086665 0.031250 0.041667
0 0.336669 0.084551 0.031250 0.041667
0 0.343012 0.073980 0.031250 0.041667
0 0.224090 0.139519 0.031250 0.041667
0 0.268487 0.164889 0.031250 0.041667
0 0.224090 0.202944 0.031250 0.041667
0 0.303371 0.147976 0.031250 0.041667
0 0.333498 0.147976 0.031250 0.041667
0 0.396923 0.198716 0.031250 0.041667
0 0.428635 0.179689 0.031250 0.041667
0 0.454005 0.200830 0.031250 0.041667
0 0.642695 0.194488 0.031250 0.041667
0 0.704534 0.190259 0.031250 0.041667
0 0.733075 0.431274 0.031250 0.041667
0 0.785401 0.405904 0.031250 0.041667
0 0.550728 0.473558 0.031250 0.041667
0 0.333498 0.477786 0.031250 0.041667
0 0.433392 0.803367 0.031250 0.041667
0 0.745760 0.887934 0.031250 0.041667
0 0.874196 0.887934 0.031250 0.041667