0 0.209042 0.222196 0.031250 0.041667
0 0.224776 0.222196 0.031250 0.041667
0 0.236577 0.278140 0.031250 0.041667
0 0.283780 0.295622 0.031250 0.041667
0 0.306070 0.166251 0.031250 0.041667
0 0.275912 0.098070 0.031250 0.041667
0 0.290335 0.105063 0.031250 0.041667
0 0.311314 0.098070 0.031250 0.041667
0 0.342783 0.077091 0.031250 0.041667
0 0.351961 0.078839 0.031250 0.041667
0 0.344094 0.171496 0.031250 0.041667
0 0.438500 0.190727 0.031250 0.041667
0 0.608954 0.295622 0.031250 0.041667
0 0.691559 0.274643 0.031250 0.041667
0 0.603710 0.493175 0.031250 0.041667
0 0.543395 0.465203 0.031250 0.041667
0 0.582731 0.531636 0.031250 0.041667
0 0.527661 0.543874 0.031250 0.041667
0 0.459479 0.543874 0.031250 0.041667
0 0.391297 0.510657 0.031250 0.041667
0 0.400475 0.529888 0.031250 0.041667
0 0.332293 0.748419 0.031250 0.041667