0 0.283809 0.177030 0.031250 0.041667
0 0.299238 0.159029 0.031250 0.041667
0 0.290559 0.134600 0.031250 0.041667
0 0.284774 0.097313 0.031250 0.041667
0 0.305989 0.097313 0.031250 0.041667
0 0.342633 0.101170 0.031250 0.041667
0 0.244272 0.260605 0.031250 0.041667
0 0.256808 0.351893 0.031250 0.041667
0 0.456423 0.210460 0.031250 0.041667
0 0.752469 0.121742 0.031250 0.041667
0 0.758255 0.107599 0.031250 0.041667
0 0.591427 0.540900 0.031250 0.041667
0 0.498853 0.534471 0.031250 0.041667
0 0.544176 0.471469 0.031250 0.041667
0 0.407242 0.531900 0.031250 0.041667
0 0.391813 0.508756 0.031250 0.041667
0 0.440029 0.580759 0.031250 0.041667
0 0.440029 0.675905 0.031250 0.041667
0 0.370598 0.803195 0.031250 0.041667
0 0.300203 0.798052 0.031250 0.041667
0 0.271273 0.763337 0.031250 0.041667
0 0.499817 0.985773 0.031250 0.041667
0 0.602999 0.981916 0.031250 0.041667