0 0.209514 0.170268 0.031250 0.041667
0 0.226789 0.101170 0.031250 0.041667
0 0.207595 0.069180 0.031250 0.041667
0 0.309323 0.098610 0.031250 0.041667
0 0.346751 0.098610 0.031250 0.041667
0 0.383219 0.064062 0.031250 0.041667
0 0.446559 0.211214 0.031250 0.041667
0 0.405292 0.065341 0.031250 0.041667
0 0.750781 0.200978 0.031250 0.041667
0 0.778612 0.212494 0.031250 0.041667
0 0.663449 0.108847 0.031250 0.041667
0 0.601069 0.485047 0.031250 0.041667
0 0.635618 0.511918 0.031250 0.041667
0 0.545407 0.474810 0.031250 0.041667
0 0.498382 0.538790 0.031250 0.041667
0 0.408171 0.520875 0.031250 0.041667
0 0.400493 0.502961 0.031250 0.041667
0 0.416808 0.477369 0.031250 0.041667
0 0.290129 0.763998 0.031250 0.041667
0 0.200877 0.753761 0.031250 0.041667
0 0.203756 0.192021 0.031250 0.041667