0 0.218152 0.043588 0.031250 0.041667
0 0.221990 0.122923 0.031250 0.041667
0 0.223910 0.167708 0.031250 0.041667
0 0.201837 0.319980 0.031250 0.041667
0 0.023334 0.775514 0.031250 0.041667
0 0.294927 0.813902 0.031250 0.041667
0 0.499342 0.546467 0.031250 0.041667
0 0.412969 0.532392 0.031250 0.041667
0 0.396655 0.500402 0.031250 0.041667
0 0.414889 0.482488 0.031250 0.041667
0 0.551165 0.513198 0.031250 0.041667
0 0.560762 0.495284 0.031250 0.041667
0 0.532931 0.465853 0.031250 0.041667
0 0.719111 0.145955 0.031250 0.041667
0 0.445599 0.208655 0.031250 0.041667
0 0.300685 0.093492 0.031250 0.041667
0 0.340033 0.093492 0.031250 0.041667
0 0.354428 0.080696 0.031250 0.041667
0 0.364025 0.041029 0.031250 0.041667