0 0.038689 0.606608 0.031250 0.041667
0 0.170167 0.742244 0.031250 0.041667
0 0.198958 0.719212 0.031250 0.041667
0 0.143296 0.424906 0.031250 0.041667
0 0.103948 0.399314 0.031250 0.041667
0 0.147134 0.376282 0.031250 0.041667
0 0.187442 0.412110 0.031250 0.041667
0 0.220071 0.418508 0.031250 0.041667
0 0.248862 0.327657 0.031250 0.041667
0 0.287250 0.322539 0.031250 0.041667
0 0.352509 0.311022 0.031250 0.041667
0 0.387058 0.308463 0.031250 0.041667
0 0.408171 0.293108 0.031250 0.041667
0 0.407211 0.519596 0.031250 0.041667
0 0.399534 0.504241 0.031250 0.041667
0 0.420647 0.478649 0.031250 0.041667
0 0.503180 0.532392 0.031250 0.041667
0 0.543488 0.467133 0.031250 0.041667
0 0.734466 0.330216 0.031250 0.041667
0 0.698958 0.183063 0.031250 0.041667
0 0.666328 0.111406 0.031250 0.041667
0 0.742144 0.122923 0.031250 0.041667
0 0.747902 0.185623 0.031250 0.041667
0 0.317000 0.243204 0.031250 0.041667
0 0.293008 0.188182 0.031250 0.041667
0 0.292048 0.124202 0.031250 0.041667
0 0.322758 0.124202 0.031250 0.041667
0 0.305484 0.096051 0.031250 0.041667
0 0.345791 0.093492 0.031250 0.041667
0 0.362106 0.039749 0.031250 0.041667
0 0.385138 0.039749 0.031250 0.041667
0 0.203756 0.121643 0.031250 0.041667
0 0.181683 0.090933 0.031250 0.041667
0 0.447518 0.211214 0.031250 0.041667