0 0.202806 0.177030 0.031250 0.041667
0 0.216307 0.165458 0.031250 0.041667
0 0.242343 0.108885 0.031250 0.041667
0 0.226914 0.067740 0.031250 0.041667
0 0.184484 0.061312 0.031250 0.041667
0 0.283809 0.094741 0.031250 0.041667
0 0.307917 0.093456 0.031250 0.041667
0 0.336847 0.096027 0.031250 0.041667
0 0.313703 0.156458 0.031250 0.041667
0 0.269344 0.156458 0.031250 0.041667
0 0.262594 0.180887 0.031250 0.041667
0 0.262594 0.323607 0.031250 0.041667
0 0.296345 0.295320 0.031250 0.041667
0 0.346490 0.286320 0.031250 0.041667
0 0.381206 0.281177 0.031250 0.041667
0 0.447744 0.214317 0.031250 0.041667
0 0.391813 0.501042 0.031250 0.041667
0 0.415921 0.528043 0.031250 0.041667
0 0.441958 0.585902 0.031250 0.041667
0 0.453530 0.646333 0.031250 0.041667
0 0.495960 0.544758 0.031250 0.041667
0 0.592392 0.515185 0.031250 0.041667
0 0.542247 0.461183 0.031250 0.041667
0 0.693645 0.498470 0.031250 0.041667
0 0.697503 0.447040 0.031250 0.041667
0 0.728361 0.340322 0.031250 0.041667
0 0.767898 0.350608 0.031250 0.041667
0 0.790077 0.366037 0.031250 0.041667
0 0.743790 0.528043 0.031250 0.041667
0 0.864330 0.462469 0.031250 0.041667
0 0.885545 0.404610 0.031250 0.041667
0 0.708110 0.186030 0.031250 0.041667
0 0.701360 0.143600 0.031250 0.041667
0 0.739933 0.133314 0.031250 0.041667
0 0.730289 0.108885 0.031250 0.041667
0 0.366741 0.794195 0.031250 0.041667
0 0.310810 0.782623 0.031250 0.041667
0 0.286702 0.759479 0.031250 0.041667
0 0.064909 0.696477 0.031250 0.041667
0 0.006085 0.686191 0.031250 0.041667