0 0.546733 0.155309 0.031250 0.041667
0 0.540169 0.212201 0.031250 0.041667
0 0.789622 0.516359 0.031250 0.041667
0 0.696077 0.592945 0.031250 0.041667
0 0.550015 0.472595 0.031250 0.041667
0 0.505705 0.536053 0.031250 0.041667
0 0.387543 0.505418 0.031250 0.041667
0 0.412160 0.533864 0.031250 0.041667
0 0.451547 0.214390 0.031250 0.041667
0 0.351438 0.129050 0.031250 0.041667
0 0.303845 0.111545 0.031250 0.041667
0 0.249687 0.190320 0.031250 0.041667
0 0.446624 0.199072 0.031250 0.041667
0 0.205376 0.406950 0.031250 0.041667
0 0.147937 0.415702 0.031250 0.041667
0 0.024851 0.461654 0.031250 0.041667
0 0.083932 0.538241 0.031250 0.041667
0 0.128243 0.573252 0.031250 0.041667
0 0.124961 0.612639 0.031250 0.041667
0 0.070803 0.641085 0.031250 0.041667
0 0.047827 0.752683 0.031250 0.041667
0 0.216864 0.700166 0.031250 0.041667
0 0.210300 0.715484 0.031250 0.041667
0 0.285792 0.798635 0.031250 0.041667
0 0.287433 0.868657 0.031250 0.041667
0 0.376055 0.792070 0.031250 0.041667
0 0.361285 0.886162 0.031250 0.041667
0 0.433495 0.739554 0.031250 0.041667
0 0.471241 0.737366 0.031250 0.041667
0 0.448265 0.630145 0.031250 0.041667
0 0.632072 0.960560 0.031250 0.041667
0 0.748593 0.899291 0.031250 0.041667
0 0.973429 0.886162 0.031250 0.041667