0 0.315333 0.091851 0.031250 0.041667
0 0.318615 0.170626 0.031250 0.041667
0 0.298921 0.179379 0.031250 0.041667
0 0.282510 0.220954 0.031250 0.041667
0 0.364567 0.225331 0.031250 0.041667
0 0.441700 0.205637 0.031250 0.041667
0 0.464676 0.205637 0.031250 0.041667
0 0.545092 0.212201 0.031250 0.041667
0 0.576274 0.185943 0.031250 0.041667
0 0.243123 0.218766 0.031250 0.041667
0 0.167630 0.424455 0.031250 0.041667
0 0.177477 0.533864 0.031250 0.041667
0 0.115114 0.617015 0.031250 0.041667
0 0.069162 0.649838 0.031250 0.041667
0 0.036339 0.732989 0.031250 0.041667
0 0.152860 0.743930 0.031250 0.041667
0 0.161066 0.781129 0.031250 0.041667
0 0.333385 0.785506 0.031250 0.041667
0 0.323538 0.940867 0.031250 0.041667
0 0.316974 0.838022 0.031250 0.041667
0 0.394107 0.792070 0.031250 0.041667
0 0.405595 0.746118 0.031250 0.041667
0 0.461394 0.741742 0.031250 0.041667
0 0.448265 0.634521 0.031250 0.041667
0 0.387543 0.505418 0.031250 0.041667
0 0.400672 0.522924 0.031250 0.041667
0 0.505705 0.533864 0.031250 0.041667
0 0.546733 0.474783 0.031250 0.041667
0 0.748593 0.304105 0.031250 0.041667
0 0.776492 0.369751 0.031250 0.041667
0 0.796186 0.310670 0.031250 0.041667
0 0.874961 0.223142 0.031250 0.041667
0 0.889731 0.240648 0.031250 0.041667
0 0.748593 0.124674 0.031250 0.041667
0 0.723976 0.120298 0.031250 0.041667
0 0.705923 0.126862 0.031250 0.041667