0 0.179692 0.050725 0.031250 0.041667
0 0.198720 0.050725 0.031250 0.041667
0 0.273244 0.097236 0.031250 0.041667
0 0.282758 0.097236 0.031250 0.041667
0 0.290686 0.090894 0.031250 0.041667
0 0.336669 0.095122 0.031250 0.041667
0 0.343012 0.082437 0.031250 0.041667
0 0.360454 0.188145 0.031250 0.041667
0 0.401680 0.188145 0.031250 0.041667
0 0.444492 0.207173 0.031250 0.041667
0 0.455591 0.209287 0.031250 0.041667
0 0.461933 0.200830 0.031250 0.041667
0 0.278001 0.173346 0.031250 0.041667
0 0.262145 0.200830 0.031250 0.041667
0 0.298614 0.226200 0.031250 0.041667
0 0.265316 0.264255 0.031250 0.041667
0 0.273244 0.232543 0.031250 0.041667
0 0.224090 0.264255 0.031250 0.041667
0 0.184449 0.249456 0.031250 0.041667
0 0.563413 0.462987 0.031250 0.041667
0 0.454005 0.621549 0.031250 0.041667
0 0.492060 0.687088 0.031250 0.041667
0 0.476204 0.794911 0.031250 0.041667
0 0.533287 0.820281 0.031250 0.041667
0 0.193963 0.725143 0.031250 0.041667
0 0.038572 0.680746 0.031250 0.041667
0 0.043329 0.773769 0.031250 0.041667
0 0.214576 0.851993 0.031250 0.041667
0 0.723561 0.856221 0.031250 0.041667
0 0.837726 0.987300 0.031250 0.041667
0 0.910665 0.513727 0.031250 0.041667
0 0.785401 0.293854 0.031250 0.041667
0 0.832969 0.276940 0.031250 0.041667
0 0.736246 0.122606 0.031250 0.041667
0 0.357282 0.095122 0.031250 0.041667
0 0.365210 0.088780 0.031250 0.041667