0 0.374724 0.046496 0.031250 0.041667
0 0.387409 0.040154 0.031250 0.041667
0 0.339840 0.088780 0.031250 0.041667
0 0.355697 0.088780 0.031250 0.041667
0 0.293857 0.090894 0.031250 0.041667
0 0.282758 0.088780 0.031250 0.041667
0 0.265316 0.097236 0.031250 0.041667
0 0.238361 0.103579 0.031250 0.041667
0 0.358868 0.198716 0.031250 0.041667
0 0.366796 0.202944 0.031250 0.041667
0 0.466690 0.190259 0.031250 0.041667
0 0.739418 0.169118 0.031250 0.041667
0 0.745760 0.162775 0.031250 0.041667
0 0.772716 0.162775 0.031250 0.041667
0 0.783815 0.162775 0.031250 0.041667
0 0.541215 0.467215 0.031250 0.041667
0 0.347769 0.378420 0.031250 0.041667
0 0.203477 0.348822 0.031250 0.041667
0 0.235189 0.471443 0.031250 0.041667
0 0.243117 0.522183 0.031250 0.041667
0 0.200306 0.520069 0.031250 0.041667
0 0.105168 0.549667 0.031250 0.041667
0 0.094069 0.532754 0.031250 0.041667
0 0.141637 0.619435 0.031250 0.041667
0 0.165422 0.663832 0.031250 0.041667
0 0.187621 0.737828 0.031250 0.041667
0 0.273244 0.758970 0.031250 0.041667