0 0.406144 0.522773 0.031250 0.041667
0 0.398783 0.508753 0.031250 0.041667
0 0.414556 0.482114 0.031250 0.041667
0 0.442947 0.765325 0.031250 0.041667
0 0.456617 0.682605 0.031250 0.041667
0 0.510245 0.538196 0.031250 0.041667
0 0.555461 0.531185 0.031250 0.041667
0 0.560718 0.503145 0.031250 0.041667
0 0.545997 0.476506 0.031250 0.041667
0 0.628016 0.264799 0.031250 0.041667
0 0.675334 0.247975 0.031250 0.041667
0 0.719498 0.253583 0.031250 0.041667
0 0.758405 0.271809 0.031250 0.041667
0 0.749993 0.332097 0.031250 0.041667
0 0.784693 0.318076 0.031250 0.041667
0 0.855145 0.333499 0.031250 0.041667
0 0.882485 0.323684 0.031250 0.041667
0 0.764714 0.186285 0.031250 0.041667
0 0.730014 0.196100 0.031250 0.041667
0 0.225282 0.179275 0.031250 0.041667
0 0.207406 0.120390 0.031250 0.041667
0 0.231591 0.110575 0.031250 0.041667
0 0.266291 0.096555 0.031250 0.041667
0 0.282064 0.097957 0.031250 0.041667
0 0.313610 0.096555 0.031250 0.041667
0 0.324125 0.104967 0.031250 0.041667
0 0.366186 0.088143 0.031250 0.041667
0 0.380907 0.083937 0.031250 0.041667
0 0.455566 0.211522 0.031250 0.041667
0 0.188478 0.053092 0.031250 0.041667