0 0.721611 0.315892 0.031250 0.041667
0 0.675323 0.614189 0.031250 0.041667
0 0.731254 0.421325 0.031250 0.041667
0 0.734147 0.628332 0.031250 0.041667
0 0.827686 0.618046 0.031250 0.041667
0 0.598178 0.175744 0.031250 0.041667
0 0.617464 0.174459 0.031250 0.041667
0 0.655072 0.133314 0.031250 0.041667
0 0.442922 0.209174 0.031250 0.041667
0 0.330097 0.150029 0.031250 0.041667
0 0.282845 0.147458 0.031250 0.041667
0 0.308882 0.092170 0.031250 0.041667
0 0.336847 0.098599 0.031250 0.041667
0 0.201842 0.117885 0.031250 0.041667
0 0.202806 0.367323 0.031250 0.041667
0 0.248129 0.301749 0.031250 0.041667
0 0.393742 0.502327 0.031250 0.041667
0 0.403385 0.528043 0.031250 0.041667
0 0.451601 0.597474 0.031250 0.041667
0 0.450637 0.633475 0.031250 0.041667
0 0.499817 0.529328 0.031250 0.041667
0 0.544176 0.468898 0.031250 0.041667
0 0.367705 0.799338 0.031250 0.041667
0 0.327204 0.751765 0.031250 0.041667
0 0.271273 0.776194 0.031250 0.041667
0 0.740897 0.132028 0.031250 0.041667
0 0.714860 0.193745 0.031250 0.041667
0 0.633857 0.196316 0.031250 0.041667
0 0.390849 0.150029 0.031250 0.041667