0 0.242144 0.206096 0.031250 0.041667
0 0.193200 0.177945 0.031250 0.041667
0 0.210474 0.140837 0.031250 0.041667
0 0.221031 0.056384 0.031250 0.041667
0 0.215273 0.089653 0.031250 0.041667
0 0.299726 0.090933 0.031250 0.041667
0 0.335234 0.097331 0.031250 0.041667
0 0.364985 0.087094 0.031250 0.041667
0 0.127941 0.432584 0.031250 0.041667
0 0.292048 0.827977 0.031250 0.041667
0 0.507979 0.532392 0.031250 0.041667
0 0.406251 0.532392 0.031250 0.041667
0 0.390896 0.502961 0.031250 0.041667
0 0.413929 0.485047 0.031250 0.041667
0 0.550205 0.518316 0.031250 0.041667
0 0.564601 0.492724 0.031250 0.041667
0 0.540609 0.474810 0.031250 0.041667
0 0.959994 0.783191 0.031250 0.041667
0 0.969591 0.755040 0.031250 0.041667
0 0.712394 0.107568 0.031250 0.041667
0 0.773814 0.099890 0.031250 0.041667
0 0.447518 0.204816 0.031250 0.041667