0 0.065450 0.601287 0.031250 0.041667
0 0.074914 0.483516 0.031250 0.041667
0 0.113820 0.454074 0.031250 0.041667
0 0.169551 0.465290 0.031250 0.041667
0 0.234745 0.458280 0.031250 0.041667
0 0.243158 0.784953 0.031250 0.041667
0 0.317816 0.796170 0.031250 0.041667
0 0.388268 0.821406 0.031250 0.041667
0 0.426123 0.794768 0.031250 0.041667
0 0.739477 0.883096 0.031250 0.041667
0 0.791002 0.892910 0.031250 0.041667
0 0.788899 0.713450 0.031250 0.041667
0 0.888794 0.737284 0.031250 0.041667
0 0.510245 0.542402 0.031250 0.041667
0 0.542842 0.529783 0.031250 0.041667
0 0.563873 0.500341 0.031250 0.041667
0 0.548100 0.469496 0.031250 0.041667
0 0.413505 0.526979 0.031250 0.041667
0 0.402989 0.510155 0.031250 0.041667
0 0.414556 0.483516 0.031250 0.041667
0 0.773126 0.341911 0.031250 0.041667
0 0.818342 0.396590 0.031250 0.041667
0 0.781538 0.221336 0.031250 0.041667
0 0.765765 0.151234 0.031250 0.041667
0 0.666922 0.233954 0.031250 0.041667
0 0.658510 0.191893 0.031250 0.041667
0 0.695313 0.184883 0.031250 0.041667
0 0.600676 0.142822 0.031250 0.041667
0 0.578594 0.221336 0.031250 0.041667
0 0.549151 0.204512 0.031250 0.041667
0 0.366186 0.308262 0.031250 0.041667
0 0.317816 0.232552 0.031250 0.041667
0 0.289425 0.224140 0.031250 0.041667
0 0.198994 0.217130 0.031250 0.041667
0 0.203200 0.318076 0.031250 0.041667
0 0.245261 0.311066 0.031250 0.041667
0 0.335692 0.215728 0.031250 0.041667
0 0.277858 0.089545 0.031250 0.041667
0 0.286270 0.088143 0.031250 0.041667
0 0.243158 0.106369 0.031250 0.041667
0 0.234745 0.097957 0.031250 0.041667
0 0.221076 0.088143 0.031250 0.041667
0 0.453463 0.201708 0.031250 0.041667