0 0.033904 0.573246 0.031250 0.041667
0 0.140108 0.578854 0.031250 0.041667
0 0.460823 0.700831 0.031250 0.041667
0 0.465029 0.679801 0.031250 0.041667
0 0.409299 0.533989 0.031250 0.041667
0 0.394577 0.508753 0.031250 0.041667
0 0.412453 0.473702 0.031250 0.041667
0 0.511296 0.531185 0.031250 0.041667
0 0.553357 0.529783 0.031250 0.041667
0 0.567027 0.494733 0.031250 0.041667
0 0.547048 0.473702 0.031250 0.041667
0 0.736323 0.641946 0.031250 0.041667
0 0.810981 0.664379 0.031250 0.041667
0 0.929803 0.678399 0.031250 0.041667
0 0.801517 0.904126 0.031250 0.041667
0 0.665871 0.898518 0.031250 0.041667
0 0.720550 0.428837 0.031250 0.041667
0 0.603831 0.274613 0.031250 0.041667
0 0.631170 0.253583 0.031250 0.041667
0 0.682695 0.159647 0.031250 0.041667
0 0.700571 0.116184 0.031250 0.041667
0 0.713189 0.109173 0.031250 0.041667
0 0.226333 0.360137 0.031250 0.041667
0 0.176912 0.376962 0.031250 0.041667
0 0.168499 0.336303 0.031250 0.041667
0 0.136954 0.347519 0.031250 0.041667
0 0.381959 0.250779 0.031250 0.041667
0 0.451360 0.214326 0.031250 0.041667
0 0.274703 0.165255 0.031250 0.041667
0 0.245261 0.175069 0.031250 0.041667
0 0.194788 0.116184 0.031250 0.041667
0 0.217921 0.072721 0.031250 0.041667
0 0.274703 0.095153 0.031250 0.041667
0 0.283116 0.088143 0.031250 0.041667
0 0.305198 0.118988 0.031250 0.041667
0 0.312558 0.095153 0.031250 0.041667
0 0.329383 0.099359 0.031250 0.041667
0 0.359877 0.089545 0.031250 0.041667