0 0.184046 0.752924 0.031250 0.041667
0 0.135792 0.642041 0.031250 0.041667
0 0.275422 0.427120 0.031250 0.041667
0 0.199447 0.357305 0.031250 0.041667
0 0.176859 0.343615 0.031250 0.041667
0 0.274395 0.303916 0.031250 0.041667
0 0.291849 0.292965 0.031250 0.041667
0 0.269262 0.208092 0.031250 0.041667
0 0.241541 0.228626 0.031250 0.041667
0 0.214847 0.292965 0.031250 0.041667
0 0.348317 0.288858 0.031250 0.041667
0 0.370904 0.332664 0.031250 0.041667
0 0.329837 0.351829 0.031250 0.041667
0 0.444826 0.216305 0.031250 0.041667
0 0.448933 0.202616 0.031250 0.041667
0 0.294929 0.090364 0.031250 0.041667
0 0.283635 0.090364 0.031250 0.041667
0 0.618338 0.171131 0.031250 0.041667
0 0.584457 0.225888 0.031250 0.041667
0 0.535176 0.180713 0.031250 0.041667
0 0.641952 0.234101 0.031250 0.041667
0 0.748728 0.213567 0.031250 0.041667
0 0.749755 0.179344 0.031250 0.041667
0 0.740514 0.334033 0.031250 0.041667
0 0.802116 0.353198 0.031250 0.041667
0 0.842157 0.312130 0.031250 0.041667
0 0.685073 0.438071 0.031250 0.041667
0 0.650165 0.414799 0.031250 0.041667
0 0.549549 0.481877 0.031250 0.041667
0 0.505401 0.543478 0.031250 0.041667
0 0.470494 0.555799 0.031250 0.041667
0 0.437640 0.524313 0.031250 0.041667
0 0.509508 0.665313 0.031250 0.041667
0 0.541336 0.652992 0.031250 0.041667
0 0.532095 0.591391 0.031250 0.041667