0 0.452411 0.758315 0.031250 0.041667
0 0.449257 0.700831 0.031250 0.041667
0 0.407196 0.535391 0.031250 0.041667
0 0.398783 0.510155 0.031250 0.041667
0 0.413505 0.484918 0.031250 0.041667
0 0.510245 0.531185 0.031250 0.041667
0 0.553357 0.512959 0.031250 0.041667
0 0.562821 0.486320 0.031250 0.041667
0 0.550203 0.472300 0.031250 0.041667
0 0.693210 0.567638 0.031250 0.041667
0 0.756302 0.521371 0.031250 0.041667
0 0.822548 0.517165 0.031250 0.041667
0 0.877227 0.545206 0.031250 0.041667
0 0.716344 0.885900 0.031250 0.041667
0 0.611191 0.832622 0.031250 0.041667
0 0.632222 0.180677 0.031250 0.041667
0 0.675334 0.180677 0.031250 0.041667
0 0.777332 0.217130 0.031250 0.041667
0 0.798363 0.210120 0.031250 0.041667
0 0.448205 0.222738 0.031250 0.041667
0 0.328331 0.210120 0.031250 0.041667
0 0.290476 0.200306 0.031250 0.041667
0 0.293631 0.152636 0.031250 0.041667
0 0.248415 0.117586 0.031250 0.041667
0 0.181118 0.082535 0.031250 0.041667
0 0.269446 0.096555 0.031250 0.041667
0 0.278910 0.093751 0.031250 0.041667
0 0.286270 0.089545 0.031250 0.041667
0 0.316764 0.099359 0.031250 0.041667
0 0.331486 0.099359 0.031250 0.041667
0 0.357774 0.095153 0.031250 0.041667
0 0.373547 0.088143 0.031250 0.041667