0 0.461933 0.190259 0.031250 0.041667
0 0.439735 0.202944 0.031250 0.041667
0 0.452420 0.211401 0.031250 0.041667
0 0.373139 0.274826 0.031250 0.041667
0 0.265316 0.164889 0.031250 0.041667
0 0.227261 0.251570 0.031250 0.041667
0 0.203477 0.067638 0.031250 0.041667
0 0.281172 0.099350 0.031250 0.041667
0 0.289100 0.095122 0.031250 0.041667
0 0.298614 0.088780 0.031250 0.041667
0 0.338255 0.090894 0.031250 0.041667
0 0.347769 0.078209 0.031250 0.041667
0 0.550728 0.458758 0.031250 0.041667
0 0.444492 0.617321 0.031250 0.041667
0 0.165422 0.742056 0.031250 0.041667
0 0.550728 0.169118 0.031250 0.041667