0 0.050444 0.575616 0.031250 0.041667
0 0.158448 0.566615 0.031250 0.041667
0 0.283809 0.771051 0.031250 0.041667
0 0.315632 0.760765 0.031250 0.041667
0 0.367705 0.792909 0.031250 0.041667
0 0.456423 0.571758 0.031250 0.041667
0 0.407242 0.531900 0.031250 0.041667
0 0.397599 0.507470 0.031250 0.041667
0 0.504639 0.534471 0.031250 0.041667
0 0.545140 0.466326 0.031250 0.041667
0 0.572141 0.566615 0.031250 0.041667
0 0.561533 0.535757 0.031250 0.041667
0 0.838293 0.762051 0.031250 0.041667
0 0.805506 0.434182 0.031250 0.041667
0 0.652180 0.170601 0.031250 0.041667
0 0.674359 0.098599 0.031250 0.041667
0 0.696538 0.092170 0.031250 0.041667
0 0.610714 0.138457 0.031250 0.041667
0 0.330097 0.164172 0.031250 0.041667
0 0.372527 0.169316 0.031250 0.041667
0 0.443886 0.210460 0.031250 0.041667
0 0.337811 0.099884 0.031250 0.041667
0 0.313703 0.090884 0.031250 0.041667
0 0.281881 0.120457 0.031250 0.041667
0 0.283809 0.096027 0.031250 0.041667
0 0.275130 0.295320 0.031250 0.041667
0 0.450637 0.652761 0.031250 0.041667
0 0.411099 0.047168 0.031250 0.041667