0 0.443341 0.207825 0.031250 0.041667
0 0.459753 0.210013 0.031250 0.041667
0 0.307127 0.094039 0.031250 0.041667
0 0.339950 0.159685 0.031250 0.041667
0 0.379337 0.164061 0.031250 0.041667
0 0.308768 0.144368 0.031250 0.041667
0 0.298921 0.170626 0.031250 0.041667
0 0.282510 0.220954 0.031250 0.041667
0 0.234917 0.120298 0.031250 0.041667
0 0.193888 0.146556 0.031250 0.041667
0 0.193888 0.212201 0.031250 0.041667
0 0.225070 0.306293 0.031250 0.041667
0 0.239840 0.242836 0.031250 0.041667
0 0.261175 0.406950 0.031250 0.041667
0 0.395748 0.503230 0.031250 0.041667
0 0.407236 0.522924 0.031250 0.041667
0 0.508987 0.536053 0.031250 0.041667
0 0.545092 0.474783 0.031250 0.041667
0 0.126602 0.573252 0.031250 0.041667
0 0.028134 0.498853 0.031250 0.041667
0 0.060956 0.652026 0.031250 0.041667
0 0.110190 0.634521 0.031250 0.041667
0 0.208659 0.774565 0.031250 0.041667
0 0.221788 0.816140 0.031250 0.041667
0 0.292357 0.838022 0.031250 0.041667
0 0.387543 0.774565 0.031250 0.041667
0 0.422007 0.787694 0.031250 0.041667
0 0.489293 0.737366 0.031250 0.041667
0 0.582838 0.735177 0.031250 0.041667
0 0.627149 0.857716 0.031250 0.041667
0 0.753516 0.781129 0.031250 0.041667
0 0.932401 0.741742 0.031250 0.041667
0 0.855267 0.463843 0.031250 0.041667
0 0.873320 0.592945 0.031250 0.041667
0 0.768287 0.487913 0.031250 0.041667
0 0.720694 0.494477 0.031250 0.041667
0 0.548374 0.214390 0.031250 0.041667
0 0.643560 0.089663 0.031250 0.041667
0 0.686230 0.094039 0.031250 0.041667