0 0.202486 0.091077 0.031250 0.041667
0 0.241821 0.126042 0.031250 0.041667
0 0.312626 0.101566 0.031250 0.041667
0 0.337538 0.078839 0.031250 0.041667
0 0.353273 0.080587 0.031250 0.041667
0 0.220842 0.192475 0.031250 0.041667
0 0.252311 0.181986 0.031250 0.041667
0 0.270668 0.171496 0.031250 0.041667
0 0.315248 0.157510 0.031250 0.041667
0 0.310003 0.187230 0.031250 0.041667
0 0.438500 0.206461 0.031250 0.041667
0 0.452923 0.206461 0.031250 0.041667
0 0.161839 0.397021 0.031250 0.041667
0 0.138238 0.760657 0.031250 0.041667
0 0.210353 0.748419 0.031250 0.041667
0 0.397853 0.507161 0.031250 0.041667
0 0.400475 0.536881 0.031250 0.041667
0 0.459479 0.538629 0.031250 0.041667
0 0.531594 0.538629 0.031250 0.041667
0 0.559129 0.515902 0.031250 0.041667
0 0.585353 0.491426 0.031250 0.041667
0 0.551262 0.470447 0.031250 0.041667
0 0.779409 0.776391 0.031250 0.041667
0 0.902661 0.811356 0.031250 0.041667