0 0.270073 0.095122 0.031250 0.041667
0 0.279587 0.095122 0.031250 0.041667
0 0.290686 0.088780 0.031250 0.041667
0 0.333498 0.088780 0.031250 0.041667
0 0.341426 0.078209 0.031250 0.041667
0 0.434978 0.205059 0.031250 0.041667
0 0.447663 0.207173 0.031250 0.041667
0 0.454005 0.190259 0.031250 0.041667
0 0.301785 0.217744 0.031250 0.041667
0 0.335084 0.319223 0.031250 0.041667
0 0.205062 0.357278 0.031250 0.041667
0 0.232018 0.357278 0.031250 0.041667
0 0.254217 0.452416 0.031250 0.041667
0 0.228847 0.490471 0.031250 0.041667
0 0.025887 0.630006 0.031250 0.041667
0 0.168593 0.750513 0.031250 0.041667
0 0.438149 0.638462 0.031250 0.041667
0 0.658551 0.439731 0.031250 0.041667
0 0.545972 0.467215 0.031250 0.041667
0 0.699777 0.433388 0.031250 0.041667
0 0.779058 0.416475 0.031250 0.041667
0 0.821870 0.393219 0.031250 0.041667
0 0.856754 0.393219 0.031250 0.041667
0 0.685506 0.295968 0.031250 0.041667
0 0.668065 0.268484 0.031250 0.041667
0 0.745760 0.266369 0.031250 0.041667
0 0.748931 0.291739 0.031250 0.041667
0 0.576098 0.164889 0.031250 0.041667