0 0.215223 0.109357 0.031250 0.041667
0 0.192247 0.139991 0.031250 0.041667
0 0.225070 0.166250 0.031250 0.041667
0 0.234917 0.218766 0.031250 0.041667
0 0.200453 0.205637 0.031250 0.041667
0 0.310409 0.229707 0.031250 0.041667
0 0.331744 0.185943 0.031250 0.041667
0 0.367849 0.201260 0.031250 0.041667
0 0.449906 0.205637 0.031250 0.041667
0 0.308768 0.096228 0.031250 0.041667
0 0.343232 0.100604 0.031250 0.041667
0 0.614020 0.168438 0.031250 0.041667
0 0.587762 0.192508 0.031250 0.041667
0 0.623867 0.199072 0.031250 0.041667
0 0.659972 0.190320 0.031250 0.041667
0 0.709206 0.144368 0.031250 0.041667
0 0.737105 0.137803 0.031250 0.041667
0 0.540169 0.470407 0.031250 0.041667
0 0.507346 0.538241 0.031250 0.041667
0 0.453188 0.584193 0.031250 0.041667
0 0.451547 0.638897 0.031250 0.041667
0 0.407236 0.546994 0.031250 0.041667
0 0.397390 0.505418 0.031250 0.041667
0 0.737105 0.571064 0.031250 0.041667
0 0.812597 0.533864 0.031250 0.041667
0 0.975070 0.787694 0.031250 0.041667
0 0.897937 0.809576 0.031250 0.041667
0 0.284151 0.794258 0.031250 0.041667
0 0.308768 0.759247 0.031250 0.041667
0 0.366208 0.800823 0.031250 0.041667
0 0.018287 0.582004 0.031250 0.041667
0 0.143013 0.516359 0.031250 0.041667
0 0.192247 0.516359 0.031250 0.041667
0 0.118396 0.398197 0.031250 0.041667
0 0.184042 0.398197 0.031250 0.041667
0 0.257893 0.360998 0.031250 0.041667
0 0.348155 0.360998 0.031250 0.041667
0 0.548374 0.216578 0.031250 0.041667