0 0.195549 0.183917 0.031250 0.041667
0 0.222504 0.179689 0.031250 0.041667
0 0.276415 0.095122 0.031250 0.041667
0 0.289100 0.093008 0.031250 0.041667
0 0.309714 0.097236 0.031250 0.041667
0 0.339840 0.093008 0.031250 0.041667
0 0.344597 0.076095 0.031250 0.041667
0 0.349354 0.202944 0.031250 0.041667
0 0.278001 0.224086 0.031250 0.041667
0 0.238361 0.215629 0.031250 0.041667
0 0.163836 0.355164 0.031250 0.041667
0 0.297029 0.342479 0.031250 0.041667
0 0.446077 0.209287 0.031250 0.041667
0 0.461933 0.190259 0.031250 0.041667
0 0.460348 0.232543 0.031250 0.041667
0 0.701363 0.171232 0.031250 0.041667
0 0.791743 0.188145 0.031250 0.041667
0 0.823456 0.192374 0.031250 0.041667
0 0.796500 0.245228 0.031250 0.041667
0 0.885295 0.287511 0.031250 0.041667
0 0.818699 0.439731 0.031250 0.041667
0 0.763202 0.458758 0.031250 0.041667
0 0.666479 0.367849 0.031250 0.041667
0 0.525358 0.536982 0.031250 0.041667
0 0.545972 0.467215 0.031250 0.041667
0 0.468276 0.524297 0.031250 0.041667
0 0.395337 0.507384 0.031250 0.041667
0 0.393752 0.477786 0.031250 0.041667
0 0.168593 0.723029 0.031250 0.041667
0 0.200306 0.729371 0.031250 0.041667
0 0.441320 0.581380 0.031250 0.041667
0 0.745760 0.824509 0.031250 0.041667
0 0.584026 0.980957 0.031250 0.041667
0 0.806014 0.803367 0.031250 0.041667