0 0.219980 0.276538 0.031250 0.041667
0 0.206633 0.240946 0.031250 0.041667
0 0.261048 0.224519 0.031250 0.041667
0 0.263102 0.339508 0.031250 0.041667
0 0.309303 0.288858 0.031250 0.041667
0 0.365771 0.286120 0.031250 0.041667
0 0.376038 0.183451 0.031250 0.041667
0 0.446880 0.209461 0.031250 0.041667
0 0.317516 0.095840 0.031250 0.041667
0 0.289796 0.091733 0.031250 0.041667
0 0.261048 0.098578 0.031250 0.041667
0 0.235381 0.127325 0.031250 0.041667
0 0.226141 0.073937 0.031250 0.041667
0 0.204580 0.075306 0.031250 0.041667
0 0.179939 0.104053 0.031250 0.041667
0 0.649139 0.079413 0.031250 0.041667
0 0.552629 0.187558 0.031250 0.041667
0 0.392465 0.503780 0.031250 0.041667
0 0.412999 0.528420 0.031250 0.041667
0 0.444826 0.525682 0.031250 0.041667
0 0.476654 0.525682 0.031250 0.041667
0 0.510535 0.529789 0.031250 0.041667
0 0.548523 0.522944 0.031250 0.041667
0 0.558789 0.492828 0.031250 0.041667
0 0.547496 0.481877 0.031250 0.041667
0 0.572136 0.603711 0.031250 0.041667
0 0.505401 0.721439 0.031250 0.041667
0 0.706633 0.535265 0.031250 0.041667
0 0.802116 0.546216 0.031250 0.041667
0 0.757968 0.750186 0.031250 0.041667
0 0.823677 0.698167 0.031250 0.041667
0 0.868851 0.677633 0.031250 0.041667