0 0.273244 0.088780 0.031250 0.041667
0 0.282758 0.099350 0.031250 0.041667
0 0.290686 0.095122 0.031250 0.041667
0 0.338255 0.088780 0.031250 0.041667
0 0.344597 0.080323 0.031250 0.041667
0 0.303371 0.042268 0.031250 0.041667
0 0.365210 0.088780 0.031250 0.041667
0 0.328741 0.133177 0.031250 0.041667
0 0.344597 0.107807 0.031250 0.041667
0 0.441320 0.202944 0.031250 0.041667
0 0.458762 0.192374 0.031250 0.041667
0 0.458762 0.211401 0.031250 0.041667
0 0.382652 0.211401 0.031250 0.041667
0 0.382652 0.240999 0.031250 0.041667
0 0.349354 0.249456 0.031250 0.041667
0 0.331912 0.209287 0.031250 0.041667
0 0.316056 0.188145 0.031250 0.041667
0 0.298614 0.207173 0.031250 0.041667
0 0.273244 0.230429 0.031250 0.041667
0 0.232018 0.228314 0.031250 0.041667
0 0.206648 0.253684 0.031250 0.041667
0 0.244703 0.251570 0.031250 0.041667
0 0.309714 0.253684 0.031250 0.041667
0 0.086141 0.460873 0.031250 0.041667
0 0.062356 0.486243 0.031250 0.041667
0 0.138466 0.452416 0.031250 0.041667
0 0.162251 0.539097 0.031250 0.041667
0 0.235189 0.511612 0.031250 0.041667
0 0.100411 0.594065 0.031250 0.041667
0 0.201891 0.706116 0.031250 0.041667
0 0.203477 0.723029 0.031250 0.041667
0 0.392166 0.488357 0.031250 0.041667
0 0.392166 0.513727 0.031250 0.041667
0 0.457177 0.541211 0.031250 0.041667
0 0.533287 0.543325 0.031250 0.041667
0 0.549143 0.469329 0.031250 0.041667
0 0.679164 0.410133 0.031250 0.041667
0 0.721976 0.255799 0.031250 0.041667
0 0.756859 0.192374 0.031250 0.041667
0 0.801257 0.260027 0.031250 0.041667
0 0.893223 0.289625 0.031250 0.041667
0 0.593540 0.160661 0.031250 0.041667
0 0.612568 0.109921 0.031250 0.041667
0 0.649037 0.126834 0.031250 0.041667
0 0.655380 0.118378 0.031250 0.041667