0 0.020234 0.571844 0.031250 0.041667
0 0.265240 0.796170 0.031250 0.041667
0 0.496575 0.869075 0.031250 0.041667
0 0.515503 0.539598 0.031250 0.041667
0 0.558615 0.528381 0.031250 0.041667
0 0.559667 0.493330 0.031250 0.041667
0 0.549151 0.468094 0.031250 0.041667
0 0.408247 0.524175 0.031250 0.041667
0 0.394577 0.501743 0.031250 0.041667
0 0.414556 0.476506 0.031250 0.041667
0 0.300992 0.390982 0.031250 0.041667
0 0.263137 0.386776 0.031250 0.041667
0 0.221076 0.365745 0.031250 0.041667
0 0.220024 0.330695 0.031250 0.041667
0 0.184272 0.330695 0.031250 0.041667
0 0.819393 0.710646 0.031250 0.041667
0 0.860403 0.742892 0.031250 0.041667
0 0.883536 0.692419 0.031250 0.041667
0 0.840424 0.939177 0.031250 0.041667
0 0.730014 0.339107 0.031250 0.041667
0 0.824651 0.295644 0.031250 0.041667
0 0.843578 0.280221 0.031250 0.041667
0 0.871969 0.271809 0.031250 0.041667
0 0.665871 0.173667 0.031250 0.041667
0 0.681644 0.127400 0.031250 0.041667
0 0.326228 0.089545 0.031250 0.041667
0 0.284167 0.090947 0.031250 0.041667
0 0.237900 0.103565 0.031250 0.041667
0 0.254724 0.099359 0.031250 0.041667
0 0.205303 0.081133 0.031250 0.041667
0 0.209509 0.147028 0.031250 0.041667
0 0.377753 0.082535 0.031250 0.041667
0 0.349362 0.040474 0.031250 0.041667
0 0.366186 0.039072 0.031250 0.041667