0 0.226972 0.063211 0.031250 0.041667
0 0.258718 0.073793 0.031250 0.041667
0 0.242845 0.116121 0.031250 0.041667
0 0.252765 0.126703 0.031250 0.041667
0 0.306337 0.094957 0.031250 0.041667
0 0.361892 0.272206 0.031250 0.041667
0 0.447210 0.198132 0.031250 0.041667
0 0.457130 0.200777 0.031250 0.041667
0 0.542448 0.214005 0.031250 0.041667
0 0.637686 0.153158 0.031250 0.041667
0 0.679353 0.153158 0.031250 0.041667
0 0.738876 0.221941 0.031250 0.041667
0 0.786496 0.221941 0.031250 0.041667
0 0.806337 0.161095 0.031250 0.041667
0 0.661496 0.325116 0.031250 0.041667
0 0.548400 0.457391 0.031250 0.041667
0 0.586099 0.486491 0.031250 0.041667
0 0.566257 0.510301 0.031250 0.041667
0 0.498797 0.531465 0.031250 0.041667
0 0.393638 0.510301 0.031250 0.041667
0 0.411496 0.528819 0.031250 0.041667
0 0.528559 0.624058 0.031250 0.041667
0 0.465067 0.737814 0.031250 0.041667
0 0.415464 0.745751 0.031250 0.041667
0 0.342051 0.809243 0.031250 0.041667
0 0.318242 0.766915 0.031250 0.041667
0 0.266654 0.743105 0.031250 0.041667
0 0.264670 0.788079 0.031250 0.041667
0 0.754750 0.544692 0.031250 0.041667
0 0.788480 0.624058 0.031250 0.041667
0 0.853956 0.663740 0.031250 0.041667
0 0.738876 0.819825 0.031250 0.041667