0 0.250058 0.745336 0.031250 0.041667
0 0.326239 0.767194 0.031250 0.041667
0 0.398563 0.753051 0.031250 0.041667
0 0.404349 0.525471 0.031250 0.041667
0 0.392777 0.502327 0.031250 0.041667
0 0.452565 0.643761 0.031250 0.041667
0 0.508496 0.525471 0.031250 0.041667
0 0.547069 0.463755 0.031250 0.041667
0 0.594320 0.510042 0.031250 0.041667
0 0.681109 0.351893 0.031250 0.041667
0 0.749576 0.382752 0.031250 0.041667
0 0.730289 0.465040 0.031250 0.041667
0 0.813221 0.404610 0.031250 0.041667
0 0.845044 0.359608 0.031250 0.041667
0 0.891331 0.344179 0.031250 0.041667
0 0.799720 0.214317 0.031250 0.041667
0 0.753433 0.201460 0.031250 0.041667
0 0.664716 0.224603 0.031250 0.041667
0 0.627107 0.233604 0.031250 0.041667
0 0.261630 0.344179 0.031250 0.041667
0 0.205699 0.345465 0.031250 0.041667
0 0.162305 0.354465 0.031250 0.041667
0 0.233665 0.088313 0.031250 0.041667
0 0.233665 0.043311 0.031250 0.041667
0 0.185449 0.051026 0.031250 0.041667
0 0.285738 0.093456 0.031250 0.041667
0 0.312739 0.097313 0.031250 0.041667
0 0.346490 0.097313 0.031250 0.041667
0 0.450637 0.214317 0.031250 0.041667