0 0.188401 0.624522 0.031250 0.041667
0 0.217192 0.446659 0.031250 0.041667
0 0.234466 0.766557 0.031250 0.041667
0 0.494543 0.625802 0.031250 0.041667
0 0.414889 0.531112 0.031250 0.041667
0 0.402413 0.505520 0.031250 0.041667
0 0.416808 0.478649 0.031250 0.041667
0 0.502221 0.537510 0.031250 0.041667
0 0.552125 0.520875 0.031250 0.041667
0 0.574198 0.500402 0.031250 0.041667
0 0.546367 0.463294 0.031250 0.041667
0 0.772854 0.573339 0.031250 0.041667
0 0.826597 0.573339 0.031250 0.041667
0 0.716232 0.366045 0.031250 0.041667
0 0.764217 0.372443 0.031250 0.041667
0 0.801645 0.181784 0.031250 0.041667
0 0.825637 0.176665 0.031250 0.041667
0 0.424486 0.285431 0.031250 0.041667
0 0.447518 0.208655 0.031250 0.041667
0 0.335234 0.239365 0.031250 0.041667
0 0.303564 0.239365 0.031250 0.041667
0 0.291088 0.148514 0.031250 0.041667
0 0.271894 0.097331 0.031250 0.041667
0 0.260378 0.097331 0.031250 0.041667
0 0.231587 0.099890 0.031250 0.041667
0 0.182643 0.131880 0.031250 0.041667
0 0.185522 0.042308 0.031250 0.041667
0 0.235426 0.039749 0.031250 0.041667
0 0.287250 0.093492 0.031250 0.041667
0 0.298766 0.093492 0.031250 0.041667
0 0.314121 0.079417 0.031250 0.041667
0 0.330436 0.073019 0.031250 0.041667
0 0.353468 0.081976 0.031250 0.041667
0 0.367864 0.083255 0.031250 0.041667
0 0.583795 0.070459 0.031250 0.041667