0 0.310810 0.787766 0.031250 0.041667
0 0.326239 0.796767 0.031250 0.041667
0 0.240415 0.795481 0.031250 0.041667
0 0.058158 0.651476 0.031250 0.041667
0 0.011871 0.695191 0.031250 0.041667
0 0.394706 0.507470 0.031250 0.041667
0 0.408207 0.524185 0.031250 0.041667
0 0.506567 0.534471 0.031250 0.041667
0 0.599142 0.511328 0.031250 0.041667
0 0.873973 0.706763 0.031250 0.041667
0 0.446779 0.646333 0.031250 0.041667
0 0.306953 0.216889 0.031250 0.041667
0 0.337811 0.245175 0.031250 0.041667
0 0.260666 0.233604 0.031250 0.041667
0 0.275130 0.135886 0.031250 0.041667
0 0.223057 0.074169 0.031250 0.041667
0 0.199913 0.079312 0.031250 0.041667
0 0.281881 0.094741 0.031250 0.041667
0 0.312739 0.094741 0.031250 0.041667
0 0.349383 0.099884 0.031250 0.041667
0 0.458351 0.209174 0.031250 0.041667
0 0.588534 0.188602 0.031250 0.041667
0 0.641572 0.168030 0.031250 0.041667
0 0.637715 0.134600 0.031250 0.041667
0 0.709074 0.222032 0.031250 0.041667
0 0.790077 0.241318 0.031250 0.041667
0 0.764041 0.125600 0.031250 0.041667
0 0.548997 0.474041 0.031250 0.041667