0 0.122768 0.394324 0.031250 0.041667
0 0.261630 0.444468 0.031250 0.041667
0 0.394706 0.504899 0.031250 0.041667
0 0.510424 0.534471 0.031250 0.041667
0 0.444851 0.643761 0.031250 0.041667
0 0.371562 0.799338 0.031250 0.041667
0 0.316596 0.780052 0.031250 0.041667
0 0.284774 0.786480 0.031250 0.041667
0 0.525854 0.778766 0.031250 0.041667
0 0.594320 0.814767 0.031250 0.041667
0 0.641572 0.966487 0.031250 0.041667
0 0.971369 0.942057 0.031250 0.041667
0 0.894224 0.475326 0.031250 0.041667
0 0.811292 0.495899 0.031250 0.041667
0 0.713896 0.165458 0.031250 0.041667
0 0.686895 0.170601 0.031250 0.041667
0 0.756326 0.137172 0.031250 0.041667
0 0.626143 0.165458 0.031250 0.041667
0 0.601071 0.114028 0.031250 0.041667
0 0.569248 0.119171 0.031250 0.041667
0 0.554783 0.107599 0.031250 0.041667
0 0.446779 0.211746 0.031250 0.041667
0 0.347454 0.106313 0.031250 0.041667
0 0.300203 0.097313 0.031250 0.041667
0 0.227879 0.098599 0.031250 0.041667
0 0.208592 0.126885 0.031250 0.041667
0 0.182556 0.137172 0.031250 0.041667
0 0.180627 0.099884 0.031250 0.041667
0 0.807435 0.984488 0.031250 0.041667
0 0.279952 0.288891 0.031250 0.041667
0 0.545140 0.470183 0.031250 0.041667
0 0.403385 0.529328 0.031250 0.041667