0 0.241379 0.121742 0.031250 0.041667
0 0.268380 0.165458 0.031250 0.041667
0 0.283809 0.096027 0.031250 0.041667
0 0.304060 0.094741 0.031250 0.041667
0 0.341668 0.101170 0.031250 0.041667
0 0.309846 0.160315 0.031250 0.041667
0 0.343597 0.150029 0.031250 0.041667
0 0.351312 0.276034 0.031250 0.041667
0 0.444851 0.218174 0.031250 0.041667
0 0.577927 0.196316 0.031250 0.041667
0 0.608785 0.193745 0.031250 0.041667
0 0.711003 0.184745 0.031250 0.041667
0 0.600106 0.512614 0.031250 0.041667
0 0.504639 0.531900 0.031250 0.041667
0 0.405314 0.522900 0.031250 0.041667
0 0.391813 0.506185 0.031250 0.041667
0 0.437136 0.751765 0.031250 0.041667
0 0.340704 0.800624 0.031250 0.041667
0 0.269344 0.771051 0.031250 0.041667
0 0.778505 0.960058 0.031250 0.041667
0 0.840222 0.969058 0.031250 0.041667
0 0.942440 0.918914 0.031250 0.041667
0 0.552855 0.471469 0.031250 0.041667