0 0.198720 0.042268 0.031250 0.041667
0 0.270073 0.090894 0.031250 0.041667
0 0.279587 0.101464 0.031250 0.041667
0 0.292272 0.090894 0.031250 0.041667
0 0.333498 0.088780 0.031250 0.041667
0 0.347769 0.082437 0.031250 0.041667
0 0.400094 0.226200 0.031250 0.041667
0 0.431807 0.234657 0.031250 0.041667
0 0.461933 0.190259 0.031250 0.041667
0 0.434978 0.202944 0.031250 0.041667
0 0.317642 0.186031 0.031250 0.041667
0 0.325570 0.211401 0.031250 0.041667
0 0.309714 0.228314 0.031250 0.041667
0 0.287515 0.224086 0.031250 0.041667
0 0.274830 0.234657 0.031250 0.041667
0 0.255802 0.230429 0.031250 0.041667
0 0.246289 0.232543 0.031250 0.041667
0 0.192377 0.226200 0.031250 0.041667
0 0.203477 0.236771 0.031250 0.041667
0 0.208234 0.659604 0.031250 0.041667
0 0.165422 0.777997 0.031250 0.041667
0 0.109925 0.845651 0.031250 0.041667
0 0.252631 0.856221 0.031250 0.041667
0 0.323984 0.898505 0.031250 0.041667
0 0.476204 0.727257 0.031250 0.041667
0 0.455591 0.630006 0.031250 0.041667
0 0.591955 0.983071 0.031250 0.041667
0 0.783815 0.830851 0.031250 0.041667
0 0.886881 0.854107 0.031250 0.041667
0 0.902737 0.429160 0.031250 0.041667
0 0.807599 0.251570 0.031250 0.041667
0 0.766373 0.251570 0.031250 0.041667
0 0.571342 0.465101 0.031250 0.041667
0 0.355697 0.095122 0.031250 0.041667
0 0.365210 0.088780 0.031250 0.041667