0 0.368951 0.085741 0.031250 0.041667
0 0.317038 0.094849 0.031250 0.041667
0 0.286983 0.094849 0.031250 0.041667
0 0.198186 0.054776 0.031250 0.041667
0 0.211847 0.054776 0.031250 0.041667
0 0.247366 0.134921 0.031250 0.041667
0 0.285617 0.140386 0.031250 0.041667
0 0.255563 0.151315 0.031250 0.041667
0 0.235071 0.151315 0.031250 0.041667
0 0.229606 0.209603 0.031250 0.041667
0 0.254197 0.204138 0.031250 0.041667
0 0.303377 0.174994 0.031250 0.041667
0 0.312940 0.184102 0.031250 0.041667
0 0.445453 0.204138 0.031250 0.041667
0 0.456382 0.204138 0.031250 0.041667
0 0.651738 0.273355 0.031250 0.041667
0 0.664033 0.240568 0.031250 0.041667
0 0.714579 0.258783 0.031250 0.041667
0 0.587530 0.102135 0.031250 0.041667
0 0.628513 0.113064 0.031250 0.041667
0 0.666765 0.100313 0.031250 0.041667
0 0.691355 0.082098 0.031250 0.041667
0 0.810207 0.504685 0.031250 0.041667
0 0.881246 0.497399 0.031250 0.041667
0 0.944087 0.746943 0.031250 0.041667
0 0.584798 0.491934 0.031250 0.041667
0 0.549279 0.462790 0.031250 0.041667
0 0.558841 0.526543 0.031250 0.041667
0 0.360754 0.513792 0.031250 0.041667
0 0.397639 0.524721 0.031250 0.041667
0 0.092994 0.475541 0.031250 0.041667
0 0.136710 0.464612 0.031250 0.041667
0 0.057475 0.588473 0.031250 0.041667
0 0.326601 0.756051 0.031250 0.041667
0 0.368951 0.776087 0.031250 0.041667
0 0.407202 0.759694 0.031250 0.041667
0 0.439989 0.772444 0.031250 0.041667
0 0.435891 0.714156 0.031250 0.041667