0 0.067553 0.517165 0.031250 0.041667
0 0.121181 0.522773 0.031250 0.041667
0 0.227385 0.512959 0.031250 0.041667
0 0.232642 0.705037 0.031250 0.041667
0 0.145366 0.926559 0.031250 0.041667
0 0.141160 0.948991 0.031250 0.041667
0 0.336743 0.782149 0.031250 0.041667
0 0.390371 0.817200 0.031250 0.041667
0 0.436638 0.770933 0.031250 0.041667
0 0.405093 0.521371 0.031250 0.041667
0 0.391423 0.503145 0.031250 0.041667
0 0.508142 0.532587 0.031250 0.041667
0 0.555461 0.517165 0.031250 0.041667
0 0.562821 0.496135 0.031250 0.041667
0 0.545997 0.484918 0.031250 0.041667
0 0.595418 0.672791 0.031250 0.041667
0 0.675334 0.676997 0.031250 0.041667
0 0.737374 0.682605 0.031250 0.041667
0 0.787847 0.706439 0.031250 0.041667
0 0.836218 0.693821 0.031250 0.041667
0 0.850939 0.372756 0.031250 0.041667
0 0.873021 0.350323 0.031250 0.041667
0 0.639583 0.291438 0.031250 0.041667
0 0.588058 0.235356 0.031250 0.041667
0 0.671128 0.085339 0.031250 0.041667
0 0.276806 0.233954 0.031250 0.041667
0 0.249467 0.225542 0.031250 0.041667
0 0.284167 0.191893 0.031250 0.041667
0 0.323074 0.180677 0.031250 0.041667
0 0.337795 0.102163 0.031250 0.041667
0 0.346207 0.095153 0.031250 0.041667
0 0.370392 0.144224 0.031250 0.041667
0 0.399835 0.147028 0.031250 0.041667
0 0.458720 0.198904 0.031250 0.041667
0 0.281013 0.097957 0.031250 0.041667
0 0.287322 0.097957 0.031250 0.041667
0 0.281013 0.117586 0.031250 0.041667
0 0.231591 0.076927 0.031250 0.041667
0 0.224230 0.107771 0.031250 0.041667
0 0.285219 0.065710 0.031250 0.041667