0 0.239946 0.122606 0.031250 0.041667
0 0.281172 0.093008 0.031250 0.041667
0 0.289100 0.088780 0.031250 0.041667
0 0.335084 0.090894 0.031250 0.041667
0 0.358868 0.095122 0.031250 0.041667
0 0.430221 0.202944 0.031250 0.041667
0 0.455591 0.196602 0.031250 0.041667
0 0.634766 0.167004 0.031250 0.041667
0 0.677578 0.150090 0.031250 0.041667
0 0.553900 0.465101 0.031250 0.041667
0 0.193963 0.619435 0.031250 0.041667
0 0.219333 0.651147 0.031250 0.041667
0 0.304957 0.744171 0.031250 0.041667
0 0.569756 0.754741 0.031250 0.041667
0 0.695020 0.767426 0.031250 0.041667