0 0.087537 0.669419 0.031250 0.041667
0 0.145032 0.663944 0.031250 0.041667
0 0.078297 0.543478 0.031250 0.041667
0 0.006428 0.532527 0.031250 0.041667
0 0.189180 0.397003 0.031250 0.041667
0 0.349344 0.399741 0.031250 0.041667
0 0.383225 0.472294 0.031250 0.041667
0 0.397598 0.491459 0.031250 0.041667
0 0.448933 0.531158 0.031250 0.041667
0 0.513615 0.540741 0.031250 0.041667
0 0.655299 0.431226 0.031250 0.041667
0 0.498215 0.609187 0.031250 0.041667
0 0.693286 0.773458 0.031250 0.041667
0 0.774395 0.465450 0.031250 0.041667
0 0.809303 0.355936 0.031250 0.041667
0 0.855504 0.328557 0.031250 0.041667
0 0.705607 0.143752 0.031250 0.041667
0 0.692260 0.127325 0.031250 0.041667
0 0.714847 0.102684 0.031250 0.041667
0 0.707660 0.091733 0.031250 0.041667
0 0.584457 0.151966 0.031250 0.041667
0 0.376038 0.201247 0.031250 0.041667
0 0.552629 0.186189 0.031250 0.041667
0 0.409919 0.195771 0.031250 0.041667
0 0.438666 0.216305 0.031250 0.041667
0 0.454067 0.203985 0.031250 0.041667
0 0.274395 0.097209 0.031250 0.041667
0 0.289796 0.098578 0.031250 0.041667
0 0.236408 0.109529 0.031250 0.041667
0 0.222034 0.124587 0.031250 0.041667
0 0.186100 0.132801 0.031250 0.041667
0 0.349344 0.060248 0.031250 0.041667
0 0.361664 0.083519 0.031250 0.041667