0 0.240225 0.753761 0.031250 0.041667
0 0.178804 0.726889 0.031250 0.041667
0 0.203756 0.627081 0.031250 0.041667
0 0.194159 0.604049 0.031250 0.041667
0 0.402413 0.524714 0.031250 0.041667
0 0.394735 0.510639 0.031250 0.041667
0 0.413929 0.485047 0.031250 0.041667
0 0.506060 0.537510 0.031250 0.041667
0 0.535810 0.473530 0.031250 0.041667
0 0.828516 0.879161 0.031250 0.041667
0 0.619303 0.184343 0.031250 0.041667
0 0.653852 0.183063 0.031250 0.041667
0 0.678804 0.172827 0.031250 0.041667
0 0.665369 0.113966 0.031250 0.041667
0 0.578037 0.121643 0.031250 0.041667
0 0.451357 0.213774 0.031250 0.041667
0 0.354428 0.189461 0.031250 0.041667
0 0.265177 0.190741 0.031250 0.041667
0 0.229668 0.203537 0.031250 0.041667
0 0.182643 0.087094 0.031250 0.041667
0 0.307403 0.097331 0.031250 0.041667
0 0.347710 0.097331 0.031250 0.041667
0 0.357307 0.047427 0.031250 0.041667