0 0.310305 0.087021 0.031250 0.041667
0 0.363876 0.081729 0.031250 0.041667
0 0.377765 0.129349 0.031250 0.041667
0 0.415464 0.229878 0.031250 0.041667
0 0.453162 0.206068 0.031250 0.041667
0 0.351972 0.237814 0.031250 0.041667
0 0.316257 0.272206 0.031250 0.041667
0 0.268638 0.253687 0.031250 0.041667
0 0.234908 0.211359 0.031250 0.041667
0 0.199194 0.264269 0.031250 0.041667
0 0.105940 0.457391 0.031250 0.041667
0 0.064273 0.579084 0.031250 0.041667
0 0.217051 0.642576 0.031250 0.041667
0 0.280543 0.788079 0.031250 0.041667
0 0.344035 0.766915 0.031250 0.041667
0 0.391654 0.814534 0.031250 0.041667
0 0.463083 0.727232 0.031250 0.041667
0 0.379750 0.777497 0.031250 0.041667
0 0.504750 0.523528 0.031250 0.041667
0 0.395623 0.497073 0.031250 0.041667
0 0.403559 0.515592 0.031250 0.041667
0 0.548400 0.462682 0.031250 0.041667
0 0.584115 0.494428 0.031250 0.041667
0 0.574194 0.520883 0.031250 0.041667
0 0.534511 0.203423 0.031250 0.041667
0 0.681337 0.179613 0.031250 0.041667
0 0.691257 0.187550 0.031250 0.041667
0 0.744829 0.195486 0.031250 0.041667
0 0.649591 0.351571 0.031250 0.041667
0 0.701178 0.354216 0.031250 0.041667
0 0.806337 0.452100 0.031250 0.041667
0 0.853956 0.465327 0.031250 0.041667
0 0.877765 0.825116 0.031250 0.041667
0 0.848003 0.991782 0.031250 0.041667
0 0.443242 0.729878 0.031250 0.041667