0 0.227261 0.209287 0.031250 0.041667
0 0.265316 0.230429 0.031250 0.041667
0 0.292272 0.217744 0.031250 0.041667
0 0.323984 0.247342 0.031250 0.041667
0 0.281172 0.114149 0.031250 0.041667
0 0.278001 0.099350 0.031250 0.041667
0 0.292272 0.095122 0.031250 0.041667
0 0.304957 0.097236 0.031250 0.041667
0 0.339840 0.086665 0.031250 0.041667
0 0.357282 0.090894 0.031250 0.041667
0 0.425464 0.198716 0.031250 0.041667
0 0.463519 0.194488 0.031250 0.041667
0 0.143223 0.393219 0.031250 0.041667
0 0.094069 0.427046 0.031250 0.041667
0 0.298614 0.458758 0.031250 0.041667
0 0.344597 0.469329 0.031250 0.041667
0 0.200306 0.623663 0.031250 0.041667
0 0.252631 0.792796 0.031250 0.041667
0 0.714048 0.691317 0.031250 0.041667
0 0.545972 0.465101 0.031250 0.041667
0 0.658551 0.251570 0.031250 0.041667
0 0.723561 0.253684 0.031250 0.041667
0 0.823456 0.207173 0.031250 0.041667