0 0.235189 0.116264 0.031250 0.041667
0 0.282758 0.084551 0.031250 0.041667
0 0.295443 0.090894 0.031250 0.041667
0 0.341426 0.095122 0.031250 0.041667
0 0.362039 0.095122 0.031250 0.041667
0 0.347769 0.198716 0.031250 0.041667
0 0.388995 0.213515 0.031250 0.041667
0 0.423879 0.205059 0.031250 0.041667
0 0.458762 0.200830 0.031250 0.041667
0 0.623667 0.150090 0.031250 0.041667
0 0.660136 0.137405 0.031250 0.041667
0 0.547557 0.462987 0.031250 0.041667
0 0.189206 0.619435 0.031250 0.041667
0 0.233604 0.655376 0.031250 0.041667
0 0.282758 0.758970 0.031250 0.041667
0 0.580855 0.644805 0.031250 0.041667
0 0.690263 0.661718 0.031250 0.041667