0 0.313703 0.786480 0.031250 0.041667
0 0.280916 0.786480 0.031250 0.041667
0 0.364812 0.791623 0.031250 0.041667
0 0.771755 0.691334 0.031250 0.041667
0 0.890367 0.817339 0.031250 0.041667
0 0.915439 0.785195 0.031250 0.041667
0 0.835400 0.673334 0.031250 0.041667
0 0.949190 0.715764 0.031250 0.041667
0 0.697503 0.367323 0.031250 0.041667
0 0.699431 0.216889 0.031250 0.041667
0 0.504639 0.529328 0.031250 0.041667
0 0.462208 0.567901 0.031250 0.041667
0 0.445815 0.645047 0.031250 0.041667
0 0.408207 0.533186 0.031250 0.041667
0 0.389884 0.502327 0.031250 0.041667
0 0.128554 0.432896 0.031250 0.041667
0 0.070694 0.407181 0.031250 0.041667
0 0.170019 0.367323 0.031250 0.041667
0 0.220164 0.312035 0.031250 0.041667
0 0.270309 0.323607 0.031250 0.041667
0 0.237522 0.227175 0.031250 0.041667
0 0.260666 0.231032 0.031250 0.041667
0 0.295381 0.215603 0.031250 0.041667
0 0.276095 0.170601 0.031250 0.041667
0 0.306953 0.175744 0.031250 0.041667
0 0.354205 0.192459 0.031250 0.041667
0 0.284774 0.094741 0.031250 0.041667
0 0.306953 0.096027 0.031250 0.041667
0 0.186413 0.153886 0.031250 0.041667
0 0.185449 0.052311 0.031250 0.041667
0 0.448708 0.213031 0.031250 0.041667
0 0.397599 0.184745 0.031250 0.041667
0 0.346490 0.102456 0.031250 0.041667
0 0.200878 0.036882 0.031250 0.041667