0 0.083231 0.456040 0.031250 0.041667
0 0.263558 0.191173 0.031250 0.041667
0 0.400492 0.223317 0.031250 0.041667
0 0.451601 0.209174 0.031250 0.041667
0 0.389884 0.507470 0.031250 0.041667
0 0.415921 0.537043 0.031250 0.041667
0 0.449672 0.641190 0.031250 0.041667
0 0.478602 0.560187 0.031250 0.041667
0 0.503674 0.530614 0.031250 0.041667
0 0.592392 0.511328 0.031250 0.041667
0 0.543211 0.454754 0.031250 0.041667
0 0.624214 0.651476 0.031250 0.041667
0 0.362883 0.801910 0.031250 0.041667
0 0.287666 0.776194 0.031250 0.041667
0 0.278988 0.736336 0.031250 0.041667
0 0.793935 0.511328 0.031250 0.041667
0 0.864330 0.512614 0.031250 0.041667
0 0.703288 0.204031 0.031250 0.041667
0 0.670502 0.200174 0.031250 0.041667
0 0.654108 0.166744 0.031250 0.041667
0 0.604928 0.169316 0.031250 0.041667
0 0.199913 0.065169 0.031250 0.041667
0 0.183520 0.067740 0.031250 0.041667
0 0.287666 0.096027 0.031250 0.041667
0 0.308882 0.096027 0.031250 0.041667
0 0.337811 0.101170 0.031250 0.041667