0 0.261338 0.772955 0.031250 0.041667
0 0.810282 0.790869 0.031250 0.041667
0 0.800685 0.474810 0.031250 0.041667
0 0.687442 0.519596 0.031250 0.041667
0 0.560762 0.501681 0.031250 0.041667
0 0.546367 0.473530 0.031250 0.041667
0 0.547326 0.524714 0.031250 0.041667
0 0.498382 0.528553 0.031250 0.041667
0 0.409131 0.527273 0.031250 0.041667
0 0.393775 0.505520 0.031250 0.041667
0 0.415848 0.481208 0.031250 0.041667
0 0.397614 0.276474 0.031250 0.041667
0 0.351549 0.270076 0.031250 0.041667
0 0.325637 0.202257 0.031250 0.041667
0 0.290129 0.189461 0.031250 0.041667
0 0.269015 0.261118 0.031250 0.041667
0 0.249822 0.206096 0.031250 0.041667
0 0.225829 0.226569 0.031250 0.041667
0 0.205676 0.217612 0.031250 0.041667
0 0.269015 0.122923 0.031250 0.041667
0 0.272854 0.094772 0.031250 0.041667
0 0.287250 0.067900 0.031250 0.041667
0 0.293008 0.087094 0.031250 0.041667
0 0.187442 0.038470 0.031250 0.041667
0 0.355388 0.119084 0.031250 0.041667
0 0.362106 0.085815 0.031250 0.041667
0 0.650973 0.262398 0.031250 0.041667
0 0.727749 0.270076 0.031250 0.041667
0 0.754620 0.171547 0.031250 0.041667
0 0.450397 0.204816 0.031250 0.041667