0 0.004375 0.551692 0.031250 0.041667
0 0.286716 0.446285 0.031250 0.041667
0 0.368851 0.499673 0.031250 0.041667
0 0.398625 0.483246 0.031250 0.041667
0 0.447907 0.533896 0.031250 0.041667
0 0.501295 0.540741 0.031250 0.041667
0 0.540309 0.480508 0.031250 0.041667
0 0.497188 0.587284 0.031250 0.041667
0 0.477681 0.620138 0.031250 0.041667
0 0.434559 0.772089 0.031250 0.041667
0 0.766182 0.780302 0.031250 0.041667
0 0.727167 0.928146 0.031250 0.041667
0 0.821623 0.804943 0.031250 0.041667
0 0.891438 0.699536 0.031250 0.041667
0 0.884251 0.284751 0.031250 0.041667
0 0.826757 0.324450 0.031250 0.041667
0 0.748728 0.246422 0.031250 0.041667
0 0.677886 0.253266 0.031250 0.041667
0 0.750781 0.135539 0.031250 0.041667
0 0.543389 0.198509 0.031250 0.041667
0 0.449960 0.202616 0.031250 0.041667
0 0.441746 0.219043 0.031250 0.041667
0 0.304169 0.120480 0.031250 0.041667
0 0.262075 0.113636 0.031250 0.041667
0 0.232301 0.060248 0.031250 0.041667
0 0.190206 0.062986 0.031250 0.041667
0 0.280555 0.097209 0.031250 0.041667
0 0.292876 0.088995 0.031250 0.041667
0 0.381171 0.057510 0.031250 0.041667
0 0.242568 0.210829 0.031250 0.041667