0 0.235593 0.112742 0.031250 0.041667
0 0.245236 0.116599 0.031250 0.041667
0 0.282845 0.096027 0.031250 0.041667
0 0.306953 0.099884 0.031250 0.041667
0 0.350347 0.101170 0.031250 0.041667
0 0.335883 0.142315 0.031250 0.041667
0 0.304060 0.143600 0.031250 0.041667
0 0.264523 0.159029 0.031250 0.041667
0 0.254880 0.215603 0.031250 0.041667
0 0.334918 0.178316 0.031250 0.041667
0 0.376384 0.261890 0.031250 0.041667
0 0.459315 0.209174 0.031250 0.041667
0 0.591427 0.215603 0.031250 0.041667
0 0.634822 0.220746 0.031250 0.041667
0 0.745719 0.233604 0.031250 0.041667
0 0.592392 0.502327 0.031250 0.041667
0 0.538390 0.472755 0.031250 0.041667
0 0.497888 0.538329 0.031250 0.041667
0 0.407242 0.526757 0.031250 0.041667
0 0.399528 0.515185 0.031250 0.041667
0 0.438100 0.633475 0.031250 0.041667
0 0.402421 0.746622 0.031250 0.041667
0 0.331061 0.792909 0.031250 0.041667
0 0.241379 0.750479 0.031250 0.041667
0 0.762112 0.866198 0.031250 0.041667
0 0.830579 0.879055 0.031250 0.041667
0 0.904831 0.794195 0.031250 0.041667
0 0.965584 0.807053 0.031250 0.041667