0 0.853722 0.918914 0.031250 0.041667
0 0.945333 0.848197 0.031250 0.041667
0 0.370598 0.800624 0.031250 0.041667
0 0.297310 0.760765 0.031250 0.041667
0 0.280916 0.785195 0.031250 0.041667
0 0.128554 0.601331 0.031250 0.041667
0 0.008978 0.625760 0.031250 0.041667
0 0.237522 0.346750 0.031250 0.041667
0 0.392777 0.497184 0.031250 0.041667
0 0.412064 0.530614 0.031250 0.041667
0 0.440993 0.531900 0.031250 0.041667
0 0.453530 0.571758 0.031250 0.041667
0 0.448708 0.639904 0.031250 0.041667
0 0.506567 0.538329 0.031250 0.041667
0 0.546104 0.471469 0.031250 0.041667
0 0.600106 0.520328 0.031250 0.041667
0 0.818043 0.367323 0.031250 0.041667
0 0.664716 0.182173 0.031250 0.041667
0 0.620357 0.169316 0.031250 0.041667
0 0.639643 0.084455 0.031250 0.041667
0 0.653144 0.080598 0.031250 0.041667
0 0.439065 0.213031 0.031250 0.041667
0 0.343597 0.152601 0.031250 0.041667
0 0.301167 0.155172 0.031250 0.041667
0 0.337811 0.102456 0.031250 0.041667
0 0.306953 0.089598 0.031250 0.041667
0 0.284774 0.094741 0.031250 0.041667
0 0.243308 0.110171 0.031250 0.041667
0 0.375420 0.045883 0.031250 0.041667