0 0.551657 0.212201 0.031250 0.041667
0 0.443341 0.201260 0.031250 0.041667
0 0.451547 0.207825 0.031250 0.041667
0 0.341591 0.104980 0.031250 0.041667
0 0.308768 0.098416 0.031250 0.041667
0 0.295639 0.115921 0.031250 0.041667
0 0.231635 0.179379 0.031250 0.041667
0 0.159425 0.441961 0.031250 0.041667
0 0.100344 0.463843 0.031250 0.041667
0 0.041263 0.450713 0.031250 0.041667
0 0.225070 0.441961 0.031250 0.041667
0 0.129884 0.566687 0.031250 0.041667
0 0.126602 0.610451 0.031250 0.041667
0 0.065880 0.647650 0.031250 0.041667
0 0.046186 0.750495 0.031250 0.041667
0 0.213582 0.691414 0.031250 0.041667
0 0.213582 0.722048 0.031250 0.041667
0 0.279228 0.818328 0.031250 0.041667
0 0.266099 0.855527 0.031250 0.041667
0 0.380978 0.794258 0.031250 0.041667
0 0.364567 0.879597 0.031250 0.041667
0 0.440059 0.750495 0.031250 0.041667
0 0.449906 0.737366 0.031250 0.041667
0 0.448265 0.645462 0.031250 0.041667
0 0.390825 0.511983 0.031250 0.041667
0 0.405595 0.538241 0.031250 0.041667
0 0.510628 0.522924 0.031250 0.041667
0 0.543451 0.461654 0.031250 0.041667
0 0.679665 0.568875 0.031250 0.041667
0 0.881525 0.601698 0.031250 0.041667
0 0.799468 0.774565 0.031250 0.041667
0 0.704282 0.835834 0.031250 0.041667
0 0.719053 0.945243 0.031250 0.041667
0 0.989840 0.986818 0.031250 0.041667