0 0.273244 0.090894 0.031250 0.041667
0 0.276415 0.099350 0.031250 0.041667
0 0.292272 0.095122 0.031250 0.041667
0 0.187621 0.067638 0.031250 0.041667
0 0.335084 0.084551 0.031250 0.041667
0 0.343012 0.082437 0.031250 0.041667
0 0.323984 0.183917 0.031250 0.041667
0 0.301785 0.211401 0.031250 0.041667
0 0.281172 0.192374 0.031250 0.041667
0 0.262145 0.205059 0.031250 0.041667
0 0.232018 0.247342 0.031250 0.041667
0 0.236775 0.285397 0.031250 0.041667
0 0.184449 0.289625 0.031250 0.041667
0 0.411194 0.319223 0.031250 0.041667
0 0.444492 0.209287 0.031250 0.041667
0 0.458762 0.209287 0.031250 0.041667
0 0.460348 0.194488 0.031250 0.041667
0 0.547557 0.467215 0.031250 0.041667
0 0.666479 0.361507 0.031250 0.041667
0 0.844069 0.238885 0.031250 0.041667
0 0.444492 0.621549 0.031250 0.041667
0 0.488889 0.706116 0.031250 0.041667
0 0.622081 0.701887 0.031250 0.041667