0 0.190206 0.049296 0.031250 0.041667
0 0.200473 0.139645 0.031250 0.041667
0 0.273369 0.102684 0.031250 0.041667
0 0.288769 0.098578 0.031250 0.041667
0 0.287742 0.143752 0.031250 0.041667
0 0.330863 0.171131 0.031250 0.041667
0 0.339077 0.136908 0.031250 0.041667
0 0.339077 0.277907 0.031250 0.041667
0 0.359611 0.279276 0.031250 0.041667
0 0.290822 0.271062 0.031250 0.041667
0 0.441746 0.210829 0.031250 0.041667
0 0.065976 0.447654 0.031250 0.041667
0 0.030042 0.483246 0.031250 0.041667
0 0.224087 0.607818 0.031250 0.041667
0 0.287742 0.488721 0.031250 0.041667
0 0.348317 0.494197 0.031250 0.041667
0 0.443800 0.518838 0.031250 0.041667
0 0.476654 0.525682 0.031250 0.041667
0 0.518748 0.531158 0.031250 0.041667
0 0.548523 0.529789 0.031250 0.041667
0 0.562896 0.503780 0.031250 0.041667
0 0.560843 0.472294 0.031250 0.041667
0 0.330863 0.809050 0.031250 0.041667
0 0.587537 0.807681 0.031250 0.041667
0 0.642978 0.680371 0.031250 0.041667
0 0.690206 0.918564 0.031250 0.041667
0 0.761048 0.907613 0.031250 0.041667
0 0.766182 0.633827 0.031250 0.041667
0 0.761048 0.395634 0.031250 0.041667
0 0.778502 0.160179 0.031250 0.041667
0 0.772342 0.183451 0.031250 0.041667
0 0.750781 0.190296 0.031250 0.041667
0 0.737434 0.179344 0.031250 0.041667
0 0.713820 0.190296 0.031250 0.041667
0 0.688153 0.210829 0.031250 0.041667
0 0.654272 0.210829 0.031250 0.041667
0 0.554683 0.184820 0.031250 0.041667
0 0.645032 0.069830 0.031250 0.041667