0 0.080171 0.570442 0.031250 0.041667
0 0.157984 0.566236 0.031250 0.041667
0 0.165345 0.859261 0.031250 0.041667
0 0.335692 0.853653 0.031250 0.041667
0 0.431381 0.782149 0.031250 0.041667
0 0.461875 0.702233 0.031250 0.041667
0 0.733168 0.765325 0.031250 0.041667
0 0.772075 0.721862 0.031250 0.041667
0 0.551254 0.521371 0.031250 0.041667
0 0.559667 0.507351 0.031250 0.041667
0 0.543894 0.473702 0.031250 0.041667
0 0.503936 0.533989 0.031250 0.041667
0 0.412453 0.526979 0.031250 0.041667
0 0.401938 0.511557 0.031250 0.041667
0 0.413505 0.484918 0.031250 0.041667
0 0.165345 0.392384 0.031250 0.041667
0 0.143263 0.372756 0.031250 0.041667
0 0.258931 0.277417 0.031250 0.041667
0 0.256828 0.221336 0.031250 0.041667
0 0.231591 0.166657 0.031250 0.041667
0 0.278910 0.170863 0.031250 0.041667
0 0.262085 0.140018 0.031250 0.041667
0 0.230539 0.095153 0.031250 0.041667
0 0.197942 0.065710 0.031250 0.041667
0 0.270497 0.093751 0.031250 0.041667
0 0.285219 0.088143 0.031250 0.041667
0 0.316764 0.096555 0.031250 0.041667
0 0.336743 0.099359 0.031250 0.041667
0 0.370392 0.083937 0.031250 0.041667
0 0.395629 0.085339 0.031250 0.041667
0 0.737374 0.187687 0.031250 0.041667
0 0.775229 0.218532 0.031250 0.041667
0 0.453463 0.217130 0.031250 0.041667
0 0.968710 0.936373 0.031250 0.041667
0 0.555461 0.200306 0.031250 0.041667