0 0.312289 0.102894 0.031250 0.041667
0 0.367845 0.092312 0.031250 0.041667
0 0.264670 0.190195 0.031250 0.041667
0 0.286496 0.171677 0.031250 0.041667
0 0.296416 0.224587 0.031250 0.041667
0 0.260702 0.227232 0.031250 0.041667
0 0.217051 0.327761 0.031250 0.041667
0 0.409511 0.216650 0.031250 0.041667
0 0.443242 0.198132 0.031250 0.041667
0 0.465067 0.208714 0.031250 0.041667
0 0.530543 0.214005 0.031250 0.041667
0 0.568242 0.171677 0.031250 0.041667
0 0.637686 0.142576 0.031250 0.041667
0 0.746813 0.108185 0.031250 0.041667
0 0.780543 0.110830 0.031250 0.041667
0 0.754750 0.208714 0.031250 0.041667
0 0.855940 0.497073 0.031250 0.041667
0 0.784511 0.497073 0.031250 0.041667
0 0.546416 0.462682 0.031250 0.041667
0 0.576178 0.489137 0.031250 0.041667
0 0.562289 0.520883 0.031250 0.041667
0 0.512686 0.528819 0.031250 0.041667
0 0.397607 0.502364 0.031250 0.041667
0 0.405543 0.518237 0.031250 0.041667
0 0.238876 0.669031 0.031250 0.041667
0 0.290464 0.803952 0.031250 0.041667
0 0.344035 0.772206 0.031250 0.041667
0 0.353956 0.806597 0.031250 0.041667
0 0.381734 0.780142 0.031250 0.041667
0 0.405543 0.756333 0.031250 0.041667
0 0.451178 0.735169 0.031250 0.041667