0 0.040609 0.494004 0.031250 0.041667
0 0.106827 0.479928 0.031250 0.041667
0 0.225829 0.405712 0.031250 0.041667
0 0.261338 0.383959 0.031250 0.041667
0 0.380340 0.305904 0.031250 0.041667
0 0.410090 0.483767 0.031250 0.041667
0 0.395695 0.509359 0.031250 0.041667
0 0.409131 0.520875 0.031250 0.041667
0 0.440800 0.532392 0.031250 0.041667
0 0.505100 0.531112 0.031250 0.041667
0 0.554044 0.519596 0.031250 0.041667
0 0.562681 0.490165 0.031250 0.041667
0 0.543488 0.468412 0.031250 0.041667
0 0.470551 0.627081 0.031250 0.041667
0 0.746942 0.888118 0.031250 0.041667
0 0.842912 0.473530 0.031250 0.041667
0 0.829476 0.312302 0.031250 0.041667
0 0.702797 0.307184 0.031250 0.041667
0 0.767096 0.189461 0.031250 0.041667
0 0.739265 0.194580 0.031250 0.041667
0 0.710474 0.160031 0.031250 0.041667
0 0.650973 0.172827 0.031250 0.041667
0 0.557883 0.083255 0.031250 0.041667
0 0.442720 0.213774 0.031250 0.041667
0 0.455196 0.286710 0.031250 0.041667
0 0.364985 0.170268 0.031250 0.041667
0 0.331395 0.158751 0.031250 0.041667
0 0.285330 0.120363 0.031250 0.041667
0 0.285330 0.096051 0.031250 0.041667
0 0.269975 0.098610 0.031250 0.041667
0 0.240225 0.090933 0.031250 0.041667
0 0.224870 0.088374 0.031250 0.041667
0 0.203756 0.089653 0.031250 0.041667
0 0.309323 0.076857 0.031250 0.041667
0 0.336194 0.070459 0.031250 0.041667
0 0.365944 0.085815 0.031250 0.041667
0 0.362106 0.038470 0.031250 0.041667
0 0.296847 0.093492 0.031250 0.041667