0 0.308768 0.094039 0.031250 0.041667
0 0.443341 0.205637 0.031250 0.041667
0 0.456471 0.210013 0.031250 0.041667
0 0.197171 0.120298 0.031250 0.041667
0 0.238199 0.275659 0.031250 0.041667
0 0.262816 0.310670 0.031250 0.041667
0 0.293998 0.288788 0.031250 0.041667
0 0.546733 0.207825 0.031250 0.041667
0 0.571350 0.177190 0.031250 0.041667
0 0.546733 0.461654 0.031250 0.041667
0 0.517193 0.533864 0.031250 0.041667
0 0.399031 0.498853 0.031250 0.041667
0 0.408878 0.522924 0.031250 0.041667
0 0.133166 0.579816 0.031250 0.041667
0 0.118396 0.619204 0.031250 0.041667
0 0.010081 0.682661 0.031250 0.041667
0 0.044545 0.647650 0.031250 0.041667
0 0.226711 0.700166 0.031250 0.041667
0 0.229994 0.732989 0.031250 0.041667
0 0.446624 0.645462 0.031250 0.041667
0 0.456471 0.735177 0.031250 0.041667
0 0.431853 0.739554 0.031250 0.041667
0 0.384260 0.805199 0.031250 0.041667
0 0.371131 0.851151 0.031250 0.041667
0 0.320256 0.774565 0.031250 0.041667
0 0.292357 0.844587 0.031250 0.041667
0 0.684589 0.599510 0.031250 0.041667
0 0.802751 0.724236 0.031250 0.041667
0 0.863473 0.621392 0.031250 0.041667