0 0.198720 0.042268 0.031250 0.041667
0 0.217747 0.131063 0.031250 0.041667
0 0.271659 0.095122 0.031250 0.041667
0 0.282758 0.095122 0.031250 0.041667
0 0.290686 0.093008 0.031250 0.041667
0 0.338255 0.086665 0.031250 0.041667
0 0.358868 0.086665 0.031250 0.041667
0 0.460348 0.192374 0.031250 0.041667
0 0.593540 0.088780 0.031250 0.041667
0 0.590369 0.133177 0.031250 0.041667
0 0.634766 0.141634 0.031250 0.041667
0 0.615739 0.221972 0.031250 0.041667
0 0.642695 0.238885 0.031250 0.041667
0 0.769544 0.253684 0.031250 0.041667
0 0.821870 0.240999 0.031250 0.041667
0 0.885295 0.653262 0.031250 0.041667
0 0.547557 0.465101 0.031250 0.041667
0 0.195549 0.314995 0.031250 0.041667
0 0.227261 0.317109 0.031250 0.041667
0 0.086141 0.465101 0.031250 0.041667
0 0.138466 0.465101 0.031250 0.041667
0 0.032229 0.617321 0.031250 0.041667
0 0.320813 0.816052 0.031250 0.041667