0 0.738004 0.173173 0.031250 0.041667
0 0.787184 0.180887 0.031250 0.041667
0 0.783327 0.324893 0.031250 0.041667
0 0.684002 0.340322 0.031250 0.041667
0 0.498853 0.531900 0.031250 0.041667
0 0.540318 0.466326 0.031250 0.041667
0 0.402421 0.525471 0.031250 0.041667
0 0.389884 0.499756 0.031250 0.041667
0 0.412064 0.475326 0.031250 0.041667
0 0.315632 0.396895 0.031250 0.041667
0 0.277059 0.409753 0.031250 0.041667
0 0.207628 0.399467 0.031250 0.041667
0 0.206664 0.381466 0.031250 0.041667
0 0.164234 0.416181 0.031250 0.041667
0 0.099624 0.425182 0.031250 0.041667
0 0.193163 0.668190 0.031250 0.041667
0 0.127589 0.882912 0.031250 0.041667
0 0.314667 0.756908 0.031250 0.041667
0 0.392777 0.801910 0.031250 0.041667
0 0.844079 0.639904 0.031250 0.041667
0 0.937618 0.661762 0.031250 0.041667
0 0.363848 0.200174 0.031250 0.041667
0 0.397599 0.204031 0.031250 0.041667
0 0.358062 0.139743 0.031250 0.041667
0 0.283809 0.148743 0.031250 0.041667
0 0.231736 0.174459 0.031250 0.041667
0 0.203771 0.178316 0.031250 0.041667
0 0.243308 0.116599 0.031250 0.041667
0 0.284774 0.092170 0.031250 0.041667
0 0.307917 0.096027 0.031250 0.041667
0 0.292488 0.112742 0.031250 0.041667
0 0.347454 0.093456 0.031250 0.041667
0 0.359991 0.036882 0.031250 0.041667
0 0.299238 0.148743 0.031250 0.041667