0 0.457748 0.706870 0.031250 0.041667
0 0.438623 0.777909 0.031250 0.041667
0 0.418131 0.754229 0.031250 0.041667
0 0.375781 0.774266 0.031250 0.041667
0 0.322503 0.750586 0.031250 0.041667
0 0.184524 0.779730 0.031250 0.041667
0 0.187257 0.821625 0.031250 0.041667
0 0.013759 0.564794 0.031250 0.041667
0 0.191355 0.450040 0.031250 0.041667
0 0.396273 0.501042 0.031250 0.041667
0 0.393541 0.532007 0.031250 0.041667
0 0.562940 0.528364 0.031250 0.041667
0 0.572503 0.499220 0.031250 0.041667
0 0.547912 0.471898 0.031250 0.041667
0 0.795180 0.583009 0.031250 0.041667
0 0.851191 0.431825 0.031250 0.041667
0 0.789716 0.373537 0.031250 0.041667
0 0.722776 0.185923 0.031250 0.041667
0 0.750098 0.200495 0.031250 0.041667
0 0.226874 0.287927 0.031250 0.041667
0 0.252830 0.231461 0.031250 0.041667
0 0.286983 0.224175 0.031250 0.041667
0 0.370317 0.251497 0.031250 0.041667
0 0.405836 0.216889 0.031250 0.041667
0 0.416765 0.258783 0.031250 0.041667
0 0.448186 0.216889 0.031250 0.041667
0 0.586164 0.118528 0.031250 0.041667
0 0.243268 0.100313 0.031250 0.041667
0 0.265126 0.091206 0.031250 0.041667
0 0.271956 0.080277 0.031250 0.041667
0 0.225508 0.038382 0.031250 0.041667
0 0.311574 0.085741 0.031250 0.041667