0 0.441700 0.199072 0.031250 0.041667
0 0.451547 0.205637 0.031250 0.041667
0 0.407236 0.227519 0.031250 0.041667
0 0.377696 0.240648 0.031250 0.041667
0 0.348155 0.133427 0.031250 0.041667
0 0.330103 0.126862 0.031250 0.041667
0 0.310409 0.094039 0.031250 0.041667
0 0.290716 0.096228 0.031250 0.041667
0 0.262816 0.109357 0.031250 0.041667
0 0.246405 0.137803 0.031250 0.041667
0 0.200453 0.146556 0.031250 0.041667
0 0.335026 0.343492 0.031250 0.041667
0 0.374414 0.503230 0.031250 0.041667
0 0.389184 0.544805 0.031250 0.041667
0 0.458112 0.597322 0.031250 0.041667
0 0.510628 0.654215 0.031250 0.041667
0 0.502422 0.540429 0.031250 0.041667
0 0.538527 0.463843 0.031250 0.041667
0 0.177477 0.402573 0.031250 0.041667
0 0.095420 0.424455 0.031250 0.041667
0 0.128243 0.579816 0.031250 0.041667
0 0.126602 0.619204 0.031250 0.041667
0 0.069162 0.656403 0.031250 0.041667
0 0.216864 0.798635 0.031250 0.041667
0 0.290716 0.778941 0.031250 0.041667
0 0.287433 0.798635 0.031250 0.041667
0 0.384260 0.796446 0.031250 0.041667
0 0.433495 0.741742 0.031250 0.041667
0 0.464676 0.728613 0.031250 0.041667
0 0.787980 0.750495 0.031250 0.041667
0 0.832291 0.750495 0.031250 0.041667
0 0.546733 0.212201 0.031250 0.041667
0 0.663254 0.146556 0.031250 0.041667
0 0.710847 0.146556 0.031250 0.041667