0 0.248377 0.089328 0.031250 0.041667
0 0.273290 0.098070 0.031250 0.041667
0 0.285091 0.098070 0.031250 0.041667
0 0.303447 0.098070 0.031250 0.041667
0 0.336227 0.094573 0.031250 0.041667
0 0.345405 0.085832 0.031250 0.041667
0 0.370318 0.061356 0.031250 0.041667
0 0.438500 0.215203 0.031250 0.041667
0 0.448989 0.202965 0.031250 0.041667
0 0.346717 0.244923 0.031250 0.041667
0 0.264112 0.286881 0.031250 0.041667
0 0.228710 0.288629 0.031250 0.041667
0 0.115947 0.529888 0.031250 0.041667
0 0.253622 0.744923 0.031250 0.041667
0 0.310003 0.748419 0.031250 0.041667
0 0.455545 0.540377 0.031250 0.041667
0 0.526349 0.538629 0.031250 0.041667
0 0.551262 0.473944 0.031250 0.041667
0 0.572241 0.661007 0.031250 0.041667
0 0.607643 0.269398 0.031250 0.041667
0 0.633867 0.209958 0.031250 0.041667
0 0.671891 0.215203 0.031250 0.041667
0 0.657468 0.276391 0.031250 0.041667
0 0.716472 0.239678 0.031250 0.041667
0 0.753185 0.236182 0.031250 0.041667
0 0.754496 0.386531 0.031250 0.041667
0 0.687626 0.332335 0.031250 0.041667
0 0.803010 0.351566 0.031250 0.041667
0 0.888238 0.362056 0.031250 0.041667
0 0.855458 0.243175 0.031250 0.041667
0 0.633978 0.368073 0.031250 0.041667