0 0.182556 0.506185 0.031250 0.041667
0 0.197020 0.422610 0.031250 0.041667
0 0.300203 0.785195 0.031250 0.041667
0 0.325275 0.758194 0.031250 0.041667
0 0.370598 0.782623 0.031250 0.041667
0 0.450637 0.630903 0.031250 0.041667
0 0.444851 0.585902 0.031250 0.041667
0 0.403385 0.524185 0.031250 0.041667
0 0.395670 0.503613 0.031250 0.041667
0 0.511389 0.534471 0.031250 0.041667
0 0.548997 0.472755 0.031250 0.041667
0 0.634822 0.567901 0.031250 0.041667
0 0.631929 0.711906 0.031250 0.041667
0 0.750540 0.375037 0.031250 0.041667
0 0.803578 0.364751 0.031250 0.041667
0 0.835400 0.357037 0.031250 0.041667
0 0.749576 0.252890 0.031250 0.041667
0 0.691717 0.255461 0.031250 0.041667
0 0.694610 0.184745 0.031250 0.041667
0 0.749576 0.182173 0.031250 0.041667
0 0.600106 0.188602 0.031250 0.041667
0 0.614571 0.170601 0.031250 0.041667
0 0.586606 0.171887 0.031250 0.041667
0 0.368669 0.213031 0.031250 0.041667
0 0.442922 0.214317 0.031250 0.041667
0 0.372527 0.040740 0.031250 0.041667
0 0.386991 0.044597 0.031250 0.041667
0 0.337811 0.099884 0.031250 0.041667
0 0.304060 0.094741 0.031250 0.041667
0 0.224986 0.112742 0.031250 0.041667
0 0.189306 0.120457 0.031250 0.041667
0 0.209557 0.183459 0.031250 0.041667
0 0.249094 0.204031 0.031250 0.041667