0 0.434243 0.202745 0.031250 0.041667
0 0.450637 0.201460 0.031250 0.041667
0 0.390849 0.156458 0.031250 0.041667
0 0.295381 0.175744 0.031250 0.041667
0 0.250058 0.162887 0.031250 0.041667
0 0.211485 0.177030 0.031250 0.041667
0 0.286702 0.092170 0.031250 0.041667
0 0.310810 0.092170 0.031250 0.041667
0 0.341668 0.094741 0.031250 0.041667
0 0.199913 0.047168 0.031250 0.041667
0 0.182556 0.058740 0.031250 0.041667
0 0.196056 0.481755 0.031250 0.041667
0 0.204735 0.517757 0.031250 0.041667
0 0.391813 0.507470 0.031250 0.041667
0 0.403385 0.526757 0.031250 0.041667
0 0.442922 0.641190 0.031250 0.041667
0 0.367705 0.804481 0.031250 0.041667
0 0.314667 0.796767 0.031250 0.041667
0 0.263558 0.778766 0.031250 0.041667
0 0.500781 0.542186 0.031250 0.041667
0 0.543211 0.467612 0.031250 0.041667
0 0.597213 0.520328 0.031250 0.041667
0 0.628072 0.232318 0.031250 0.041667
0 0.648322 0.178316 0.031250 0.041667
0 0.681109 0.223317 0.031250 0.041667
0 0.696538 0.157744 0.031250 0.041667
0 0.734147 0.177030 0.031250 0.041667