0 0.606856 0.526757 0.031250 0.041667
0 0.548033 0.468898 0.031250 0.041667
0 0.445815 0.580759 0.031250 0.041667
0 0.504639 0.538329 0.031250 0.041667
0 0.440029 0.630903 0.031250 0.041667
0 0.410135 0.533186 0.031250 0.041667
0 0.392777 0.508756 0.031250 0.041667
0 0.363848 0.792909 0.031250 0.041667
0 0.322382 0.777480 0.031250 0.041667
0 0.314667 0.754336 0.031250 0.041667
0 0.605892 0.732479 0.031250 0.041667
0 0.745719 0.710621 0.031250 0.041667
0 0.745719 0.632189 0.031250 0.041667
0 0.930868 0.972916 0.031250 0.041667
0 0.883616 0.585902 0.031250 0.041667
0 0.814185 0.180887 0.031250 0.041667
0 0.731254 0.139743 0.031250 0.041667
0 0.706181 0.114028 0.031250 0.041667
0 0.302131 0.228461 0.031250 0.041667
0 0.278023 0.143600 0.031250 0.041667
0 0.255844 0.156458 0.031250 0.041667
0 0.450637 0.206603 0.031250 0.041667
0 0.310810 0.093456 0.031250 0.041667
0 0.278988 0.092170 0.031250 0.041667
0 0.340704 0.099884 0.031250 0.041667
0 0.205699 0.076741 0.031250 0.041667
0 0.194127 0.060026 0.031250 0.041667
0 0.369634 0.043311 0.031250 0.041667
0 0.310810 0.048454 0.031250 0.041667