0 0.458720 0.731676 0.031250 0.041667
0 0.459772 0.698027 0.031250 0.041667
0 0.409299 0.532587 0.031250 0.041667
0 0.398783 0.505949 0.031250 0.041667
0 0.417711 0.475104 0.031250 0.041667
0 0.508142 0.536794 0.031250 0.041667
0 0.549151 0.526979 0.031250 0.041667
0 0.564924 0.503145 0.031250 0.041667
0 0.545997 0.479310 0.031250 0.041667
0 0.617500 0.297046 0.031250 0.041667
0 0.652201 0.273211 0.031250 0.041667
0 0.706880 0.267603 0.031250 0.041667
0 0.721601 0.287232 0.031250 0.041667
0 0.765765 0.298448 0.031250 0.041667
0 0.787847 0.288634 0.031250 0.041667
0 0.744735 0.201708 0.031250 0.041667
0 0.766817 0.194697 0.031250 0.041667
0 0.848836 0.298448 0.031250 0.041667
0 0.874073 0.290036 0.031250 0.041667
0 0.197942 0.168059 0.031250 0.041667
0 0.236849 0.124596 0.031250 0.041667
0 0.251570 0.124596 0.031250 0.041667
0 0.267343 0.099359 0.031250 0.041667
0 0.281013 0.095153 0.031250 0.041667
0 0.303095 0.092349 0.031250 0.041667
0 0.323074 0.095153 0.031250 0.041667
0 0.329383 0.099359 0.031250 0.041667
0 0.364083 0.088143 0.031250 0.041667
0 0.383010 0.081133 0.031250 0.041667
0 0.456617 0.211522 0.031250 0.041667
0 0.185324 0.040474 0.031250 0.041667