0 0.273244 0.095122 0.031250 0.041667
0 0.282758 0.093008 0.031250 0.041667
0 0.297029 0.086665 0.031250 0.041667
0 0.335084 0.093008 0.031250 0.041667
0 0.341426 0.076095 0.031250 0.041667
0 0.439735 0.205059 0.031250 0.041667
0 0.454005 0.209287 0.031250 0.041667
0 0.465105 0.194488 0.031250 0.041667
0 0.270073 0.230429 0.031250 0.041667
0 0.225676 0.321338 0.031250 0.041667
0 0.258974 0.325566 0.031250 0.041667
0 0.328741 0.357278 0.031250 0.041667
0 0.260559 0.507384 0.031250 0.041667
0 0.168593 0.591951 0.031250 0.041667
0 0.082969 0.560238 0.031250 0.041667
0 0.017959 0.589837 0.031250 0.041667
0 0.179692 0.763198 0.031250 0.041667
0 0.442906 0.632120 0.031250 0.041667
0 0.687092 0.515841 0.031250 0.041667
0 0.547557 0.469329 0.031250 0.041667
0 0.729904 0.509498 0.031250 0.041667
0 0.825041 0.429160 0.031250 0.041667
0 0.859925 0.424932 0.031250 0.041667
0 0.756859 0.361507 0.031250 0.041667
0 0.737832 0.230429 0.031250 0.041667
0 0.664893 0.234657 0.031250 0.041667
0 0.652208 0.266369 0.031250 0.041667
0 0.612568 0.270598 0.031250 0.041667
0 0.598297 0.177574 0.031250 0.041667