0 0.066837 0.690048 0.031250 0.041667
0 0.284774 0.786480 0.031250 0.041667
0 0.332990 0.773623 0.031250 0.041667
0 0.368669 0.800624 0.031250 0.041667
0 0.397599 0.529328 0.031250 0.041667
0 0.447744 0.209174 0.031250 0.041667
0 0.359026 0.196316 0.031250 0.041667
0 0.293452 0.228461 0.031250 0.041667
0 0.257773 0.202745 0.031250 0.041667
0 0.263558 0.192459 0.031250 0.041667
0 0.222093 0.187316 0.031250 0.041667
0 0.196056 0.227175 0.031250 0.041667
0 0.182556 0.387895 0.031250 0.041667
0 0.234629 0.384037 0.031250 0.041667
0 0.269344 0.376323 0.031250 0.041667
0 0.393742 0.499756 0.031250 0.041667
0 0.450637 0.642475 0.031250 0.041667
0 0.503674 0.539614 0.031250 0.041667
0 0.548033 0.467612 0.031250 0.041667
0 0.681109 0.443182 0.031250 0.041667
0 0.825757 0.474041 0.031250 0.041667
0 0.794899 0.342893 0.031250 0.041667
0 0.747647 0.348036 0.031250 0.041667
0 0.849865 0.351893 0.031250 0.041667
0 0.536461 0.377609 0.031250 0.041667
0 0.328168 0.094741 0.031250 0.041667
0 0.301167 0.092170 0.031250 0.041667
0 0.283809 0.092170 0.031250 0.041667
0 0.251987 0.098599 0.031250 0.041667
0 0.208592 0.093456 0.031250 0.041667
0 0.339740 0.096027 0.031250 0.041667