0 0.219980 0.492828 0.031250 0.041667
0 0.211767 0.219043 0.031250 0.041667
0 0.240514 0.231363 0.031250 0.041667
0 0.262075 0.194402 0.031250 0.041667
0 0.267208 0.246422 0.031250 0.041667
0 0.304169 0.275169 0.031250 0.041667
0 0.196366 0.098578 0.031250 0.041667
0 0.272342 0.098578 0.031250 0.041667
0 0.293902 0.088995 0.031250 0.041667
0 0.447907 0.208092 0.031250 0.041667
0 0.462280 0.202616 0.031250 0.041667
0 0.618338 0.156072 0.031250 0.041667
0 0.631685 0.171131 0.031250 0.041667
0 0.712794 0.087626 0.031250 0.041667
0 0.555709 0.184820 0.031250 0.041667
0 0.551603 0.106791 0.031250 0.041667
0 0.807249 0.179344 0.031250 0.041667
0 0.816490 0.172500 0.031250 0.041667
0 0.509508 0.539372 0.031250 0.041667
0 0.472547 0.594129 0.031250 0.041667
0 0.508481 0.624245 0.031250 0.041667
0 0.543389 0.470925 0.031250 0.041667
0 0.442773 0.522944 0.031250 0.041667
0 0.391438 0.499673 0.031250 0.041667
0 0.377065 0.479139 0.031250 0.041667
0 0.370904 0.076675 0.031250 0.041667
0 0.353451 0.057510 0.031250 0.041667
0 0.349344 0.041083 0.031250 0.041667