0 0.215874 0.344984 0.031250 0.041667
0 0.249755 0.256004 0.031250 0.041667
0 0.223061 0.195771 0.031250 0.041667
0 0.266182 0.179344 0.031250 0.041667
0 0.282609 0.101315 0.031250 0.041667
0 0.293902 0.095840 0.031250 0.041667
0 0.187126 0.112267 0.031250 0.041667
0 0.183019 0.079413 0.031250 0.041667
0 0.205607 0.045190 0.031250 0.041667
0 0.442773 0.219043 0.031250 0.041667
0 0.459200 0.202616 0.031250 0.041667
0 0.495134 0.544847 0.031250 0.041667
0 0.439693 0.527051 0.031250 0.041667
0 0.400679 0.480508 0.031250 0.041667
0 0.497188 0.577701 0.031250 0.041667
0 0.477681 0.620138 0.031250 0.041667
0 0.342157 0.784409 0.031250 0.041667
0 0.579323 0.880234 0.031250 0.041667
0 0.546469 0.480508 0.031250 0.041667
0 0.677886 0.098578 0.031250 0.041667
0 0.691233 0.104053 0.031250 0.041667
0 0.777475 0.235470 0.031250 0.041667
0 0.807249 0.238208 0.031250 0.041667
0 0.785689 0.183451 0.031250 0.041667
0 0.557763 0.184820 0.031250 0.041667