0 0.136788 0.441293 0.031250 0.041667
0 0.209115 0.302928 0.031250 0.041667
0 0.183957 0.099574 0.031250 0.041667
0 0.183957 0.135214 0.031250 0.041667
0 0.196536 0.126828 0.031250 0.041667
0 0.273580 0.091188 0.031250 0.041667
0 0.286159 0.097478 0.031250 0.041667
0 0.353769 0.082803 0.031250 0.041667
0 0.328611 0.120539 0.031250 0.041667
0 0.262574 0.135214 0.031250 0.041667
0 0.235844 0.164564 0.031250 0.041667
0 0.261001 0.227457 0.031250 0.041667
0 0.312888 0.175046 0.031250 0.041667
0 0.323894 0.221167 0.031250 0.041667
0 0.360058 0.206492 0.031250 0.041667
0 0.419806 0.175046 0.031250 0.041667
0 0.327039 0.355339 0.031250 0.041667
0 0.545593 0.466450 0.031250 0.041667
0 0.205970 0.743180 0.031250 0.041667
0 0.267291 0.749469 0.031250 0.041667
0 0.644649 0.193914 0.031250 0.041667
0 0.738989 0.181335 0.031250 0.041667
0 0.779869 0.193914 0.031250 0.041667