0 0.268380 0.782623 0.031250 0.041667
0 0.271273 0.750479 0.031250 0.041667
0 0.355169 0.799338 0.031250 0.041667
0 0.447744 0.645047 0.031250 0.041667
0 0.405314 0.528043 0.031250 0.041667
0 0.391813 0.503613 0.031250 0.041667
0 0.310810 0.378894 0.031250 0.041667
0 0.274166 0.367323 0.031250 0.041667
0 0.503674 0.531900 0.031250 0.041667
0 0.587570 0.512614 0.031250 0.041667
0 0.544176 0.467612 0.031250 0.041667
0 0.622286 0.285034 0.031250 0.041667
0 0.702324 0.240032 0.031250 0.041667
0 0.727396 0.314606 0.031250 0.041667
0 0.777541 0.303035 0.031250 0.041667
0 0.455458 0.207888 0.031250 0.041667
0 0.396635 0.196316 0.031250 0.041667
0 0.276095 0.132028 0.031250 0.041667
0 0.236558 0.116599 0.031250 0.041667
0 0.203771 0.125600 0.031250 0.041667
0 0.283809 0.099884 0.031250 0.041667
0 0.306953 0.096027 0.031250 0.041667
0 0.340704 0.096027 0.031250 0.041667
0 0.185449 0.035596 0.031250 0.041667