0 0.203797 0.103314 0.031250 0.041667
0 0.235266 0.061356 0.031250 0.041667
0 0.254933 0.059608 0.031250 0.041667
0 0.312626 0.094573 0.031250 0.041667
0 0.348028 0.082335 0.031250 0.041667
0 0.359828 0.084084 0.031250 0.041667
0 0.374252 0.215203 0.031250 0.041667
0 0.392608 0.215203 0.031250 0.041667
0 0.442433 0.215203 0.031250 0.041667
0 0.456856 0.211706 0.031250 0.041667
0 0.336227 0.236182 0.031250 0.041667
0 0.327049 0.250168 0.031250 0.041667
0 0.298203 0.230937 0.031250 0.041667
0 0.279846 0.216951 0.031250 0.041667
0 0.248377 0.232685 0.031250 0.041667
0 0.289024 0.288629 0.031250 0.041667
0 0.199863 0.349818 0.031250 0.041667
0 0.239199 0.365552 0.031250 0.041667
0 0.277224 0.348070 0.031250 0.041667
0 0.303447 0.386531 0.031250 0.041667
0 0.413587 0.292126 0.031250 0.041667
0 0.081856 0.463454 0.031250 0.041667
0 0.012363 0.563105 0.031250 0.041667
0 0.163150 0.528140 0.031250 0.041667
0 0.219531 0.500168 0.031250 0.041667
0 0.388675 0.510657 0.031250 0.041667
0 0.408342 0.538629 0.031250 0.041667
0 0.462101 0.540377 0.031250 0.041667
0 0.528972 0.542126 0.031250 0.041667
0 0.573552 0.521147 0.031250 0.041667
0 0.585353 0.498419 0.031250 0.041667
0 0.540773 0.473944 0.031250 0.041667
0 0.635178 0.341077 0.031250 0.041667
0 0.695493 0.327091 0.031250 0.041667
0 0.670580 0.080587 0.031250 0.041667
0 0.678447 0.078839 0.031250 0.041667
0 0.758430 0.197720 0.031250 0.041667
0 0.443745 0.827091 0.031250 0.041667
0 0.723028 0.755412 0.031250 0.041667
0 0.915773 0.968699 0.031250 0.041667