0 0.260666 0.759479 0.031250 0.041667
0 0.327204 0.778766 0.031250 0.041667
0 0.380241 0.753051 0.031250 0.041667
0 0.403385 0.529328 0.031250 0.041667
0 0.391813 0.510042 0.031250 0.041667
0 0.221128 0.276034 0.031250 0.041667
0 0.254880 0.268319 0.031250 0.041667
0 0.305024 0.261890 0.031250 0.041667
0 0.503674 0.540900 0.031250 0.041667
0 0.539354 0.467612 0.031250 0.041667
0 0.599142 0.516471 0.031250 0.041667
0 0.716789 0.423896 0.031250 0.041667
0 0.791042 0.461183 0.031250 0.041667
0 0.857580 0.468898 0.031250 0.041667
0 0.825757 0.623189 0.031250 0.041667
0 0.658930 0.286320 0.031250 0.041667
0 0.690752 0.274748 0.031250 0.041667
0 0.798756 0.287605 0.031250 0.041667
0 0.867223 0.279891 0.031250 0.041667
0 0.729325 0.144886 0.031250 0.041667
0 0.289595 0.097313 0.031250 0.041667
0 0.309846 0.090884 0.031250 0.041667
0 0.343597 0.097313 0.031250 0.041667
0 0.368669 0.090884 0.031250 0.041667
0 0.257773 0.106313 0.031250 0.041667
0 0.202806 0.074169 0.031250 0.041667