0 0.198552 0.120797 0.031250 0.041667
0 0.209042 0.164503 0.031250 0.041667
0 0.243133 0.113804 0.031250 0.041667
0 0.269356 0.099818 0.031250 0.041667
0 0.282468 0.096321 0.031250 0.041667
0 0.306070 0.096321 0.031250 0.041667
0 0.349339 0.084084 0.031250 0.041667
0 0.338849 0.073594 0.031250 0.041667
0 0.374252 0.174993 0.031250 0.041667
0 0.345405 0.244923 0.031250 0.041667
0 0.278535 0.265902 0.031250 0.041667
0 0.228710 0.255412 0.031250 0.041667
0 0.441122 0.213454 0.031250 0.041667
0 0.454234 0.204713 0.031250 0.041667
0 0.666647 0.223944 0.031250 0.041667
0 0.597154 0.494923 0.031250 0.041667
0 0.553884 0.468699 0.031250 0.041667
0 0.566996 0.508909 0.031250 0.041667
0 0.527661 0.547370 0.031250 0.041667
0 0.472591 0.540377 0.031250 0.041667
0 0.327049 0.788629 0.031250 0.041667
0 0.428010 0.734433 0.031250 0.041667
0 0.428010 0.688979 0.031250 0.041667
0 0.698115 0.848070 0.031250 0.041667
0 0.796454 0.867300 0.031250 0.041667
0 0.378513 0.251497 0.031250 0.041667