0 0.633699 0.866365 0.031250 0.041667
0 0.273814 0.760159 0.031250 0.041667
0 0.191280 0.755040 0.031250 0.041667
0 0.184562 0.422347 0.031250 0.041667
0 0.095311 0.413390 0.031250 0.041667
0 0.213353 0.317420 0.031250 0.041667
0 0.415848 0.479928 0.031250 0.041667
0 0.394735 0.505520 0.031250 0.041667
0 0.407211 0.527273 0.031250 0.041667
0 0.506060 0.536230 0.031250 0.041667
0 0.553085 0.514477 0.031250 0.041667
0 0.602029 0.508079 0.031250 0.041667
0 0.540609 0.459455 0.031250 0.041667
0 0.765177 0.307184 0.031250 0.041667
0 0.666328 0.107568 0.031250 0.041667
0 0.299726 0.122923 0.031250 0.041667
0 0.266136 0.133159 0.031250 0.041667
0 0.266136 0.175386 0.031250 0.041667
0 0.239265 0.047427 0.031250 0.041667
0 0.250781 0.049986 0.031250 0.041667
0 0.305484 0.090933 0.031250 0.041667
0 0.346751 0.098610 0.031250 0.041667
0 0.364025 0.092212 0.031250 0.041667
0 0.450397 0.206096 0.031250 0.041667