0 0.339898 0.824210 0.031250 0.041667
0 0.409299 0.525577 0.031250 0.041667
0 0.396680 0.500341 0.031250 0.041667
0 0.417711 0.479310 0.031250 0.041667
0 0.502884 0.529783 0.031250 0.041667
0 0.547048 0.514361 0.031250 0.041667
0 0.555461 0.490526 0.031250 0.041667
0 0.547048 0.475104 0.031250 0.041667
0 0.215818 0.362941 0.031250 0.041667
0 0.367238 0.292840 0.031250 0.041667
0 0.418762 0.285830 0.031250 0.041667
0 0.329383 0.236758 0.031250 0.041667
0 0.299940 0.229748 0.031250 0.041667
0 0.263137 0.229748 0.031250 0.041667
0 0.271549 0.187687 0.031250 0.041667
0 0.298889 0.186285 0.031250 0.041667
0 0.316764 0.201708 0.031250 0.041667
0 0.367238 0.186285 0.031250 0.041667
0 0.418762 0.200306 0.031250 0.041667
0 0.585955 0.233954 0.031250 0.041667
0 0.667974 0.253583 0.031250 0.041667
0 0.697416 0.232552 0.031250 0.041667
0 0.693210 0.198904 0.031250 0.041667
0 0.685850 0.176471 0.031250 0.041667
0 0.727911 0.239563 0.031250 0.041667
0 0.753147 0.177873 0.031250 0.041667
0 0.765765 0.118988 0.031250 0.041667
0 0.804672 0.179275 0.031250 0.041667
0 0.808878 0.201708 0.031250 0.041667
0 0.327280 0.092349 0.031250 0.041667
0 0.345156 0.092349 0.031250 0.041667
0 0.364083 0.085339 0.031250 0.041667
0 0.354619 0.043278 0.031250 0.041667
0 0.379856 0.043278 0.031250 0.041667
0 0.282064 0.095153 0.031250 0.041667
0 0.292579 0.088143 0.031250 0.041667
0 0.247364 0.061504 0.031250 0.041667