0 0.271659 0.093008 0.031250 0.041667
0 0.289100 0.090894 0.031250 0.041667
0 0.306542 0.090894 0.031250 0.041667
0 0.338255 0.093008 0.031250 0.041667
0 0.344597 0.084551 0.031250 0.041667
0 0.254217 0.145862 0.031250 0.041667
0 0.300200 0.145862 0.031250 0.041667
0 0.208234 0.228314 0.031250 0.041667
0 0.211405 0.215629 0.031250 0.041667
0 0.257388 0.209287 0.031250 0.041667
0 0.314470 0.202944 0.031250 0.041667
0 0.444492 0.211401 0.031250 0.041667
0 0.458762 0.192374 0.031250 0.041667
0 0.458762 0.207173 0.031250 0.041667
0 0.189206 0.418589 0.031250 0.041667
0 0.504745 0.517955 0.031250 0.041667
0 0.550728 0.471443 0.031250 0.041667
0 0.442906 0.638462 0.031250 0.041667
0 0.488889 0.714572 0.031250 0.041667
0 0.717219 0.251570 0.031250 0.041667
0 0.647451 0.171232 0.031250 0.041667
0 0.599883 0.171232 0.031250 0.041667
0 0.896394 0.327680 0.031250 0.041667