0 0.124696 0.661762 0.031250 0.041667
0 0.168091 0.661762 0.031250 0.041667
0 0.300203 0.756908 0.031250 0.041667
0 0.447744 0.652761 0.031250 0.041667
0 0.523925 0.582045 0.031250 0.041667
0 0.493067 0.528043 0.031250 0.041667
0 0.393742 0.462469 0.031250 0.041667
0 0.394706 0.495899 0.031250 0.041667
0 0.334918 0.395609 0.031250 0.041667
0 0.272237 0.387895 0.031250 0.041667
0 0.544176 0.465040 0.031250 0.041667
0 0.630964 0.740193 0.031250 0.041667
0 0.937618 0.614189 0.031250 0.041667
0 0.321418 0.182173 0.031250 0.041667
0 0.363848 0.192459 0.031250 0.041667
0 0.440993 0.211746 0.031250 0.041667
0 0.305989 0.097313 0.031250 0.041667
0 0.284774 0.092170 0.031250 0.041667
0 0.215342 0.057454 0.031250 0.041667
0 0.360955 0.040740 0.031250 0.041667
0 0.385063 0.038168 0.031250 0.041667
0 0.345526 0.098599 0.031250 0.041667
0 0.879759 0.634761 0.031250 0.041667
0 0.413028 0.525471 0.031250 0.041667