0 0.266902 0.038040 0.031250 0.041667
0 0.184449 0.042268 0.031250 0.041667
0 0.243117 0.093008 0.031250 0.041667
0 0.268487 0.103579 0.031250 0.041667
0 0.181278 0.107807 0.031250 0.041667
0 0.281172 0.095122 0.031250 0.041667
0 0.289100 0.093008 0.031250 0.041667
0 0.306542 0.093008 0.031250 0.041667
0 0.336669 0.093008 0.031250 0.041667
0 0.346183 0.084551 0.031250 0.041667
0 0.415950 0.061295 0.031250 0.041667
0 0.442906 0.209287 0.031250 0.041667
0 0.444492 0.321338 0.031250 0.041667
0 0.522187 0.346708 0.031250 0.041667
0 0.549143 0.475672 0.031250 0.041667
0 0.525358 0.536982 0.031250 0.041667
0 0.458762 0.539097 0.031250 0.041667
0 0.341426 0.350936 0.031250 0.041667
0 0.360454 0.325566 0.031250 0.041667
0 0.230432 0.215629 0.031250 0.041667
0 0.195549 0.213515 0.031250 0.041667
0 0.263731 0.357278 0.031250 0.041667
0 0.189206 0.427046 0.031250 0.041667
0 0.041743 0.448188 0.031250 0.041667
0 0.113096 0.427046 0.031250 0.041667
0 0.133709 0.530640 0.031250 0.041667
0 0.211405 0.543325 0.031250 0.041667
0 0.205062 0.739942 0.031250 0.041667
0 0.067113 0.739942 0.031250 0.041667
0 0.228847 0.756856 0.031250 0.041667
0 0.295443 0.761084 0.031250 0.041667
0 0.921764 0.809710 0.031250 0.041667
0 0.812356 0.448188 0.031250 0.041667
0 0.763202 0.374192 0.031250 0.041667
0 0.704534 0.372078 0.031250 0.041667
0 0.584026 0.249456 0.031250 0.041667
0 0.623667 0.152204 0.031250 0.041667
0 0.674407 0.152204 0.031250 0.041667
0 0.725147 0.101464 0.031250 0.041667
0 0.774301 0.192374 0.031250 0.041667
0 0.886881 0.270598 0.031250 0.041667