0 0.083231 0.907342 0.031250 0.041667
0 0.361919 0.913771 0.031250 0.041667
0 0.359026 0.799338 0.031250 0.041667
0 0.283809 0.791623 0.031250 0.041667
0 0.319489 0.769766 0.031250 0.041667
0 0.707146 0.867483 0.031250 0.041667
0 0.663751 0.809624 0.031250 0.041667
0 0.822864 0.777480 0.031250 0.041667
0 0.874937 0.857197 0.031250 0.041667
0 0.955940 0.800624 0.031250 0.041667
0 0.450637 0.638618 0.031250 0.041667
0 0.441958 0.585902 0.031250 0.041667
0 0.403385 0.533186 0.031250 0.041667
0 0.391813 0.506185 0.031250 0.041667
0 0.497888 0.538329 0.031250 0.041667
0 0.599142 0.510042 0.031250 0.041667
0 0.546104 0.470183 0.031250 0.041667
0 0.699431 0.258033 0.031250 0.041667
0 0.751504 0.255461 0.031250 0.041667
0 0.433279 0.250318 0.031250 0.041667
0 0.446779 0.209174 0.031250 0.041667
0 0.301167 0.242604 0.031250 0.041667
0 0.231736 0.238747 0.031250 0.041667
0 0.256808 0.102456 0.031250 0.041667
0 0.282845 0.099884 0.031250 0.041667
0 0.308882 0.096027 0.031250 0.041667
0 0.337811 0.102456 0.031250 0.041667