0 0.310003 0.087580 0.031250 0.041667
0 0.342783 0.068349 0.031250 0.041667
0 0.348028 0.077091 0.031250 0.041667
0 0.190685 0.215203 0.031250 0.041667
0 0.291647 0.178489 0.031250 0.041667
0 0.329671 0.168000 0.031250 0.041667
0 0.366384 0.161007 0.031250 0.041667
0 0.433255 0.199468 0.031250 0.041667
0 0.448989 0.202965 0.031250 0.041667
0 0.463412 0.213454 0.031250 0.041667
0 0.611577 0.251916 0.031250 0.041667
0 0.666647 0.253664 0.031250 0.041667
0 0.594531 0.066601 0.031250 0.041667
0 0.186752 0.316601 0.031250 0.041667
0 0.184129 0.424993 0.031250 0.041667
0 0.110703 0.445972 0.031250 0.041667
0 0.136926 0.479189 0.031250 0.041667
0 0.184129 0.522895 0.031250 0.041667
0 0.256245 0.404014 0.031250 0.041667
0 0.316559 0.362056 0.031250 0.041667
0 0.049077 0.652265 0.031250 0.041667
0 0.277224 0.807860 0.031250 0.041667
0 0.437189 0.580587 0.031250 0.041667
0 0.386052 0.505412 0.031250 0.041667
0 0.400475 0.526391 0.031250 0.041667
0 0.446367 0.531636 0.031250 0.041667
0 0.522416 0.535133 0.031250 0.041667
0 0.574863 0.533384 0.031250 0.041667
0 0.595842 0.505412 0.031250 0.041667
0 0.551262 0.472196 0.031250 0.041667
0 0.673203 0.699468 0.031250 0.041667
0 0.932818 0.933734 0.031250 0.041667