0 0.307917 0.178316 0.031250 0.041667
0 0.241379 0.129457 0.031250 0.041667
0 0.210521 0.133314 0.031250 0.041667
0 0.188342 0.106313 0.031250 0.041667
0 0.219200 0.093456 0.031250 0.041667
0 0.280916 0.096027 0.031250 0.041667
0 0.315632 0.097313 0.031250 0.041667
0 0.350347 0.101170 0.031250 0.041667
0 0.164234 0.389181 0.031250 0.041667
0 0.164234 0.486898 0.031250 0.041667
0 0.304060 0.763337 0.031250 0.041667
0 0.298274 0.785195 0.031250 0.041667
0 0.364812 0.794195 0.031250 0.041667
0 0.660858 0.965201 0.031250 0.041667
0 0.698467 0.920199 0.031250 0.041667
0 0.502710 0.538329 0.031250 0.041667
0 0.450637 0.585902 0.031250 0.041667
0 0.436172 0.646333 0.031250 0.041667
0 0.410135 0.540900 0.031250 0.041667
0 0.399528 0.511328 0.031250 0.041667
0 0.547069 0.474041 0.031250 0.041667
0 0.604928 0.525471 0.031250 0.041667
0 0.923153 0.771051 0.031250 0.041667
0 0.796828 0.143600 0.031250 0.041667
0 0.592392 0.083170 0.031250 0.041667
0 0.223057 0.035596 0.031250 0.041667
0 0.452565 0.207888 0.031250 0.041667