0 0.234908 0.089666 0.031250 0.041667
0 0.268638 0.084375 0.031250 0.041667
0 0.318242 0.100248 0.031250 0.041667
0 0.365861 0.084375 0.031250 0.041667
0 0.334115 0.153158 0.031250 0.041667
0 0.228956 0.258978 0.031250 0.041667
0 0.219035 0.322470 0.031250 0.041667
0 0.439273 0.192841 0.031250 0.041667
0 0.449194 0.200777 0.031250 0.041667
0 0.538480 0.203423 0.031250 0.041667
0 0.568242 0.182259 0.031250 0.041667
0 0.677369 0.113476 0.031250 0.041667
0 0.397607 0.499719 0.031250 0.041667
0 0.407527 0.528819 0.031250 0.041667
0 0.250781 0.639931 0.031250 0.041667
0 0.278559 0.793370 0.031250 0.041667
0 0.300384 0.764269 0.031250 0.041667
0 0.353956 0.798661 0.031250 0.041667
0 0.379750 0.798661 0.031250 0.041667
0 0.419432 0.748396 0.031250 0.041667
0 0.447210 0.735169 0.031250 0.041667
0 0.512686 0.536756 0.031250 0.041667
0 0.562289 0.526174 0.031250 0.041667
0 0.584115 0.497073 0.031250 0.041667
0 0.554353 0.470618 0.031250 0.041667
0 0.800384 0.526174 0.031250 0.041667
0 0.923400 0.922999 0.031250 0.041667
0 0.705146 0.878026 0.031250 0.041667