0 0.222154 0.150517 0.031250 0.041667
0 0.235266 0.150517 0.031250 0.041667
0 0.256245 0.155762 0.031250 0.041667
0 0.271979 0.101566 0.031250 0.041667
0 0.286402 0.094573 0.031250 0.041667
0 0.304759 0.108559 0.031250 0.041667
0 0.341472 0.082335 0.031250 0.041667
0 0.355895 0.084084 0.031250 0.041667
0 0.289024 0.227440 0.031250 0.041667
0 0.278535 0.264154 0.031250 0.041667
0 0.346717 0.194223 0.031250 0.041667
0 0.438500 0.202965 0.031250 0.041667
0 0.443745 0.209958 0.031250 0.041667
0 0.172328 0.447720 0.031250 0.041667
0 0.012363 0.818349 0.031250 0.041667
0 0.117259 0.786881 0.031250 0.041667
0 0.186752 0.748419 0.031250 0.041667
0 0.202486 0.718699 0.031250 0.041667
0 0.383430 0.508909 0.031250 0.041667
0 0.403098 0.533384 0.031250 0.041667
0 0.459479 0.535133 0.031250 0.041667
0 0.525038 0.547370 0.031250 0.041667
0 0.570930 0.524643 0.031250 0.041667
0 0.591909 0.493175 0.031250 0.041667
0 0.552573 0.468699 0.031250 0.041667
0 0.715161 0.636531 0.031250 0.041667
0 0.960353 0.869049 0.031250 0.041667
0 0.785965 0.648769 0.031250 0.041667
0 0.750563 0.449468 0.031250 0.041667
0 0.826612 0.411007 0.031250 0.041667
0 0.691559 0.185482 0.031250 0.041667
0 0.589286 0.134783 0.031250 0.041667