0 0.316257 0.094957 0.031250 0.041667
0 0.240861 0.124058 0.031250 0.041667
0 0.268638 0.124058 0.031250 0.041667
0 0.193242 0.224587 0.031250 0.041667
0 0.238876 0.216650 0.031250 0.041667
0 0.268638 0.208714 0.031250 0.041667
0 0.274591 0.272206 0.031250 0.041667
0 0.308321 0.245751 0.031250 0.041667
0 0.351972 0.256333 0.031250 0.041667
0 0.395623 0.256333 0.031250 0.041667
0 0.443242 0.200777 0.031250 0.041667
0 0.453162 0.214005 0.031250 0.041667
0 0.536496 0.206068 0.031250 0.041667
0 0.657527 0.094957 0.031250 0.041667
0 0.405543 0.311888 0.031250 0.041667
0 0.274591 0.354216 0.031250 0.041667
0 0.248797 0.317179 0.031250 0.041667
0 0.209115 0.364798 0.031250 0.041667
0 0.113876 0.401835 0.031250 0.041667
0 0.032527 0.483846 0.031250 0.041667
0 0.052369 0.489137 0.031250 0.041667
0 0.175384 0.433581 0.031250 0.041667
0 0.236892 0.417708 0.031250 0.041667
0 0.363876 0.412417 0.031250 0.041667
0 0.387686 0.494428 0.031250 0.041667
0 0.399591 0.544692 0.031250 0.041667
0 0.226972 0.610830 0.031250 0.041667
0 0.238876 0.666386 0.031250 0.041667
0 0.302369 0.788079 0.031250 0.041667
0 0.330146 0.764269 0.031250 0.041667
0 0.340067 0.798661 0.031250 0.041667
0 0.377765 0.788079 0.031250 0.041667
0 0.419432 0.740460 0.031250 0.041667
0 0.441257 0.745751 0.031250 0.041667
0 0.568242 0.528819 0.031250 0.041667
0 0.576178 0.502364 0.031250 0.041667
0 0.540464 0.467973 0.031250 0.041667
0 0.728956 0.719296 0.031250 0.041667
0 0.770623 0.714005 0.031250 0.041667
0 0.717051 0.248396 0.031250 0.041667
0 0.752765 0.272206 0.031250 0.041667
0 0.774591 0.277497 0.031250 0.041667