0 0.270288 0.097209 0.031250 0.041667
0 0.289796 0.093102 0.031250 0.041667
0 0.380145 0.049296 0.031250 0.041667
0 0.304169 0.036976 0.031250 0.041667
0 0.224087 0.162917 0.031250 0.041667
0 0.198420 0.161548 0.031250 0.041667
0 0.260021 0.186189 0.031250 0.041667
0 0.214847 0.236839 0.031250 0.041667
0 0.291849 0.220412 0.031250 0.041667
0 0.331890 0.175237 0.031250 0.041667
0 0.347290 0.176606 0.031250 0.041667
0 0.442773 0.201247 0.031250 0.041667
0 0.216900 0.310761 0.031250 0.041667
0 0.171726 0.324450 0.031250 0.041667
0 0.403759 0.317606 0.031250 0.041667
0 0.391438 0.505148 0.031250 0.041667
0 0.412999 0.528420 0.031250 0.041667
0 0.434559 0.533896 0.031250 0.041667
0 0.507455 0.544847 0.031250 0.041667
0 0.551603 0.520207 0.031250 0.041667
0 0.557763 0.492828 0.031250 0.041667
0 0.539282 0.468187 0.031250 0.041667
0 0.466387 0.503780 0.031250 0.041667
0 0.324703 0.806312 0.031250 0.041667
0 0.090617 0.616031 0.031250 0.041667
0 0.082403 0.694060 0.031250 0.041667
0 0.691233 0.390159 0.031250 0.041667
0 0.765155 0.381945 0.031250 0.041667
0 0.749755 0.109529 0.031250 0.041667
0 0.733327 0.112267 0.031250 0.041667
0 0.660432 0.080782 0.031250 0.041667
0 0.572136 0.188927 0.031250 0.041667