0 0.308321 0.097603 0.031250 0.041667
0 0.262686 0.155804 0.031250 0.041667
0 0.294432 0.147867 0.031250 0.041667
0 0.191257 0.232523 0.031250 0.041667
0 0.238876 0.243105 0.031250 0.041667
0 0.268638 0.256333 0.031250 0.041667
0 0.266654 0.309243 0.031250 0.041667
0 0.294432 0.340989 0.031250 0.041667
0 0.254750 0.343634 0.031250 0.041667
0 0.230940 0.338343 0.031250 0.041667
0 0.163480 0.407126 0.031250 0.041667
0 0.131734 0.425645 0.031250 0.041667
0 0.008718 0.666386 0.031250 0.041667
0 0.223003 0.597603 0.031250 0.041667
0 0.246813 0.634640 0.031250 0.041667
0 0.296416 0.454745 0.031250 0.041667
0 0.346019 0.343634 0.031250 0.041667
0 0.385702 0.282788 0.031250 0.041667
0 0.445226 0.214005 0.031250 0.041667
0 0.461099 0.200777 0.031250 0.041667
0 0.433321 0.319825 0.031250 0.041667
0 0.395623 0.507655 0.031250 0.041667
0 0.411496 0.526174 0.031250 0.041667
0 0.407527 0.748396 0.031250 0.041667
0 0.443242 0.743105 0.031250 0.041667
0 0.377765 0.793370 0.031250 0.041667
0 0.324194 0.766915 0.031250 0.041667
0 0.355940 0.801306 0.031250 0.041667
0 0.292448 0.811888 0.031250 0.041667
0 0.609908 0.962682 0.031250 0.041667
0 0.665464 0.965327 0.031250 0.041667
0 0.891654 0.909772 0.031250 0.041667
0 0.572210 0.528819 0.031250 0.041667
0 0.580146 0.507655 0.031250 0.041667
0 0.540464 0.465327 0.031250 0.041667
0 0.552369 0.219296 0.031250 0.041667
0 0.588083 0.081729 0.031250 0.041667
0 0.826178 0.176968 0.031250 0.041667
0 0.806337 0.354216 0.031250 0.041667
0 0.756734 0.338343 0.031250 0.041667
0 0.732924 0.303952 0.031250 0.041667