0 0.188063 0.119049 0.031250 0.041667
0 0.216909 0.073594 0.031250 0.041667
0 0.232643 0.073594 0.031250 0.041667
0 0.223465 0.096321 0.031250 0.041667
0 0.232643 0.141776 0.031250 0.041667
0 0.270668 0.110307 0.031250 0.041667
0 0.313937 0.098070 0.031250 0.041667
0 0.341472 0.078839 0.031250 0.041667
0 0.350650 0.078839 0.031250 0.041667
0 0.446367 0.211706 0.031250 0.041667
0 0.459479 0.208209 0.031250 0.041667
0 0.431944 0.253664 0.031250 0.041667
0 0.416210 0.253664 0.031250 0.041667
0 0.384741 0.283384 0.031250 0.041667
0 0.349339 0.223944 0.031250 0.041667
0 0.319182 0.251916 0.031250 0.041667
0 0.303447 0.251916 0.031250 0.041667
0 0.256245 0.234433 0.031250 0.041667
0 0.207731 0.262405 0.031250 0.041667
0 0.239199 0.288629 0.031250 0.041667
0 0.274601 0.288629 0.031250 0.041667
0 0.300825 0.320098 0.031250 0.041667
0 0.224776 0.404014 0.031250 0.041667
0 0.306070 0.381286 0.031250 0.041667
0 0.359828 0.384783 0.031250 0.041667
0 0.046454 0.577091 0.031250 0.041667
0 0.395231 0.505412 0.031250 0.041667
0 0.401786 0.517650 0.031250 0.041667
0 0.341472 0.853314 0.031250 0.041667
0 0.456856 0.536881 0.031250 0.041667
0 0.523727 0.542126 0.031250 0.041667
0 0.577486 0.517650 0.031250 0.041667
0 0.593220 0.496671 0.031250 0.041667
0 0.544706 0.465203 0.031250 0.041667
0 0.723028 0.751916 0.031250 0.041667
0 0.750563 0.904014 0.031250 0.041667
0 0.991821 0.919748 0.031250 0.041667
0 0.666647 0.437230 0.031250 0.041667
0 0.723028 0.407510 0.031250 0.041667
0 0.686314 0.264154 0.031250 0.041667
0 0.707293 0.099818 0.031250 0.041667
0 0.726961 0.099818 0.031250 0.041667