0 0.249460 0.164889 0.031250 0.041667
0 0.281172 0.093008 0.031250 0.041667
0 0.290686 0.093008 0.031250 0.041667
0 0.300200 0.090894 0.031250 0.041667
0 0.335084 0.093008 0.031250 0.041667
0 0.341426 0.082437 0.031250 0.041667
0 0.446077 0.209287 0.031250 0.041667
0 0.457177 0.196602 0.031250 0.041667
0 0.454005 0.217744 0.031250 0.041667
0 0.327155 0.251570 0.031250 0.041667
0 0.224090 0.397448 0.031250 0.041667
0 0.032229 0.486243 0.031250 0.041667
0 0.006859 0.638462 0.031250 0.041667
0 0.155908 0.809710 0.031250 0.041667
0 0.363625 0.799139 0.031250 0.041667
0 0.444492 0.644805 0.031250 0.041667
0 0.549143 0.467215 0.031250 0.041667
0 0.631595 0.306538 0.031250 0.041667