0 0.133643 0.678191 0.031250 0.041667
0 0.135215 0.707541 0.031250 0.041667
0 0.088045 0.653033 0.031250 0.041667
0 0.014146 0.481126 0.031250 0.041667
0 0.051882 0.476933 0.031250 0.041667
0 0.088045 0.487415 0.031250 0.041667
0 0.111630 0.468547 0.031250 0.041667
0 0.141505 0.420329 0.031250 0.041667
0 0.177668 0.380497 0.031250 0.041667
0 0.183957 0.424522 0.031250 0.041667
0 0.218549 0.422425 0.031250 0.041667
0 0.254712 0.426618 0.031250 0.041667
0 0.273580 0.399365 0.031250 0.041667
0 0.272008 0.420329 0.031250 0.041667
0 0.289303 0.464354 0.031250 0.041667
0 0.367920 0.439197 0.031250 0.041667
0 0.479555 0.629972 0.031250 0.041667
0 0.737416 0.592237 0.031250 0.041667
0 0.819177 0.585947 0.031250 0.041667
0 0.723266 0.470643 0.031250 0.041667
0 0.701253 0.319700 0.031250 0.041667
0 0.743706 0.323893 0.031250 0.041667
0 0.886788 0.275675 0.031250 0.041667
0 0.789303 0.168757 0.031250 0.041667
0 0.737416 0.183432 0.031250 0.041667
0 0.638360 0.158274 0.031250 0.041667
0 0.646222 0.158274 0.031250 0.041667
0 0.619492 0.101671 0.031250 0.041667
0 0.650938 0.097478 0.031250 0.041667
0 0.657228 0.068128 0.031250 0.041667
0 0.375781 0.223264 0.031250 0.041667
0 0.426096 0.214878 0.031250 0.041667
0 0.232699 0.214878 0.031250 0.041667
0 0.199681 0.126828 0.031250 0.041667
0 0.204398 0.110056 0.031250 0.041667
0 0.264146 0.143599 0.031250 0.041667
0 0.275152 0.086996 0.031250 0.041667
0 0.283014 0.095381 0.031250 0.041667
0 0.547165 0.470643 0.031250 0.041667
0 0.415950 0.044382 0.031250 0.041667
0 0.393752 0.101464 0.031250 0.041667
0 0.358868 0.086665 0.031250 0.041667