0 0.266902 0.093008 0.031250 0.041667
0 0.282758 0.093008 0.031250 0.041667
0 0.292272 0.093008 0.031250 0.041667
0 0.336669 0.090894 0.031250 0.041667
0 0.343012 0.082437 0.031250 0.041667
0 0.209819 0.181803 0.031250 0.041667
0 0.203477 0.211401 0.031250 0.041667
0 0.271659 0.154319 0.031250 0.041667
0 0.309714 0.154319 0.031250 0.041667
0 0.252631 0.247342 0.031250 0.041667
0 0.287515 0.226200 0.031250 0.041667
0 0.317642 0.224086 0.031250 0.041667
0 0.270073 0.367849 0.031250 0.041667
0 0.442906 0.209287 0.031250 0.041667
0 0.455591 0.205059 0.031250 0.041667
0 0.465105 0.192374 0.031250 0.041667
0 0.542800 0.560238 0.031250 0.041667
0 0.545972 0.471443 0.031250 0.041667
0 0.447663 0.627892 0.031250 0.041667
0 0.499988 0.691317 0.031250 0.041667
0 0.696606 0.283283 0.031250 0.041667
0 0.626838 0.147976 0.031250 0.041667
0 0.579270 0.154319 0.031250 0.041667
0 0.864682 0.281169 0.031250 0.041667