0 0.284662 0.770720 0.031250 0.041667
0 0.473574 0.621507 0.031250 0.041667
0 0.519775 0.652992 0.031250 0.041667
0 0.499241 0.540741 0.031250 0.041667
0 0.450987 0.524313 0.031250 0.041667
0 0.368851 0.507886 0.031250 0.041667
0 0.403759 0.488721 0.031250 0.041667
0 0.546469 0.464081 0.031250 0.041667
0 0.238461 0.417537 0.031250 0.041667
0 0.192260 0.420275 0.031250 0.041667
0 0.171726 0.403848 0.031250 0.041667
0 0.010535 0.473663 0.031250 0.041667
0 0.208687 0.245053 0.031250 0.041667
0 0.274395 0.234101 0.031250 0.041667
0 0.321623 0.232732 0.031250 0.041667
0 0.443800 0.216305 0.031250 0.041667
0 0.456120 0.205354 0.031250 0.041667
0 0.234354 0.127325 0.031250 0.041667
0 0.194313 0.135539 0.031250 0.041667
0 0.181993 0.043821 0.031250 0.041667
0 0.294929 0.099947 0.031250 0.041667
0 0.282609 0.104053 0.031250 0.041667
0 0.363718 0.084888 0.031250 0.041667
0 0.638872 0.193033 0.031250 0.041667
0 0.557763 0.194402 0.031250 0.041667
0 0.673779 0.186189 0.031250 0.041667
0 0.718954 0.109529 0.031250 0.041667
0 0.735381 0.099947 0.031250 0.041667
0 0.693286 0.280645 0.031250 0.041667
0 0.692260 0.336771 0.031250 0.041667
0 0.736408 0.334033 0.031250 0.041667
0 0.856531 0.406586 0.031250 0.041667