0 0.008668 0.500341 0.031250 0.041667
0 0.059141 0.487722 0.031250 0.041667
0 0.331486 0.780747 0.031250 0.041667
0 0.379856 0.811592 0.031250 0.041667
0 0.425071 0.773737 0.031250 0.041667
0 0.475545 0.639142 0.031250 0.041667
0 0.407196 0.528381 0.031250 0.041667
0 0.399835 0.496135 0.031250 0.041667
0 0.408247 0.466692 0.031250 0.041667
0 0.523915 0.532587 0.031250 0.041667
0 0.554409 0.522773 0.031250 0.041667
0 0.573336 0.503145 0.031250 0.041667
0 0.545997 0.477908 0.031250 0.041667
0 0.652201 0.410611 0.031250 0.041667
0 0.711086 0.368550 0.031250 0.041667
0 0.674283 0.179275 0.031250 0.041667
0 0.723704 0.152636 0.031250 0.041667
0 0.732117 0.163853 0.031250 0.041667
0 0.751044 0.145626 0.031250 0.041667
0 0.726859 0.197502 0.031250 0.041667
0 0.773126 0.200306 0.031250 0.041667
0 0.795208 0.198904 0.031250 0.041667
0 0.676386 0.085339 0.031250 0.041667
0 0.332537 0.222738 0.031250 0.041667
0 0.231591 0.375560 0.031250 0.041667
0 0.247364 0.217130 0.031250 0.041667
0 0.242106 0.142822 0.031250 0.041667
0 0.274703 0.111978 0.031250 0.041667
0 0.274703 0.096555 0.031250 0.041667
0 0.285219 0.095153 0.031250 0.041667
0 0.283116 0.067112 0.031250 0.041667
0 0.216870 0.061504 0.031250 0.041667
0 0.452411 0.198904 0.031250 0.041667
0 0.306249 0.041876 0.031250 0.041667