0 0.151933 0.390357 0.031250 0.041667
0 0.219111 0.762718 0.031250 0.041667
0 0.407211 0.528553 0.031250 0.041667
0 0.398574 0.509359 0.031250 0.041667
0 0.411050 0.485047 0.031250 0.041667
0 0.379380 0.317420 0.031250 0.041667
0 0.347710 0.303345 0.031250 0.041667
0 0.266136 0.157472 0.031250 0.041667
0 0.237346 0.152353 0.031250 0.041667
0 0.255580 0.119084 0.031250 0.041667
0 0.305484 0.115245 0.031250 0.041667
0 0.293967 0.099890 0.031250 0.041667
0 0.340033 0.099890 0.031250 0.041667
0 0.353468 0.101170 0.031250 0.041667
0 0.360186 0.088374 0.031250 0.041667
0 0.452317 0.212494 0.031250 0.041667
0 0.617384 0.136998 0.031250 0.041667
0 0.720071 0.151074 0.031250 0.041667
0 0.531971 0.479928 0.031250 0.041667
0 0.559802 0.487606 0.031250 0.041667
0 0.550205 0.513198 0.031250 0.041667
0 0.500301 0.529832 0.031250 0.041667