0 0.203477 0.118378 0.031250 0.041667
0 0.228847 0.120492 0.031250 0.041667
0 0.271659 0.090894 0.031250 0.041667
0 0.284344 0.093008 0.031250 0.041667
0 0.295443 0.088780 0.031250 0.041667
0 0.338255 0.088780 0.031250 0.041667
0 0.354111 0.093008 0.031250 0.041667
0 0.233604 0.253684 0.031250 0.041667
0 0.265316 0.251570 0.031250 0.041667
0 0.365210 0.251570 0.031250 0.041667
0 0.174936 0.731486 0.031250 0.041667
0 0.438149 0.171232 0.031250 0.041667
0 0.466690 0.196602 0.031250 0.041667
0 0.664893 0.177574 0.031250 0.041667
0 0.709291 0.164889 0.031250 0.041667
0 0.718805 0.190259 0.031250 0.041667
0 0.639523 0.217744 0.031250 0.041667
0 0.675993 0.226200 0.031250 0.041667
0 0.717219 0.260027 0.031250 0.041667
0 0.786986 0.245228 0.031250 0.041667
0 0.796500 0.219858 0.031250 0.041667
0 0.848826 0.232543 0.031250 0.041667
0 0.658551 0.359393 0.031250 0.041667
0 0.541215 0.469329 0.031250 0.041667
0 0.897980 0.784340 0.031250 0.041667