0 0.196079 0.724330 0.031250 0.041667
0 0.162490 0.746083 0.031250 0.041667
0 0.049246 0.708975 0.031250 0.041667
0 0.026213 0.673147 0.031250 0.041667
0 0.048286 0.569500 0.031250 0.041667
0 0.404332 0.531112 0.031250 0.041667
0 0.393775 0.501681 0.031250 0.041667
0 0.413929 0.477369 0.031250 0.041667
0 0.504140 0.531112 0.031250 0.041667
0 0.548286 0.473530 0.031250 0.041667
0 0.781491 0.616845 0.031250 0.041667
0 0.228708 0.249602 0.031250 0.041667
0 0.275733 0.232967 0.031250 0.041667
0 0.357307 0.247043 0.031250 0.041667
0 0.445599 0.206096 0.031250 0.041667
0 0.309323 0.096051 0.031250 0.041667
0 0.346751 0.098610 0.031250 0.041667
0 0.179764 0.075578 0.031250 0.041667
0 0.407211 0.066621 0.031250 0.041667
0 0.616424 0.126761 0.031250 0.041667
0 0.682643 0.133159 0.031250 0.041667
0 0.668248 0.111406 0.031250 0.041667