0 0.187621 0.124720 0.031250 0.041667
0 0.274830 0.097236 0.031250 0.041667
0 0.281172 0.090894 0.031250 0.041667
0 0.293857 0.090894 0.031250 0.041667
0 0.335084 0.088780 0.031250 0.041667
0 0.343012 0.078209 0.031250 0.041667
0 0.444492 0.209287 0.031250 0.041667
0 0.455591 0.207173 0.031250 0.041667
0 0.461933 0.194488 0.031250 0.041667
0 0.217747 0.272712 0.031250 0.041667
0 0.249460 0.380534 0.031250 0.041667
0 0.046500 0.482014 0.031250 0.041667
0 0.438149 0.636348 0.031250 0.041667
0 0.409608 0.775883 0.031250 0.041667
0 0.633181 0.433388 0.031250 0.041667
0 0.549143 0.469329 0.031250 0.041667
0 0.734661 0.832966 0.031250 0.041667
0 0.875781 0.818166 0.031250 0.041667