0 0.450308 0.768129 0.031250 0.041667
0 0.458720 0.702233 0.031250 0.041667
0 0.410350 0.539598 0.031250 0.041667
0 0.401938 0.514361 0.031250 0.041667
0 0.414556 0.482114 0.031250 0.041667
0 0.511296 0.533989 0.031250 0.041667
0 0.556512 0.518567 0.031250 0.041667
0 0.563873 0.496135 0.031250 0.041667
0 0.542842 0.486320 0.031250 0.041667
0 0.577543 0.698027 0.031250 0.041667
0 0.667974 0.734480 0.031250 0.041667
0 0.723704 0.660172 0.031250 0.041667
0 0.740529 0.584463 0.031250 0.041667
0 0.824651 0.580257 0.031250 0.041667
0 0.923494 0.641946 0.031250 0.041667
0 0.825702 0.190491 0.031250 0.041667
0 0.753147 0.200306 0.031250 0.041667
0 0.663768 0.172265 0.031250 0.041667
0 0.659561 0.158245 0.031250 0.041667
0 0.592264 0.245171 0.031250 0.041667
0 0.455566 0.211522 0.031250 0.041667
0 0.427175 0.198904 0.031250 0.041667
0 0.408247 0.203110 0.031250 0.041667
0 0.327280 0.219934 0.031250 0.041667
0 0.285219 0.217130 0.031250 0.041667
0 0.257879 0.113380 0.031250 0.041667
0 0.271549 0.095153 0.031250 0.041667
0 0.281013 0.089545 0.031250 0.041667
0 0.193736 0.083937 0.031250 0.041667
0 0.306249 0.148430 0.031250 0.041667
0 0.311507 0.097957 0.031250 0.041667
0 0.326228 0.100761 0.031250 0.041667
0 0.366186 0.085339 0.031250 0.041667
0 0.378804 0.086741 0.031250 0.041667