0 0.212975 0.087580 0.031250 0.041667
0 0.240510 0.057860 0.031250 0.041667
0 0.258867 0.047370 0.031250 0.041667
0 0.312626 0.099818 0.031250 0.041667
0 0.336227 0.075342 0.031250 0.041667
0 0.345405 0.078839 0.031250 0.041667
0 0.216909 0.225692 0.031250 0.041667
0 0.251000 0.204713 0.031250 0.041667
0 0.264112 0.211706 0.031250 0.041667
0 0.312626 0.209958 0.031250 0.041667
0 0.349339 0.199468 0.031250 0.041667
0 0.370318 0.199468 0.031250 0.041667
0 0.437189 0.246671 0.031250 0.041667
0 0.439811 0.204713 0.031250 0.041667
0 0.454234 0.211706 0.031250 0.041667
0 0.260178 0.360307 0.031250 0.041667
0 0.290335 0.327091 0.031250 0.041667
0 0.336227 0.279888 0.031250 0.041667
0 0.181507 0.377790 0.031250 0.041667
0 0.219531 0.395272 0.031250 0.041667
0 0.110703 0.400517 0.031250 0.041667
0 0.265423 0.423244 0.031250 0.041667
0 0.184129 0.536881 0.031250 0.041667
0 0.135615 0.554363 0.031250 0.041667
0 0.135615 0.573594 0.031250 0.041667
0 0.389986 0.498419 0.031250 0.041667
0 0.401786 0.521147 0.031250 0.041667
0 0.455545 0.533384 0.031250 0.041667
0 0.518482 0.538629 0.031250 0.041667
0 0.568307 0.526391 0.031250 0.041667
0 0.589286 0.503664 0.031250 0.041667
0 0.543395 0.468699 0.031250 0.041667
0 0.648290 0.077091 0.031250 0.041667
0 0.660091 0.077091 0.031250 0.041667
0 0.626000 0.300867 0.031250 0.041667
0 0.674514 0.300867 0.031250 0.041667
0 0.751874 0.762405 0.031250 0.041667
0 0.910528 0.951216 0.031250 0.041667
0 0.844968 0.166251 0.031250 0.041667
0 0.422766 0.800867 0.031250 0.041667