0 0.203477 0.262141 0.031250 0.041667
0 0.192377 0.145862 0.031250 0.041667
0 0.273244 0.088780 0.031250 0.041667
0 0.281172 0.095122 0.031250 0.041667
0 0.292272 0.093008 0.031250 0.041667
0 0.338255 0.090894 0.031250 0.041667
0 0.363625 0.088780 0.031250 0.041667
0 0.366796 0.247342 0.031250 0.041667
0 0.414365 0.247342 0.031250 0.041667
0 0.438149 0.270598 0.031250 0.041667
0 0.752103 0.274826 0.031250 0.041667
0 0.785401 0.279054 0.031250 0.041667
0 0.801257 0.257913 0.031250 0.041667
0 0.823456 0.257913 0.031250 0.041667
0 0.839312 0.289625 0.031250 0.041667
0 0.828213 0.883706 0.031250 0.041667
0 0.487303 0.991528 0.031250 0.041667
0 0.354111 0.837194 0.031250 0.041667
0 0.266902 0.752627 0.031250 0.041667
0 0.205062 0.739942 0.031250 0.041667
0 0.033815 0.560238 0.031250 0.041667
0 0.090898 0.562352 0.031250 0.041667
0 0.095654 0.431274 0.031250 0.041667
0 0.173350 0.424932 0.031250 0.041667
0 0.244703 0.397448 0.031250 0.041667
0 0.297029 0.403790 0.031250 0.041667
0 0.544386 0.460873 0.031250 0.041667
0 0.528530 0.355164 0.031250 0.041667
0 0.395337 0.158547 0.031250 0.041667
0 0.274830 0.331908 0.031250 0.041667
0 0.230432 0.312881 0.031250 0.041667