0 0.210300 0.118110 0.031250 0.041667
0 0.290716 0.089663 0.031250 0.041667
0 0.307127 0.089663 0.031250 0.041667
0 0.374414 0.098416 0.031250 0.041667
0 0.412160 0.098416 0.031250 0.041667
0 0.449906 0.199072 0.031250 0.041667
0 0.456471 0.225331 0.031250 0.041667
0 0.548374 0.220954 0.031250 0.041667
0 0.566427 0.190320 0.031250 0.041667
0 0.558221 0.109357 0.031250 0.041667
0 0.663254 0.220954 0.031250 0.041667
0 0.691153 0.179379 0.031250 0.041667
0 0.765004 0.234083 0.031250 0.041667
0 0.801109 0.231895 0.031250 0.041667
0 0.824085 0.262530 0.031250 0.041667
0 0.804392 0.301917 0.031250 0.041667
0 0.868396 0.245024 0.031250 0.041667
0 0.730541 0.527300 0.031250 0.041667
0 0.740387 0.511983 0.031250 0.041667
0 0.551657 0.472595 0.031250 0.041667
0 0.499140 0.533864 0.031250 0.041667
0 0.395748 0.509794 0.031250 0.041667
0 0.395748 0.525112 0.031250 0.041667
0 0.441700 0.641085 0.031250 0.041667
0 0.474523 0.728613 0.031250 0.041667
0 0.422007 0.662967 0.031250 0.041667
0 0.407236 0.805199 0.031250 0.041667
0 0.305486 0.822705 0.031250 0.041667
0 0.287433 0.818328 0.031250 0.041667
0 0.134808 0.842398 0.031250 0.041667
0 0.185683 0.776753 0.031250 0.041667
0 0.218506 0.752683 0.031250 0.041667
0 0.070803 0.638897 0.031250 0.041667
0 0.006799 0.676096 0.031250 0.041667
0 0.128243 0.608263 0.031250 0.041667
0 0.290716 0.542617 0.031250 0.041667
0 0.208659 0.295352 0.031250 0.041667
0 0.261175 0.286600 0.031250 0.041667
0 0.300562 0.175002 0.031250 0.041667
0 0.331744 0.159685 0.031250 0.041667
0 0.353079 0.177190 0.031250 0.041667
0 0.226711 0.159685 0.031250 0.041667
0 0.390825 0.238460 0.031250 0.041667
0 0.384260 0.188131 0.031250 0.041667