0 0.047496 0.692691 0.031250 0.041667
0 0.046469 0.502411 0.031250 0.041667
0 0.225114 0.414799 0.031250 0.041667
0 0.376038 0.825477 0.031250 0.041667
0 0.447907 0.531158 0.031250 0.041667
0 0.496161 0.538003 0.031250 0.041667
0 0.547496 0.524313 0.031250 0.041667
0 0.564950 0.502411 0.031250 0.041667
0 0.549549 0.466819 0.031250 0.041667
0 0.594724 0.588653 0.031250 0.041667
0 0.617311 0.611925 0.031250 0.041667
0 0.668646 0.607818 0.031250 0.041667
0 0.728194 0.976059 0.031250 0.041667
0 0.755915 0.459974 0.031250 0.041667
0 0.458173 0.205354 0.031250 0.041667
0 0.439693 0.219043 0.031250 0.041667
0 0.408892 0.202616 0.031250 0.041667
0 0.346264 0.219043 0.031250 0.041667
0 0.325730 0.198509 0.031250 0.041667
0 0.273369 0.203985 0.031250 0.041667
0 0.221007 0.229994 0.031250 0.041667
0 0.196366 0.223150 0.031250 0.041667
0 0.224087 0.146490 0.031250 0.041667
0 0.249755 0.075306 0.031250 0.041667
0 0.280555 0.102684 0.031250 0.041667
0 0.293902 0.087626 0.031250 0.041667
0 0.273369 0.075306 0.031250 0.041667
0 0.551603 0.184820 0.031250 0.041667
0 0.571110 0.099947 0.031250 0.041667
0 0.578297 0.035607 0.031250 0.041667
0 0.560843 0.039714 0.031250 0.041667