0 0.275755 0.517165 0.031250 0.041667
0 0.253673 0.466692 0.031250 0.041667
0 0.198994 0.449867 0.031250 0.041667
0 0.152727 0.445661 0.031250 0.041667
0 0.229488 0.716254 0.031250 0.041667
0 0.335692 0.779345 0.031250 0.041667
0 0.390371 0.815798 0.031250 0.041667
0 0.440844 0.769531 0.031250 0.041667
0 0.402989 0.535391 0.031250 0.041667
0 0.395629 0.507351 0.031250 0.041667
0 0.503936 0.533989 0.031250 0.041667
0 0.554409 0.519969 0.031250 0.041667
0 0.561770 0.491928 0.031250 0.041667
0 0.542842 0.475104 0.031250 0.041667
0 0.751044 0.647554 0.031250 0.041667
0 0.804672 0.619513 0.031250 0.041667
0 0.760508 0.562030 0.031250 0.041667
0 0.809930 0.569040 0.031250 0.041667
0 0.899309 0.536794 0.031250 0.041667
0 0.922443 0.504547 0.031250 0.041667
0 0.767869 0.219934 0.031250 0.041667
0 0.738426 0.270407 0.031250 0.041667
0 0.673231 0.092349 0.031250 0.041667
0 0.452411 0.204512 0.031250 0.041667
0 0.323074 0.355931 0.031250 0.041667
0 0.284167 0.344715 0.031250 0.041667
0 0.243158 0.298448 0.031250 0.041667
0 0.296785 0.197502 0.031250 0.041667
0 0.207406 0.295644 0.031250 0.041667
0 0.342001 0.182079 0.031250 0.041667
0 0.270497 0.138616 0.031250 0.041667
0 0.247364 0.137214 0.031250 0.041667
0 0.281013 0.109173 0.031250 0.041667
0 0.281013 0.093751 0.031250 0.041667
0 0.287322 0.092349 0.031250 0.041667
0 0.243158 0.044680 0.031250 0.041667
0 0.220024 0.071319 0.031250 0.041667
0 0.361980 0.090947 0.031250 0.041667
0 0.183221 0.086741 0.031250 0.041667
0 0.577543 0.299850 0.031250 0.041667
0 0.551254 0.222738 0.031250 0.041667