0 0.217747 0.050725 0.031250 0.041667
0 0.228847 0.046496 0.031250 0.041667
0 0.338255 0.086665 0.031250 0.041667
0 0.352525 0.097236 0.031250 0.041667
0 0.266902 0.109921 0.031250 0.041667
0 0.282758 0.107807 0.031250 0.041667
0 0.297029 0.090894 0.031250 0.041667
0 0.284344 0.090894 0.031250 0.041667
0 0.271659 0.090894 0.031250 0.041667
0 0.430221 0.196602 0.031250 0.041667
0 0.455591 0.196602 0.031250 0.041667
0 0.270073 0.207173 0.031250 0.041667
0 0.304957 0.217744 0.031250 0.041667
0 0.276415 0.264255 0.031250 0.041667
0 0.243117 0.221972 0.031250 0.041667
0 0.249460 0.270598 0.031250 0.041667
0 0.216162 0.243114 0.031250 0.041667
0 0.225676 0.403790 0.031250 0.041667
0 0.289100 0.405904 0.031250 0.041667
0 0.300200 0.479900 0.031250 0.041667
0 0.552314 0.467215 0.031250 0.041667
0 0.214576 0.794911 0.031250 0.041667
0 0.747346 0.264255 0.031250 0.041667
0 0.723561 0.205059 0.031250 0.041667
0 0.775887 0.221972 0.031250 0.041667
0 0.780644 0.196602 0.031250 0.041667
0 0.796500 0.171232 0.031250 0.041667
0 0.839312 0.257913 0.031250 0.041667
0 0.669650 0.160661 0.031250 0.041667
0 0.620496 0.160661 0.031250 0.041667