0 0.637537 0.316141 0.031250 0.041667
0 0.672086 0.303345 0.031250 0.041667
0 0.725829 0.277753 0.031250 0.041667
0 0.766136 0.287990 0.031250 0.041667
0 0.869783 0.351969 0.031250 0.041667
0 0.654812 0.424906 0.031250 0.041667
0 0.513737 0.537510 0.031250 0.041667
0 0.540609 0.468412 0.031250 0.041667
0 0.408171 0.527273 0.031250 0.041667
0 0.393775 0.501681 0.031250 0.041667
0 0.405292 0.469692 0.031250 0.041667
0 0.213353 0.633479 0.031250 0.041667
0 0.626981 0.678265 0.031250 0.041667
0 0.669207 0.589973 0.031250 0.041667
0 0.755580 0.532392 0.031250 0.041667
0 0.719111 0.675706 0.031250 0.041667
0 0.753660 0.162590 0.031250 0.041667
0 0.773814 0.165149 0.031250 0.041667
0 0.760378 0.117804 0.031250 0.041667
0 0.703756 0.161310 0.031250 0.041667
0 0.450397 0.208655 0.031250 0.041667
0 0.358267 0.230408 0.031250 0.041667
0 0.315081 0.213774 0.031250 0.041667
0 0.299726 0.171547 0.031250 0.041667
0 0.263257 0.043588 0.031250 0.041667
0 0.277653 0.047427 0.031250 0.041667
0 0.303564 0.089653 0.031250 0.041667
0 0.345791 0.096051 0.031250 0.041667
0 0.340992 0.038470 0.031250 0.041667
0 0.185522 0.174106 0.031250 0.041667