0 0.615661 0.295352 0.031250 0.041667
0 0.550015 0.212201 0.031250 0.041667
0 0.717411 0.328175 0.031250 0.041667
0 0.778134 0.323799 0.031250 0.041667
0 0.550015 0.470407 0.031250 0.041667
0 0.502422 0.525112 0.031250 0.041667
0 0.400672 0.509794 0.031250 0.041667
0 0.400672 0.522924 0.031250 0.041667
0 0.443341 0.627956 0.031250 0.041667
0 0.513910 0.824893 0.031250 0.041667
0 0.438418 0.741742 0.031250 0.041667
0 0.422007 0.739554 0.031250 0.041667
0 0.384260 0.794258 0.031250 0.041667
0 0.274304 0.798635 0.031250 0.041667
0 0.267740 0.857716 0.031250 0.041667
0 0.159425 0.873033 0.031250 0.041667
0 0.097061 0.846775 0.031250 0.041667
0 0.003516 0.713295 0.031250 0.041667
0 0.064239 0.643274 0.031250 0.041667
0 0.113473 0.606074 0.031250 0.041667
0 0.136449 0.575440 0.031250 0.041667
0 0.443341 0.207825 0.031250 0.041667
0 0.453188 0.207825 0.031250 0.041667
0 0.382619 0.129050 0.031250 0.041667
0 0.321897 0.139991 0.031250 0.041667
0 0.307127 0.094039 0.031250 0.041667