0 0.111151 0.767982 0.031250 0.041667
0 0.155299 0.757031 0.031250 0.041667
0 0.137845 0.473663 0.031250 0.041667
0 0.104991 0.447654 0.031250 0.041667
0 0.258995 0.433964 0.031250 0.041667
0 0.221007 0.292965 0.031250 0.041667
0 0.196366 0.146490 0.031250 0.041667
0 0.231274 0.130063 0.031250 0.041667
0 0.261048 0.112267 0.031250 0.041667
0 0.276449 0.098578 0.031250 0.041667
0 0.295956 0.090364 0.031250 0.041667
0 0.350371 0.054772 0.031250 0.041667
0 0.366798 0.079413 0.031250 0.041667
0 0.344210 0.194402 0.031250 0.041667
0 0.390412 0.180713 0.031250 0.041667
0 0.440720 0.214936 0.031250 0.041667
0 0.450987 0.199878 0.031250 0.041667
0 0.381171 0.477770 0.031250 0.041667
0 0.393492 0.499673 0.031250 0.041667
0 0.449960 0.522944 0.031250 0.041667
0 0.498215 0.538003 0.031250 0.041667
0 0.474601 0.610556 0.031250 0.041667
0 0.550576 0.481877 0.031250 0.041667
0 0.685073 0.491459 0.031250 0.041667
0 0.714847 0.925409 0.031250 0.041667
0 0.701500 0.421644 0.031250 0.041667
0 0.806223 0.323081 0.031250 0.041667
0 0.853451 0.298441 0.031250 0.041667
0 0.802116 0.184820 0.031250 0.041667
0 0.769262 0.177975 0.031250 0.041667
0 0.753861 0.106791 0.031250 0.041667
0 0.732301 0.130063 0.031250 0.041667
0 0.722034 0.105422 0.031250 0.041667
0 0.707660 0.131432 0.031250 0.041667
0 0.544416 0.195771 0.031250 0.041667