0 0.020550 0.624475 0.031250 0.041667
0 0.284774 0.759479 0.031250 0.041667
0 0.318525 0.778766 0.031250 0.041667
0 0.365776 0.795481 0.031250 0.041667
0 0.463173 0.656619 0.031250 0.041667
0 0.412064 0.543472 0.031250 0.041667
0 0.395670 0.512614 0.031250 0.041667
0 0.497888 0.543472 0.031250 0.041667
0 0.551890 0.462469 0.031250 0.041667
0 0.598178 0.516471 0.031250 0.041667
0 0.693645 0.502327 0.031250 0.041667
0 0.691717 0.538329 0.031250 0.041667
0 0.718718 0.623189 0.031250 0.041667
0 0.720646 0.377609 0.031250 0.041667
0 0.759219 0.390466 0.031250 0.041667
0 0.794899 0.409753 0.031250 0.041667
0 0.892295 0.411038 0.031250 0.041667
0 0.921225 0.485613 0.031250 0.041667
0 0.648322 0.195031 0.031250 0.041667
0 0.724504 0.128171 0.031250 0.041667
0 0.736075 0.121742 0.031250 0.041667
0 0.284774 0.168030 0.031250 0.041667
0 0.317560 0.160315 0.031250 0.041667
0 0.253915 0.117885 0.031250 0.041667
0 0.238486 0.060026 0.031250 0.041667
0 0.286702 0.058740 0.031250 0.041667
0 0.285738 0.090884 0.031250 0.041667
0 0.314667 0.094741 0.031250 0.041667
0 0.349383 0.089598 0.031250 0.041667
0 0.203771 0.153886 0.031250 0.041667
0 0.188342 0.179602 0.031250 0.041667
0 0.206664 0.377609 0.031250 0.041667
0 0.269344 0.326178 0.031250 0.041667
0 0.329132 0.322321 0.031250 0.041667
0 0.345526 0.306892 0.031250 0.041667
0 0.446779 0.205317 0.031250 0.041667
0 0.895188 0.981916 0.031250 0.041667