0 0.217747 0.105693 0.031250 0.041667
0 0.228847 0.080323 0.031250 0.041667
0 0.271659 0.093008 0.031250 0.041667
0 0.281172 0.090894 0.031250 0.041667
0 0.335084 0.086665 0.031250 0.041667
0 0.357282 0.086665 0.031250 0.041667
0 0.243117 0.226200 0.031250 0.041667
0 0.601468 0.621549 0.031250 0.041667
0 0.655380 0.623663 0.031250 0.041667
0 0.492060 0.742056 0.031250 0.041667
0 0.282758 0.742056 0.031250 0.041667
0 0.208234 0.739942 0.031250 0.041667
0 0.119439 0.729371 0.031250 0.041667
0 0.847240 0.177574 0.031250 0.041667
0 0.549143 0.471443 0.031250 0.041667
0 0.434978 0.150090 0.031250 0.041667