0 0.192247 0.181567 0.031250 0.041667
0 0.241481 0.166250 0.031250 0.041667
0 0.274304 0.153120 0.031250 0.041667
0 0.229994 0.065593 0.031250 0.041667
0 0.233276 0.100604 0.031250 0.041667
0 0.305486 0.100604 0.031250 0.041667
0 0.438418 0.201260 0.031250 0.041667
0 0.458112 0.207825 0.031250 0.041667
0 0.550015 0.214390 0.031250 0.041667
0 0.571350 0.074346 0.031250 0.041667
0 0.615661 0.124674 0.031250 0.041667
0 0.715770 0.098416 0.031250 0.041667
0 0.732182 0.122486 0.031250 0.041667
0 0.851985 0.231895 0.031250 0.041667
0 0.873320 0.234083 0.031250 0.041667
0 0.850344 0.325987 0.031250 0.041667
0 0.750234 0.312858 0.031250 0.041667
0 0.743670 0.476972 0.031250 0.041667
0 0.691153 0.476972 0.031250 0.041667
0 0.727258 0.582004 0.031250 0.041667
0 0.648484 0.266906 0.031250 0.041667
0 0.553298 0.470407 0.031250 0.041667
0 0.577915 0.490101 0.031250 0.041667
0 0.563144 0.511983 0.031250 0.041667
0 0.515551 0.527300 0.031250 0.041667
0 0.415442 0.529488 0.031250 0.041667
0 0.390825 0.509794 0.031250 0.041667
0 0.937324 0.687037 0.031250 0.041667
0 0.871678 0.726425 0.031250 0.041667
0 0.763363 0.809576 0.031250 0.041667
0 0.651766 0.778941 0.031250 0.041667
0 0.446624 0.656403 0.031250 0.041667
0 0.453188 0.687037 0.031250 0.041667
0 0.482729 0.735177 0.031250 0.041667
0 0.417083 0.785506 0.031250 0.041667
0 0.389184 0.785506 0.031250 0.041667
0 0.330103 0.794258 0.031250 0.041667
0 0.274304 0.789882 0.031250 0.041667