0 0.213582 0.153120 0.031250 0.041667
0 0.243123 0.137803 0.031250 0.041667
0 0.254611 0.194696 0.031250 0.041667
0 0.303845 0.144368 0.031250 0.041667
0 0.333385 0.142180 0.031250 0.041667
0 0.448265 0.207825 0.031250 0.041667
0 0.617302 0.220954 0.031250 0.041667
0 0.548374 0.220954 0.031250 0.041667
0 0.659972 0.199072 0.031250 0.041667
0 0.717411 0.161873 0.031250 0.041667
0 0.755158 0.161873 0.031250 0.041667
0 0.743670 0.199072 0.031250 0.041667
0 0.774851 0.210013 0.031250 0.041667
0 0.735464 0.290976 0.031250 0.041667
0 0.699359 0.297541 0.031250 0.041667
0 0.732182 0.426643 0.031250 0.041667
0 0.779775 0.450713 0.031250 0.041667
0 0.783057 0.492289 0.031250 0.041667
0 0.710847 0.485724 0.031250 0.041667
0 0.628790 0.474783 0.031250 0.041667
0 0.543451 0.700166 0.031250 0.041667
0 0.513910 0.540429 0.031250 0.041667
0 0.451547 0.584193 0.031250 0.041667
0 0.438418 0.652026 0.031250 0.041667
0 0.551657 0.474783 0.031250 0.041667
0 0.394107 0.501042 0.031250 0.041667
0 0.403954 0.522924 0.031250 0.041667
0 0.336667 0.776753 0.031250 0.041667
0 0.207018 0.772376 0.031250 0.041667
0 0.202094 0.732989 0.031250 0.041667
0 0.120037 0.599510 0.031250 0.041667
0 0.108549 0.549182 0.031250 0.041667
0 0.057674 0.625768 0.031250 0.041667
0 0.134808 0.437584 0.031250 0.041667
0 0.216864 0.277847 0.031250 0.041667