0 0.257773 0.043311 0.031250 0.041667
0 0.287666 0.058740 0.031250 0.041667
0 0.305989 0.092170 0.031250 0.041667
0 0.349383 0.101170 0.031250 0.041667
0 0.282845 0.101170 0.031250 0.041667
0 0.265487 0.177030 0.031250 0.041667
0 0.239450 0.174459 0.031250 0.041667
0 0.201842 0.171887 0.031250 0.041667
0 0.205699 0.156458 0.031250 0.041667
0 0.226914 0.312035 0.031250 0.041667
0 0.261630 0.304320 0.031250 0.041667
0 0.313703 0.286320 0.031250 0.041667
0 0.446779 0.213031 0.031250 0.041667
0 0.362883 0.312035 0.031250 0.041667
0 0.360955 0.255461 0.031250 0.041667
0 0.631929 0.177030 0.031250 0.041667
0 0.689788 0.180887 0.031250 0.041667
0 0.729325 0.173173 0.031250 0.041667
0 0.800685 0.178316 0.031250 0.041667
0 0.593356 0.508756 0.031250 0.041667
0 0.544176 0.468898 0.031250 0.041667
0 0.492102 0.534471 0.031250 0.041667
0 0.406278 0.531900 0.031250 0.041667
0 0.392777 0.501042 0.031250 0.041667
0 0.406278 0.466326 0.031250 0.041667
0 0.440993 0.651476 0.031250 0.041667
0 0.398563 0.756908 0.031250 0.041667
0 0.332025 0.798052 0.031250 0.041667
0 0.279952 0.756908 0.031250 0.041667
0 0.048515 0.574330 0.031250 0.041667