0 0.289425 0.772335 0.031250 0.041667
0 0.170602 0.619513 0.031250 0.041667
0 0.112769 0.630730 0.031250 0.041667
0 0.135902 0.466692 0.031250 0.041667
0 0.129593 0.374158 0.031250 0.041667
0 0.197942 0.447063 0.031250 0.041667
0 0.312558 0.375560 0.031250 0.041667
0 0.381959 0.498939 0.031250 0.041667
0 0.412453 0.525577 0.031250 0.041667
0 0.448205 0.514361 0.031250 0.041667
0 0.506039 0.533989 0.031250 0.041667
0 0.552306 0.528381 0.031250 0.041667
0 0.556512 0.491928 0.031250 0.041667
0 0.539688 0.469496 0.031250 0.041667
0 0.631170 0.297046 0.031250 0.041667
0 0.663768 0.284428 0.031250 0.041667
0 0.784693 0.168059 0.031250 0.041667
0 0.814136 0.172265 0.031250 0.041667
0 0.457669 0.200306 0.031250 0.041667
0 0.381959 0.203110 0.031250 0.041667
0 0.393526 0.191893 0.031250 0.041667
0 0.405093 0.217130 0.031250 0.041667
0 0.336743 0.225542 0.031250 0.041667
0 0.279961 0.224140 0.031250 0.041667
0 0.234745 0.240965 0.031250 0.041667
0 0.185324 0.165255 0.031250 0.041667
0 0.237900 0.071319 0.031250 0.041667
0 0.256828 0.075525 0.031250 0.041667
0 0.282064 0.095153 0.031250 0.041667
0 0.292579 0.085339 0.031250 0.041667