0 0.195549 0.124720 0.031250 0.041667
0 0.224090 0.097236 0.031250 0.041667
0 0.241532 0.099350 0.031250 0.041667
0 0.247874 0.093008 0.031250 0.041667
0 0.252631 0.078209 0.031250 0.041667
0 0.273244 0.090894 0.031250 0.041667
0 0.285929 0.090894 0.031250 0.041667
0 0.338255 0.088780 0.031250 0.041667
0 0.346183 0.076095 0.031250 0.041667
0 0.458762 0.196602 0.031250 0.041667
0 0.235189 0.215629 0.031250 0.041667
0 0.193963 0.439731 0.031250 0.041667
0 0.457177 0.729371 0.031250 0.041667
0 0.674407 0.758970 0.031250 0.041667
0 0.831384 0.750513 0.031250 0.041667
0 0.549143 0.473558 0.031250 0.041667
0 0.571342 0.240999 0.031250 0.041667
0 0.658551 0.221972 0.031250 0.041667
0 0.701363 0.228314 0.031250 0.041667
0 0.723561 0.243114 0.031250 0.041667
0 0.753688 0.234657 0.031250 0.041667
0 0.395337 0.040154 0.031250 0.041667