0 0.182864 0.177574 0.031250 0.041667
0 0.232018 0.183917 0.031250 0.041667
0 0.271659 0.175460 0.031250 0.041667
0 0.304957 0.171232 0.031250 0.041667
0 0.273244 0.097236 0.031250 0.041667
0 0.282758 0.097236 0.031250 0.041667
0 0.289100 0.090894 0.031250 0.041667
0 0.336669 0.086665 0.031250 0.041667
0 0.354111 0.084551 0.031250 0.041667
0 0.341426 0.253684 0.031250 0.041667
0 0.350940 0.268484 0.031250 0.041667
0 0.255802 0.234657 0.031250 0.041667
0 0.270073 0.295968 0.031250 0.041667
0 0.225676 0.365735 0.031250 0.041667
0 0.279587 0.367849 0.031250 0.041667
0 0.360454 0.357278 0.031250 0.041667
0 0.381067 0.386877 0.031250 0.041667
0 0.428635 0.359393 0.031250 0.041667
0 0.552314 0.465101 0.031250 0.041667
0 0.791743 0.405904 0.031250 0.041667
0 0.801257 0.391105 0.031250 0.041667
0 0.840898 0.391105 0.031250 0.041667
0 0.831384 0.431274 0.031250 0.041667
0 0.888466 0.431274 0.031250 0.041667
0 0.731489 0.661718 0.031250 0.041667
0 0.488889 0.985185 0.031250 0.041667
0 0.271659 0.864678 0.031250 0.041667
0 0.266902 0.756856 0.031250 0.041667
0 0.206648 0.748399 0.031250 0.041667
0 0.079798 0.475672 0.031250 0.041667
0 0.154322 0.482014 0.031250 0.041667