0 0.227530 0.092339 0.031250 0.041667
0 0.313281 0.104284 0.031250 0.041667
0 0.351677 0.107697 0.031250 0.041667
0 0.329919 0.167424 0.031250 0.041667
0 0.327360 0.140120 0.031250 0.041667
0 0.268486 0.126468 0.031250 0.041667
0 0.259527 0.141827 0.031250 0.041667
0 0.291524 0.138414 0.031250 0.041667
0 0.443827 0.215205 0.031250 0.041667
0 0.452786 0.206673 0.031250 0.041667
0 0.548776 0.211793 0.031250 0.041667
0 0.726677 0.167424 0.031250 0.041667
0 0.782991 0.177663 0.031250 0.041667
0 0.817547 0.223738 0.031250 0.041667
0 0.858503 0.254455 0.031250 0.041667
0 0.788111 0.242509 0.031250 0.041667
0 0.683162 0.189608 0.031250 0.041667
0 0.722838 0.196434 0.031250 0.041667
0 0.697240 0.245922 0.031250 0.041667
0 0.711319 0.278345 0.031250 0.041667
0 0.286404 0.251042 0.031250 0.041667
0 0.230090 0.261281 0.031250 0.041667
0 0.036831 0.595752 0.031250 0.041667
0 0.024032 0.771519 0.031250 0.041667
0 0.103384 0.752748 0.031250 0.041667
0 0.277445 0.489950 0.031250 0.041667
0 0.395193 0.503601 0.031250 0.041667
0 0.400312 0.534318 0.031250 0.041667
0 0.547496 0.481417 0.031250 0.041667
0 0.575653 0.498482 0.031250 0.041667
0 0.565414 0.524079 0.031250 0.041667
0 0.793230 0.507014 0.031250 0.041667
0 0.644766 0.832953 0.031250 0.041667
0 0.428469 0.715205 0.031250 0.041667
0 0.428469 0.778345 0.031250 0.041667
0 0.404152 0.759574 0.031250 0.041667
0 0.367036 0.785171 0.031250 0.041667
0 0.310722 0.764694 0.031250 0.041667