0 0.214576 0.128949 0.031250 0.041667
0 0.236775 0.124720 0.031250 0.041667
0 0.270073 0.093008 0.031250 0.041667
0 0.279587 0.093008 0.031250 0.041667
0 0.289100 0.088780 0.031250 0.041667
0 0.336669 0.090894 0.031250 0.041667
0 0.355697 0.095122 0.031250 0.041667
0 0.235189 0.224086 0.031250 0.041667
0 0.258974 0.230429 0.031250 0.041667
0 0.362039 0.228314 0.031250 0.041667
0 0.607811 0.158547 0.031250 0.041667
0 0.625253 0.160661 0.031250 0.041667
0 0.652208 0.143748 0.031250 0.041667
0 0.682335 0.145862 0.031250 0.041667
0 0.675993 0.173346 0.031250 0.041667
0 0.645866 0.238885 0.031250 0.041667
0 0.675993 0.238885 0.031250 0.041667
0 0.728318 0.238885 0.031250 0.041667
0 0.756859 0.228314 0.031250 0.041667
0 0.801257 0.202944 0.031250 0.041667
0 0.698191 0.420703 0.031250 0.041667
0 0.994703 0.809710 0.031250 0.041667
0 0.542800 0.475672 0.031250 0.041667
0 0.190792 0.742056 0.031250 0.041667