0 0.127941 0.470971 0.031250 0.041667
0 0.304524 0.949538 0.031250 0.041667
0 0.502221 0.888118 0.031250 0.041667
0 0.444639 0.834375 0.031250 0.041667
0 0.603948 0.833095 0.031250 0.041667
0 0.506060 0.542628 0.031250 0.041667
0 0.546367 0.527273 0.031250 0.041667
0 0.561722 0.502961 0.031250 0.041667
0 0.545407 0.479928 0.031250 0.041667
0 0.407211 0.525994 0.031250 0.041667
0 0.397614 0.506800 0.031250 0.041667
0 0.411050 0.483767 0.031250 0.041667
0 0.626021 0.372443 0.031250 0.041667
0 0.675925 0.357088 0.031250 0.041667
0 0.711434 0.327657 0.031250 0.041667
0 0.730628 0.302065 0.031250 0.041667
0 0.758459 0.308463 0.031250 0.041667
0 0.769015 0.368604 0.031250 0.041667
0 0.618344 0.103729 0.031250 0.041667
0 0.393775 0.204816 0.031250 0.041667
0 0.452317 0.212494 0.031250 0.041667
0 0.364025 0.179225 0.031250 0.041667
0 0.338113 0.184343 0.031250 0.041667
0 0.285330 0.170268 0.031250 0.041667
0 0.266136 0.157472 0.031250 0.041667
0 0.226789 0.152353 0.031250 0.041667
0 0.197998 0.112686 0.031250 0.041667
0 0.188401 0.067900 0.031250 0.041667
0 0.243104 0.084535 0.031250 0.041667
0 0.267096 0.099890 0.031250 0.041667
0 0.288209 0.096051 0.031250 0.041667
0 0.305484 0.071739 0.031250 0.041667
0 0.327557 0.081976 0.031250 0.041667
0 0.346751 0.076857 0.031250 0.041667
0 0.364025 0.084535 0.031250 0.041667
0 0.398574 0.043588 0.031250 0.041667