0 0.227261 0.084551 0.031250 0.041667
0 0.254217 0.103579 0.031250 0.041667
0 0.271659 0.097236 0.031250 0.041667
0 0.281172 0.097236 0.031250 0.041667
0 0.290686 0.093008 0.031250 0.041667
0 0.338255 0.088780 0.031250 0.041667
0 0.343012 0.073980 0.031250 0.041667
0 0.360454 0.090894 0.031250 0.041667
0 0.439735 0.207173 0.031250 0.041667
0 0.449248 0.211401 0.031250 0.041667
0 0.461933 0.198716 0.031250 0.041667
0 0.382652 0.264255 0.031250 0.041667
0 0.336669 0.268484 0.031250 0.041667
0 0.335084 0.314995 0.031250 0.041667
0 0.270073 0.319223 0.031250 0.041667
0 0.067113 0.450302 0.031250 0.041667
0 0.105168 0.393219 0.031250 0.041667
0 0.171764 0.456644 0.031250 0.041667
0 0.446077 0.638462 0.031250 0.041667
0 0.501574 0.750513 0.031250 0.041667
0 0.847240 0.801253 0.031250 0.041667
0 0.955062 0.816052 0.031250 0.041667
0 0.633181 0.431274 0.031250 0.041667
0 0.550728 0.465101 0.031250 0.041667
0 0.739418 0.302310 0.031250 0.041667
0 0.810771 0.298082 0.031250 0.041667
0 0.806014 0.188145 0.031250 0.041667