0 0.058255 0.800867 0.031250 0.041667
0 0.071367 0.573594 0.031250 0.041667
0 0.151349 0.589328 0.031250 0.041667
0 0.227398 0.652265 0.031250 0.041667
0 0.266734 0.765902 0.031250 0.041667
0 0.307381 0.764154 0.031250 0.041667
0 0.746629 0.813105 0.031250 0.041667
0 0.848902 0.851566 0.031250 0.041667
0 0.459479 0.538629 0.031250 0.041667
0 0.518482 0.538629 0.031250 0.041667
0 0.548640 0.470447 0.031250 0.041667
0 0.611577 0.524643 0.031250 0.041667
0 0.696804 0.412755 0.031250 0.041667
0 0.770231 0.404014 0.031250 0.041667
0 0.842346 0.402265 0.031250 0.041667
0 0.894793 0.278140 0.031250 0.041667
0 0.768919 0.264154 0.031250 0.041667
0 0.814811 0.269398 0.031250 0.041667
0 0.670580 0.089328 0.031250 0.041667
0 0.708605 0.087580 0.031250 0.041667
0 0.696804 0.127790 0.031250 0.041667
0 0.370318 0.257161 0.031250 0.041667
0 0.143482 0.365552 0.031250 0.041667
0 0.197241 0.369049 0.031250 0.041667
0 0.239199 0.279888 0.031250 0.041667
0 0.344094 0.265902 0.031250 0.041667
0 0.287713 0.098070 0.031250 0.041667
0 0.206419 0.181986 0.031250 0.041667
0 0.210353 0.133035 0.031250 0.041667
0 0.217564 0.159696 0.031250 0.041667
0 0.235266 0.145272 0.031250 0.041667
0 0.188063 0.040377 0.031250 0.041667
0 0.253622 0.141776 0.031250 0.041667
0 0.283780 0.152265 0.031250 0.041667
0 0.295580 0.147021 0.031250 0.041667
0 0.320984 0.112493 0.031250 0.041667
0 0.332785 0.125605 0.031250 0.041667
0 0.341472 0.094573 0.031250 0.041667
0 0.450300 0.215203 0.031250 0.041667
0 0.344094 0.084084 0.031250 0.041667
0 0.354584 0.096321 0.031250 0.041667
0 0.258867 0.070098 0.031250 0.041667
0 0.307873 0.094136 0.031250 0.041667
0 0.322296 0.090640 0.031250 0.041667