0 0.078037 0.597651 0.031250 0.041667
0 0.005100 0.557983 0.031250 0.041667
0 0.121223 0.437702 0.031250 0.041667
0 0.205676 0.423626 0.031250 0.041667
0 0.251741 0.405712 0.031250 0.041667
0 0.185522 0.300786 0.031250 0.041667
0 0.200877 0.241925 0.031250 0.041667
0 0.260378 0.232967 0.031250 0.041667
0 0.253660 0.176665 0.031250 0.041667
0 0.321799 0.344292 0.031250 0.041667
0 0.408171 0.253441 0.031250 0.041667
0 0.447518 0.216333 0.031250 0.041667
0 0.408171 0.518316 0.031250 0.041667
0 0.396655 0.496563 0.031250 0.041667
0 0.407211 0.468412 0.031250 0.041667
0 0.238305 0.653953 0.031250 0.041667
0 0.519495 0.579736 0.031250 0.041667
0 0.558843 0.609167 0.031250 0.041667
0 0.543488 0.464573 0.031250 0.041667
0 0.507019 0.531112 0.031250 0.041667
0 0.865944 0.523435 0.031250 0.041667
0 0.931204 0.533671 0.031250 0.041667
0 0.971511 0.762718 0.031250 0.041667
0 0.735426 0.276474 0.031250 0.041667
0 0.697038 0.264957 0.031250 0.041667
0 0.608747 0.124202 0.031250 0.041667
0 0.626021 0.129321 0.031250 0.041667
0 0.646175 0.110127 0.031250 0.041667
0 0.680724 0.108847 0.031250 0.041667
0 0.345791 0.098610 0.031250 0.041667
0 0.306443 0.094772 0.031250 0.041667