0 0.306725 0.077091 0.031250 0.041667
0 0.184785 0.161007 0.031250 0.041667
0 0.230676 0.335832 0.031250 0.041667
0 0.264767 0.311356 0.031250 0.041667
0 0.047110 0.536881 0.031250 0.041667
0 0.085134 0.550867 0.031250 0.041667
0 0.091690 0.765902 0.031250 0.041667
0 0.317215 0.764154 0.031250 0.041667
0 0.397197 0.500168 0.031250 0.041667
0 0.406376 0.526391 0.031250 0.041667
0 0.441778 0.211706 0.031250 0.041667
0 0.500781 0.563105 0.031250 0.041667
0 0.558474 0.528140 0.031250 0.041667
0 0.578141 0.480937 0.031250 0.041667
0 0.551918 0.459958 0.031250 0.041667
0 0.462757 0.734433 0.031250 0.041667
0 0.496848 0.709958 0.031250 0.041667
0 0.553229 0.757161 0.031250 0.041667
0 0.655502 0.652265 0.031250 0.041667
0 0.713194 0.692475 0.031250 0.041667
0 0.801043 0.772895 0.031250 0.041667
0 0.734173 0.447720 0.031250 0.041667
0 0.802355 0.493175 0.031250 0.041667
0 0.841690 0.479189 0.031250 0.041667
0 0.596498 0.108559 0.031250 0.041667
0 0.643701 0.176741 0.031250 0.041667
0 0.713194 0.159258 0.031250 0.041667
0 0.709260 0.185482 0.031250 0.041667
0 0.735484 0.188979 0.031250 0.041667
0 0.763019 0.157510 0.031250 0.041667