0 0.113545 0.732008 0.031250 0.041667
0 0.148094 0.600210 0.031250 0.041667
0 0.148094 0.502961 0.031250 0.041667
0 0.153852 0.336614 0.031250 0.041667
0 0.439841 0.851010 0.031250 0.041667
0 0.502221 0.881720 0.031250 0.041667
0 0.604908 0.848450 0.031250 0.041667
0 0.843871 0.870204 0.031250 0.041667
0 0.945599 0.848450 0.031250 0.041667
0 0.719111 0.557983 0.031250 0.041667
0 0.656731 0.557983 0.031250 0.041667
0 0.553085 0.522155 0.031250 0.041667
0 0.557883 0.505520 0.031250 0.041667
0 0.545407 0.474810 0.031250 0.041667
0 0.503180 0.524714 0.031250 0.041667
0 0.402413 0.528553 0.031250 0.041667
0 0.392816 0.511918 0.031250 0.041667
0 0.414889 0.482488 0.031250 0.041667
0 0.495503 0.610447 0.031250 0.041667
0 0.249822 0.193300 0.031250 0.041667
0 0.296847 0.213774 0.031250 0.041667
0 0.335234 0.218892 0.031250 0.041667
0 0.449438 0.212494 0.031250 0.041667
0 0.362106 0.172827 0.031250 0.041667
0 0.331395 0.138278 0.031250 0.041667
0 0.357307 0.133159 0.031250 0.041667
0 0.254620 0.138278 0.031250 0.041667
0 0.301645 0.096051 0.031250 0.041667
0 0.289169 0.069180 0.031250 0.041667
0 0.240225 0.048706 0.031250 0.041667
0 0.221990 0.042308 0.031250 0.041667
0 0.365944 0.085815 0.031250 0.041667
0 0.349630 0.078137 0.031250 0.041667
0 0.335234 0.079417 0.031250 0.041667
0 0.610666 0.084535 0.031250 0.041667
0 0.623142 0.226569 0.031250 0.041667
0 0.663449 0.227849 0.031250 0.041667
0 0.687442 0.247043 0.031250 0.041667
0 0.696079 0.190741 0.031250 0.041667
0 0.743104 0.222731 0.031250 0.041667
0 0.795887 0.203537 0.031250 0.041667
0 0.820839 0.211214 0.031250 0.041667