0 0.095944 0.698027 0.031250 0.041667
0 0.174809 0.707842 0.031250 0.041667
0 0.146417 0.874683 0.031250 0.041667
0 0.374598 0.770933 0.031250 0.041667
0 0.457669 0.692419 0.031250 0.041667
0 0.406144 0.526979 0.031250 0.041667
0 0.398783 0.496135 0.031250 0.041667
0 0.417711 0.477908 0.031250 0.041667
0 0.514451 0.536794 0.031250 0.041667
0 0.543894 0.521371 0.031250 0.041667
0 0.562821 0.497537 0.031250 0.041667
0 0.551254 0.477908 0.031250 0.041667
0 0.678489 0.592875 0.031250 0.041667
0 0.712138 0.684007 0.031250 0.041667
0 0.795208 0.849447 0.031250 0.041667
0 0.895103 0.777943 0.031250 0.041667
0 0.858300 0.651760 0.031250 0.041667
0 0.920340 0.647554 0.031250 0.041667
0 0.661665 0.214326 0.031250 0.041667
0 0.634325 0.120390 0.031250 0.041667
0 0.678489 0.083937 0.031250 0.041667
0 0.454514 0.201708 0.031250 0.041667
0 0.210560 0.169461 0.031250 0.041667
0 0.208457 0.062906 0.031250 0.041667
0 0.274703 0.110575 0.031250 0.041667
0 0.279961 0.093751 0.031250 0.041667
0 0.288373 0.099359 0.031250 0.041667
0 0.289425 0.068515 0.031250 0.041667