0 0.268487 0.088780 0.031250 0.041667
0 0.279587 0.088780 0.031250 0.041667
0 0.293857 0.088780 0.031250 0.041667
0 0.341426 0.095122 0.031250 0.041667
0 0.354111 0.088780 0.031250 0.041667
0 0.347769 0.175460 0.031250 0.041667
0 0.381067 0.188145 0.031250 0.041667
0 0.460348 0.194488 0.031250 0.041667
0 0.233604 0.196602 0.031250 0.041667
0 0.552314 0.465101 0.031250 0.041667
0 0.664893 0.424932 0.031250 0.041667
0 0.687092 0.431274 0.031250 0.041667
0 0.747346 0.458758 0.031250 0.041667
0 0.840898 0.281169 0.031250 0.041667
0 0.864682 0.236771 0.031250 0.041667
0 0.883709 0.243114 0.031250 0.041667
0 0.663308 0.175460 0.031250 0.041667
0 0.639523 0.186031 0.031250 0.041667
0 0.617325 0.188145 0.031250 0.041667
0 0.606225 0.186031 0.031250 0.041667
0 0.151151 0.630006 0.031250 0.041667
0 0.062356 0.526412 0.031250 0.041667
0 0.054428 0.653262 0.031250 0.041667
0 0.184449 0.742056 0.031250 0.041667
0 0.278001 0.746285 0.031250 0.041667