0 0.192247 0.072158 0.031250 0.041667
0 0.192247 0.102792 0.031250 0.041667
0 0.257893 0.072158 0.031250 0.041667
0 0.272663 0.076534 0.031250 0.041667
0 0.407236 0.139991 0.031250 0.041667
0 0.321897 0.153120 0.031250 0.041667
0 0.308768 0.220954 0.031250 0.041667
0 0.200453 0.214390 0.031250 0.041667
0 0.453188 0.203449 0.031250 0.041667
0 0.551657 0.216578 0.031250 0.041667
0 0.563144 0.185943 0.031250 0.041667
0 0.797827 0.284411 0.031250 0.041667
0 0.848702 0.286600 0.031250 0.041667
0 0.851985 0.396009 0.031250 0.041667
0 0.792904 0.398197 0.031250 0.041667
0 0.755158 0.400385 0.031250 0.041667
0 0.707565 0.422267 0.031250 0.041667
0 0.674742 0.448525 0.031250 0.041667
0 0.548374 0.474783 0.031250 0.041667
0 0.510628 0.536053 0.031250 0.041667
0 0.395748 0.505418 0.031250 0.041667
0 0.402313 0.536053 0.031250 0.041667
0 0.441700 0.630145 0.031250 0.041667
0 0.469600 0.682661 0.031250 0.041667
0 0.499140 0.719860 0.031250 0.041667
0 0.417083 0.794258 0.031250 0.041667
0 0.371131 0.864280 0.031250 0.041667
0 0.316974 0.800823 0.031250 0.041667
0 0.190606 0.757059 0.031250 0.041667
0 0.169271 0.728613 0.031250 0.041667
0 0.134808 0.676096 0.031250 0.041667
0 0.060956 0.649838 0.031250 0.041667
0 0.031416 0.684849 0.031250 0.041667
0 0.111832 0.595134 0.031250 0.041667
0 0.165989 0.433208 0.031250 0.041667
0 0.256252 0.546994 0.031250 0.041667
0 0.203735 0.617015 0.031250 0.041667
0 0.576274 0.113733 0.031250 0.041667