0 0.577543 0.100761 0.031250 0.041667
0 0.642737 0.138616 0.031250 0.041667
0 0.685850 0.210120 0.031250 0.041667
0 0.545997 0.468094 0.031250 0.041667
0 0.571233 0.497537 0.031250 0.041667
0 0.547048 0.519969 0.031250 0.041667
0 0.503936 0.532587 0.031250 0.041667
0 0.458720 0.688213 0.031250 0.041667
0 0.480802 0.755511 0.031250 0.041667
0 0.897206 0.971424 0.031250 0.041667
0 0.411402 0.529783 0.031250 0.041667
0 0.400886 0.511557 0.031250 0.041667
0 0.417711 0.476506 0.031250 0.041667
0 0.193736 0.078329 0.031250 0.041667
0 0.210560 0.061504 0.031250 0.041667
0 0.262085 0.100761 0.031250 0.041667
0 0.269446 0.092349 0.031250 0.041667
0 0.282064 0.095153 0.031250 0.041667
0 0.320971 0.095153 0.031250 0.041667
0 0.328331 0.099359 0.031250 0.041667
0 0.368289 0.082535 0.031250 0.041667
0 0.372495 0.086741 0.031250 0.041667