0 0.190792 0.145862 0.031250 0.041667
0 0.203477 0.141634 0.031250 0.041667
0 0.216162 0.145862 0.031250 0.041667
0 0.270073 0.131063 0.031250 0.041667
0 0.270073 0.097236 0.031250 0.041667
0 0.279587 0.093008 0.031250 0.041667
0 0.290686 0.090894 0.031250 0.041667
0 0.314470 0.095122 0.031250 0.041667
0 0.336669 0.095122 0.031250 0.041667
0 0.343998 0.082100 0.031250 0.041667
0 0.442906 0.211401 0.031250 0.041667
0 0.449248 0.205059 0.031250 0.041667
0 0.458762 0.188145 0.031250 0.041667
0 0.279587 0.266369 0.031250 0.041667
0 0.228847 0.257913 0.031250 0.041667
0 0.081384 0.437617 0.031250 0.041667
0 0.122610 0.452416 0.031250 0.041667
0 0.197134 0.450302 0.031250 0.041667
0 0.243117 0.439731 0.031250 0.041667
0 0.279587 0.405904 0.031250 0.041667
0 0.382652 0.488357 0.031250 0.041667
0 0.388995 0.522183 0.031250 0.041667
0 0.452420 0.545439 0.031250 0.041667
0 0.514259 0.545439 0.031250 0.041667
0 0.547557 0.467215 0.031250 0.041667
0 0.538043 0.403790 0.031250 0.041667
0 0.745760 0.173346 0.031250 0.041667
0 0.885295 0.272712 0.031250 0.041667
0 0.848826 0.450302 0.031250 0.041667
0 0.810771 0.456644 0.031250 0.041667
0 0.782229 0.412247 0.031250 0.041667
0 0.717219 0.403790 0.031250 0.041667
0 0.997874 0.758970 0.031250 0.041667
0 0.978847 0.786454 0.031250 0.041667
0 0.877367 0.854107 0.031250 0.041667
0 0.753688 0.720915 0.031250 0.041667
0 0.487303 0.680746 0.031250 0.041667
0 0.519016 0.875249 0.031250 0.041667
0 0.167007 0.727257 0.031250 0.041667
0 0.190792 0.735714 0.031250 0.041667