0 0.205062 0.095122 0.031250 0.041667
0 0.232018 0.084551 0.031250 0.041667
0 0.268487 0.095122 0.031250 0.041667
0 0.279587 0.095122 0.031250 0.041667
0 0.293857 0.086665 0.031250 0.041667
0 0.338255 0.086665 0.031250 0.041667
0 0.352525 0.082437 0.031250 0.041667
0 0.428635 0.202944 0.031250 0.041667
0 0.466690 0.194488 0.031250 0.041667
0 0.446077 0.257913 0.031250 0.041667
0 0.243117 0.219858 0.031250 0.041667
0 0.273244 0.217744 0.031250 0.041667
0 0.572927 0.116264 0.031250 0.041667
0 0.601468 0.116264 0.031250 0.041667
0 0.614153 0.467215 0.031250 0.041667
0 0.671236 0.477786 0.031250 0.041667
0 0.763202 0.490471 0.031250 0.041667
0 0.804428 0.460873 0.031250 0.041667
0 0.201891 0.422818 0.031250 0.041667
0 0.138466 0.410133 0.031250 0.041667
0 0.151151 0.505270 0.031250 0.041667
0 0.076627 0.731486 0.031250 0.041667
0 0.190792 0.723029 0.031250 0.041667
0 0.545180 0.470076 0.031250 0.041667