0 0.312558 0.092349 0.031250 0.041667
0 0.331486 0.107771 0.031250 0.041667
0 0.283116 0.062906 0.031250 0.041667
0 0.277858 0.093751 0.031250 0.041667
0 0.289425 0.085339 0.031250 0.041667
0 0.238952 0.113380 0.031250 0.041667
0 0.224230 0.072721 0.031250 0.041667
0 0.078068 0.501743 0.031250 0.041667
0 0.169551 0.608297 0.031250 0.041667
0 0.214767 0.745696 0.031250 0.041667
0 0.313610 0.538196 0.031250 0.041667
0 0.396680 0.510155 0.031250 0.041667
0 0.419814 0.542402 0.031250 0.041667
0 0.504987 0.533989 0.031250 0.041667
0 0.550203 0.518567 0.031250 0.041667
0 0.563873 0.493330 0.031250 0.041667
0 0.541791 0.461084 0.031250 0.041667
0 0.561770 0.184883 0.031250 0.041667
0 0.456617 0.198904 0.031250 0.041667
0 0.381959 0.176471 0.031250 0.041667