0 0.398574 0.076857 0.031250 0.041667
0 0.305484 0.093492 0.031250 0.041667
0 0.345791 0.094772 0.031250 0.041667
0 0.230628 0.103729 0.031250 0.041667
0 0.233507 0.075578 0.031250 0.041667
0 0.452317 0.206096 0.031250 0.041667
0 0.510858 0.522155 0.031250 0.041667
0 0.543488 0.465853 0.031250 0.041667
0 0.406251 0.523435 0.031250 0.041667
0 0.390896 0.506800 0.031250 0.041667
0 0.414889 0.478649 0.031250 0.041667
0 0.592432 0.465853 0.031250 0.041667
0 0.606827 0.479928 0.031250 0.041667
0 0.259418 0.752481 0.031250 0.041667
0 0.197998 0.749922 0.031250 0.041667
0 0.668248 0.105008 0.031250 0.041667
0 0.756539 0.110127 0.031250 0.041667
0 0.810282 0.221451 0.031250 0.041667