0 0.062896 0.516100 0.031250 0.041667
0 0.046469 0.581808 0.031250 0.041667
0 0.013615 0.518838 0.031250 0.041667
0 0.170699 0.572226 0.031250 0.041667
0 0.187126 0.461343 0.031250 0.041667
0 0.385278 0.502411 0.031250 0.041667
0 0.407865 0.535265 0.031250 0.041667
0 0.439693 0.516100 0.031250 0.041667
0 0.479734 0.527051 0.031250 0.041667
0 0.512588 0.533896 0.031250 0.041667
0 0.552629 0.520207 0.031250 0.041667
0 0.563923 0.496935 0.031250 0.041667
0 0.545442 0.479139 0.031250 0.041667
0 0.508481 0.729652 0.031250 0.041667
0 0.538256 0.804943 0.031250 0.041667
0 0.611151 0.268324 0.031250 0.041667
0 0.577270 0.242315 0.031250 0.041667
0 0.633738 0.240946 0.031250 0.041667
0 0.562896 0.190296 0.031250 0.041667
0 0.624498 0.062986 0.031250 0.041667
0 0.377065 0.257373 0.031250 0.041667
0 0.449960 0.203985 0.031250 0.041667
0 0.323677 0.247790 0.031250 0.041667
0 0.292876 0.205354 0.031250 0.041667
0 0.264128 0.228626 0.031250 0.041667
0 0.228194 0.323081 0.031250 0.041667
0 0.201500 0.250528 0.031250 0.041667
0 0.313410 0.176606 0.031250 0.041667
0 0.285689 0.131432 0.031250 0.041667
0 0.325730 0.116374 0.031250 0.041667
0 0.295956 0.090364 0.031250 0.041667
0 0.277475 0.094471 0.031250 0.041667
0 0.242568 0.075306 0.031250 0.041667
0 0.255915 0.079413 0.031250 0.041667
0 0.193286 0.091733 0.031250 0.041667
0 0.361664 0.097209 0.031250 0.041667