0 0.038110 0.594277 0.031250 0.041667
0 0.095944 0.691017 0.031250 0.041667
0 0.120129 0.546608 0.031250 0.041667
0 0.168499 0.562030 0.031250 0.041667
0 0.261034 0.448465 0.031250 0.041667
0 0.416659 0.476506 0.031250 0.041667
0 0.399835 0.503145 0.031250 0.041667
0 0.411402 0.525577 0.031250 0.041667
0 0.467132 0.735882 0.031250 0.041667
0 0.502884 0.539598 0.031250 0.041667
0 0.552306 0.522773 0.031250 0.041667
0 0.570182 0.496135 0.031250 0.041667
0 0.548100 0.469496 0.031250 0.041667
0 0.626964 0.636338 0.031250 0.041667
0 0.703726 0.465290 0.031250 0.041667
0 0.791002 0.472300 0.031250 0.041667
0 0.683747 0.364343 0.031250 0.041667
0 0.732117 0.344715 0.031250 0.041667
0 0.759456 0.330695 0.031250 0.041667
0 0.793105 0.243769 0.031250 0.041667
0 0.827805 0.240965 0.031250 0.041667
0 0.861454 0.330695 0.031250 0.041667
0 0.660613 0.240965 0.031250 0.041667
0 0.674283 0.186285 0.031250 0.041667
0 0.706880 0.169461 0.031250 0.041667
0 0.358825 0.243769 0.031250 0.041667
0 0.278910 0.233954 0.031250 0.041667
0 0.236849 0.233954 0.031250 0.041667
0 0.218973 0.148430 0.031250 0.041667
0 0.225282 0.114782 0.031250 0.041667
0 0.257879 0.144224 0.031250 0.041667
0 0.261034 0.118988 0.031250 0.041667
0 0.241055 0.061504 0.031250 0.041667
0 0.281013 0.090947 0.031250 0.041667
0 0.296785 0.095153 0.031250 0.041667
0 0.306249 0.145626 0.031250 0.041667
0 0.355671 0.156843 0.031250 0.041667
0 0.450308 0.204512 0.031250 0.041667
0 0.331486 0.092349 0.031250 0.041667
0 0.352516 0.092349 0.031250 0.041667
0 0.368289 0.086741 0.031250 0.041667