0 0.203477 0.097236 0.031250 0.041667
0 0.228847 0.107807 0.031250 0.041667
0 0.206648 0.145862 0.031250 0.041667
0 0.271659 0.086665 0.031250 0.041667
0 0.281172 0.093008 0.031250 0.041667
0 0.292272 0.088780 0.031250 0.041667
0 0.339840 0.088780 0.031250 0.041667
0 0.355697 0.086665 0.031250 0.041667
0 0.309714 0.124720 0.031250 0.041667
0 0.319227 0.131063 0.031250 0.041667
0 0.333498 0.171232 0.031250 0.041667
0 0.384238 0.169118 0.031250 0.041667
0 0.457177 0.190259 0.031250 0.041667
0 0.623667 0.158547 0.031250 0.041667
0 0.664893 0.141634 0.031250 0.041667
0 0.763202 0.230429 0.031250 0.041667
0 0.832969 0.213515 0.031250 0.041667
0 0.810771 0.532754 0.031250 0.041667
0 0.752103 0.469329 0.031250 0.041667
0 0.674407 0.492585 0.031250 0.041667
0 0.550728 0.471443 0.031250 0.041667
0 0.434978 0.532754 0.031250 0.041667
0 0.514259 0.602522 0.031250 0.041667
0 0.804428 0.790682 0.031250 0.041667
0 0.915422 0.750513 0.031250 0.041667
0 0.281172 0.746285 0.031250 0.041667
0 0.178107 0.974615 0.031250 0.041667
0 0.281172 0.991528 0.031250 0.041667
0 0.208234 0.752627 0.031250 0.041667
0 0.179692 0.649033 0.031250 0.041667
0 0.140052 0.634234 0.031250 0.041667