0 0.224988 0.102894 0.031250 0.041667
0 0.266654 0.100248 0.031250 0.041667
0 0.316257 0.097603 0.031250 0.041667
0 0.340067 0.139931 0.031250 0.041667
0 0.282527 0.153158 0.031250 0.041667
0 0.288480 0.187550 0.031250 0.041667
0 0.201178 0.131994 0.031250 0.041667
0 0.064273 0.454745 0.031250 0.041667
0 0.040464 0.576438 0.031250 0.041667
0 0.074194 0.560565 0.031250 0.041667
0 0.189273 0.753687 0.031250 0.041667
0 0.342051 0.780142 0.031250 0.041667
0 0.387686 0.790724 0.031250 0.041667
0 0.425384 0.732523 0.031250 0.041667
0 0.449194 0.679613 0.031250 0.041667
0 0.478956 0.608185 0.031250 0.041667
0 0.397607 0.510301 0.031250 0.041667
0 0.407527 0.534110 0.031250 0.041667
0 0.451178 0.251042 0.031250 0.041667
0 0.445226 0.206068 0.031250 0.041667
0 0.463083 0.224587 0.031250 0.041667
0 0.548400 0.206068 0.031250 0.041667
0 0.542448 0.076438 0.031250 0.041667
0 0.857924 0.248396 0.031250 0.041667
0 0.875781 0.235169 0.031250 0.041667
0 0.828162 0.391253 0.031250 0.041667
0 0.774591 0.401835 0.031250 0.041667
0 0.538480 0.465327 0.031250 0.041667
0 0.582130 0.486491 0.031250 0.041667
0 0.576178 0.531465 0.031250 0.041667
0 0.512686 0.536756 0.031250 0.041667
0 0.510702 0.721941 0.031250 0.041667
0 0.768638 0.563211 0.031250 0.041667