0 0.279587 0.093008 0.031250 0.041667
0 0.333498 0.088780 0.031250 0.041667
0 0.346183 0.086665 0.031250 0.041667
0 0.358868 0.175460 0.031250 0.041667
0 0.444492 0.205059 0.031250 0.041667
0 0.460348 0.196602 0.031250 0.041667
0 0.455591 0.211401 0.031250 0.041667
0 0.290686 0.257913 0.031250 0.041667
0 0.127367 0.410133 0.031250 0.041667
0 0.241532 0.507384 0.031250 0.041667
0 0.238361 0.761084 0.031250 0.041667
0 0.606225 0.245228 0.031250 0.041667
0 0.542800 0.458758 0.031250 0.041667
0 0.442906 0.636348 0.031250 0.041667