0 0.247722 0.255412 0.031250 0.041667
0 0.284435 0.241426 0.031250 0.041667
0 0.315904 0.089328 0.031250 0.041667
0 0.335571 0.066601 0.031250 0.041667
0 0.348683 0.082335 0.031250 0.041667
0 0.113981 0.706461 0.031250 0.041667
0 0.298858 0.746671 0.031250 0.041667
0 0.308036 0.818349 0.031250 0.041667
0 0.352617 0.760657 0.031250 0.041667
0 0.407687 0.760657 0.031250 0.041667
0 0.424732 0.786881 0.031250 0.041667
0 0.422110 0.739678 0.031250 0.041667
0 0.394575 0.507161 0.031250 0.041667
0 0.406376 0.528140 0.031250 0.041667
0 0.464068 0.533384 0.031250 0.041667
0 0.520449 0.540377 0.031250 0.041667
0 0.565030 0.529888 0.031250 0.041667
0 0.586009 0.498419 0.031250 0.041667
0 0.550606 0.473944 0.031250 0.041667
0 0.566341 0.627790 0.031250 0.041667
0 0.550606 0.916251 0.031250 0.041667
0 0.688281 0.979189 0.031250 0.041667
0 0.730239 0.269398 0.031250 0.041667
0 0.765641 0.220447 0.031250 0.041667
0 0.799732 0.218699 0.031250 0.041667
0 0.773509 0.176741 0.031250 0.041667
0 0.740729 0.157510 0.031250 0.041667
0 0.736795 0.136531 0.031250 0.041667
0 0.710571 0.145272 0.031250 0.041667
0 0.622722 0.133035 0.031250 0.041667
0 0.443089 0.211706 0.031250 0.041667
0 0.450956 0.208209 0.031250 0.041667