0 0.358002 0.094039 0.031250 0.041667
0 0.394107 0.094039 0.031250 0.041667
0 0.292357 0.113733 0.031250 0.041667
0 0.315333 0.091851 0.031250 0.041667
0 0.223429 0.045899 0.031250 0.041667
0 0.190606 0.153120 0.031250 0.041667
0 0.226711 0.131239 0.031250 0.041667
0 0.449906 0.207825 0.031250 0.041667
0 0.444983 0.260341 0.031250 0.041667
0 0.361285 0.161873 0.031250 0.041667
0 0.325179 0.177190 0.031250 0.041667
0 0.341591 0.188131 0.031250 0.041667
0 0.376055 0.251589 0.031250 0.041667
0 0.272663 0.258153 0.031250 0.041667
0 0.216864 0.258153 0.031250 0.041667
0 0.070803 0.590757 0.031250 0.041667
0 0.037980 0.656403 0.031250 0.041667
0 0.069162 0.656403 0.031250 0.041667
0 0.121678 0.592945 0.031250 0.041667
0 0.223429 0.741742 0.031250 0.041667
0 0.238199 0.759247 0.031250 0.041667
0 0.131525 0.938678 0.031250 0.041667
0 0.300562 0.818328 0.031250 0.041667
0 0.312050 0.829269 0.031250 0.041667
0 0.353079 0.899291 0.031250 0.041667
0 0.402313 0.805199 0.031250 0.041667
0 0.477805 0.728613 0.031250 0.041667
0 0.417083 0.656403 0.031250 0.041667
0 0.394107 0.505418 0.031250 0.041667
0 0.405595 0.529488 0.031250 0.041667
0 0.510628 0.536053 0.031250 0.041667
0 0.551657 0.472595 0.031250 0.041667
0 0.692794 0.566687 0.031250 0.041667
0 0.732182 0.582004 0.031250 0.041667
0 0.712488 0.951808 0.031250 0.041667
0 0.835573 0.269094 0.031250 0.041667
0 0.845420 0.205637 0.031250 0.041667
0 0.812597 0.234083 0.031250 0.041667
0 0.771569 0.258153 0.031250 0.041667
0 0.740387 0.242836 0.031250 0.041667
0 0.658330 0.168438 0.031250 0.041667
0 0.581197 0.122486 0.031250 0.041667
0 0.545092 0.214390 0.031250 0.041667
0 0.569709 0.203449 0.031250 0.041667
0 0.545092 0.122486 0.031250 0.041667