0 0.160432 0.442178 0.031250 0.041667
0 0.144005 0.398372 0.031250 0.041667
0 0.228194 0.275169 0.031250 0.041667
0 0.257968 0.275169 0.031250 0.041667
0 0.356531 0.221781 0.031250 0.041667
0 0.387332 0.232732 0.031250 0.041667
0 0.442773 0.219043 0.031250 0.041667
0 0.455093 0.205354 0.031250 0.041667
0 0.210740 0.684478 0.031250 0.041667
0 0.368851 0.496935 0.031250 0.041667
0 0.383225 0.480508 0.031250 0.041667
0 0.444826 0.516100 0.031250 0.041667
0 0.506428 0.533896 0.031250 0.041667
0 0.488974 0.587284 0.031250 0.041667
0 0.467414 0.632459 0.031250 0.041667
0 0.546469 0.469556 0.031250 0.041667
0 0.704580 0.433964 0.031250 0.041667
0 0.713820 0.544847 0.031250 0.041667
0 0.804169 0.464081 0.031250 0.041667
0 0.780555 0.454498 0.031250 0.041667
0 0.801089 0.407955 0.031250 0.041667
0 0.694313 0.224519 0.031250 0.041667
0 0.758995 0.195771 0.031250 0.041667
0 0.811356 0.171131 0.031250 0.041667
0 0.564950 0.205354 0.031250 0.041667
0 0.290822 0.098578 0.031250 0.041667
0 0.271315 0.102684 0.031250 0.041667
0 0.201500 0.125956 0.031250 0.041667
0 0.201500 0.075306 0.031250 0.041667
0 0.187126 0.069830 0.031250 0.041667