0 0.187621 0.636348 0.031250 0.041667
0 0.217747 0.670175 0.031250 0.041667
0 0.244703 0.746285 0.031250 0.041667
0 0.668065 0.610978 0.031250 0.041667
0 0.786986 0.621549 0.031250 0.041667
0 0.541215 0.469329 0.031250 0.041667
0 0.655380 0.361507 0.031250 0.041667
0 0.709291 0.365735 0.031250 0.041667
0 0.431807 0.207173 0.031250 0.041667
0 0.460348 0.190259 0.031250 0.041667
0 0.251046 0.164889 0.031250 0.041667
0 0.268487 0.154319 0.031250 0.041667
0 0.284344 0.186031 0.031250 0.041667
0 0.284344 0.093008 0.031250 0.041667
0 0.292272 0.090894 0.031250 0.041667
0 0.339840 0.093008 0.031250 0.041667
0 0.355697 0.088780 0.031250 0.041667