0 0.251022 0.783909 0.031250 0.041667
0 0.195092 0.782623 0.031250 0.041667
0 0.076480 0.916342 0.031250 0.041667
0 0.549962 0.632189 0.031250 0.041667
0 0.503674 0.530614 0.031250 0.041667
0 0.411099 0.524185 0.031250 0.041667
0 0.395670 0.503613 0.031250 0.041667
0 0.413992 0.476612 0.031250 0.041667
0 0.293452 0.540900 0.031250 0.041667
0 0.543211 0.471469 0.031250 0.041667
0 0.665680 0.381466 0.031250 0.041667
0 0.765005 0.367323 0.031250 0.041667
0 0.801649 0.346750 0.031250 0.041667
0 0.684966 0.198888 0.031250 0.041667
0 0.424600 0.270891 0.031250 0.041667
0 0.375420 0.265748 0.031250 0.041667
0 0.328168 0.278605 0.031250 0.041667
0 0.273202 0.267033 0.031250 0.041667
0 0.222093 0.192459 0.031250 0.041667
0 0.448708 0.211746 0.031250 0.041667
0 0.315632 0.092170 0.031250 0.041667
0 0.284774 0.093456 0.031250 0.041667
0 0.348419 0.094741 0.031250 0.041667
0 0.222093 0.088313 0.031250 0.041667
0 0.195092 0.097313 0.031250 0.041667