0 0.273244 0.093008 0.031250 0.041667
0 0.282758 0.088780 0.031250 0.041667
0 0.297029 0.088780 0.031250 0.041667
0 0.335084 0.090894 0.031250 0.041667
0 0.355697 0.080323 0.031250 0.041667
0 0.227261 0.234657 0.031250 0.041667
0 0.290686 0.234657 0.031250 0.041667
0 0.335084 0.279054 0.031250 0.041667
0 0.423879 0.194488 0.031250 0.041667
0 0.433392 0.215629 0.031250 0.041667
0 0.457177 0.194488 0.031250 0.041667
0 0.587198 0.114149 0.031250 0.041667
0 0.609396 0.154319 0.031250 0.041667
0 0.636352 0.118378 0.031250 0.041667
0 0.905908 0.427046 0.031250 0.041667
0 0.542800 0.467215 0.031250 0.041667
0 0.182864 0.621549 0.031250 0.041667
0 0.211405 0.661718 0.031250 0.041667
0 0.195549 0.739942 0.031250 0.041667
0 0.301785 0.744171 0.031250 0.041667