0 0.012588 0.713225 0.031250 0.041667
0 0.253861 0.503780 0.031250 0.041667
0 0.419159 0.788516 0.031250 0.041667
0 0.483841 0.620138 0.031250 0.041667
0 0.495134 0.573595 0.031250 0.041667
0 0.488974 0.539372 0.031250 0.041667
0 0.442773 0.524313 0.031250 0.041667
0 0.400679 0.484615 0.031250 0.041667
0 0.363718 0.498304 0.031250 0.041667
0 0.548523 0.472294 0.031250 0.041667
0 0.738461 0.840535 0.031250 0.041667
0 0.842157 0.848749 0.031250 0.041667
0 0.917106 0.728283 0.031250 0.041667
0 0.901705 0.327188 0.031250 0.041667
0 0.840104 0.351829 0.031250 0.041667
0 0.761048 0.271062 0.031250 0.041667
0 0.691233 0.287489 0.031250 0.041667
0 0.557763 0.199878 0.031250 0.041667
0 0.727167 0.153335 0.031250 0.041667
0 0.452013 0.199878 0.031250 0.041667
0 0.439693 0.224519 0.031250 0.041667
0 0.324703 0.132801 0.031250 0.041667
0 0.288769 0.130063 0.031250 0.041667
0 0.233327 0.183451 0.031250 0.041667
0 0.235381 0.072568 0.031250 0.041667
0 0.185073 0.072568 0.031250 0.041667
0 0.276449 0.097209 0.031250 0.041667
0 0.290822 0.091733 0.031250 0.041667
0 0.379118 0.060248 0.031250 0.041667