0 0.339740 0.202745 0.031250 0.041667
0 0.450637 0.205317 0.031250 0.041667
0 0.348419 0.164172 0.031250 0.041667
0 0.364812 0.182173 0.031250 0.041667
0 0.325275 0.180887 0.031250 0.041667
0 0.291524 0.161601 0.031250 0.041667
0 0.240415 0.161601 0.031250 0.041667
0 0.202806 0.238747 0.031250 0.041667
0 0.197985 0.277319 0.031250 0.041667
0 0.173877 0.264462 0.031250 0.041667
0 0.285738 0.096027 0.031250 0.041667
0 0.307917 0.096027 0.031250 0.041667
0 0.343597 0.097313 0.031250 0.041667
0 0.343597 0.274748 0.031250 0.041667
0 0.289595 0.227175 0.031250 0.041667
0 0.268380 0.395609 0.031250 0.041667
0 0.247165 0.403324 0.031250 0.041667
0 0.253915 0.317178 0.031250 0.041667
0 0.118910 0.375037 0.031250 0.041667
0 0.121803 0.520328 0.031250 0.041667
0 0.078409 0.513899 0.031250 0.041667
0 0.229807 0.714478 0.031250 0.041667
0 0.286702 0.747908 0.031250 0.041667
0 0.297310 0.774909 0.031250 0.041667
0 0.365776 0.790338 0.031250 0.041667
0 0.450637 0.643761 0.031250 0.041667
0 0.406278 0.534471 0.031250 0.041667
0 0.395670 0.510042 0.031250 0.041667
0 0.503674 0.534471 0.031250 0.041667
0 0.591427 0.517757 0.031250 0.041667
0 0.547069 0.468898 0.031250 0.041667
0 0.559605 0.354465 0.031250 0.041667
0 0.624214 0.223317 0.031250 0.041667
0 0.609749 0.152601 0.031250 0.041667
0 0.754397 0.173173 0.031250 0.041667
0 0.745719 0.150029 0.031250 0.041667
0 0.770791 0.148743 0.031250 0.041667
0 0.781398 0.171887 0.031250 0.041667
0 0.733182 0.908628 0.031250 0.041667
0 0.596249 0.965201 0.031250 0.041667
0 0.955940 0.861055 0.031250 0.041667
0 0.409171 0.314606 0.031250 0.041667
0 0.432315 0.259319 0.031250 0.041667