0 0.009508 0.640672 0.031250 0.041667
0 0.215874 0.680371 0.031250 0.041667
0 0.481787 0.624245 0.031250 0.041667
0 0.496161 0.591391 0.031250 0.041667
0 0.499241 0.557168 0.031250 0.041667
0 0.445853 0.531158 0.031250 0.041667
0 0.546469 0.480508 0.031250 0.041667
0 0.592670 0.642041 0.031250 0.041667
0 0.767208 0.507886 0.031250 0.041667
0 0.727167 0.362780 0.031250 0.041667
0 0.694313 0.276538 0.031250 0.041667
0 0.664539 0.253266 0.031250 0.041667
0 0.640925 0.287489 0.031250 0.041667
0 0.833943 0.266955 0.031250 0.041667
0 0.549549 0.201247 0.031250 0.041667
0 0.456120 0.210829 0.031250 0.041667
0 0.444826 0.223150 0.031250 0.041667
0 0.243594 0.180713 0.031250 0.041667
0 0.225114 0.153335 0.031250 0.041667
0 0.195340 0.157441 0.031250 0.041667
0 0.191233 0.087626 0.031250 0.041667
0 0.242568 0.128694 0.031250 0.041667
0 0.269262 0.130063 0.031250 0.041667
0 0.271315 0.102684 0.031250 0.041667
0 0.292876 0.098578 0.031250 0.041667
0 0.396572 0.043821 0.031250 0.041667
0 0.420186 0.046558 0.031250 0.041667