0 0.223910 0.212494 0.031250 0.041667
0 0.240225 0.239365 0.031250 0.041667
0 0.272854 0.211214 0.031250 0.041667
0 0.220071 0.074298 0.031250 0.041667
0 0.184562 0.105008 0.031250 0.041667
0 0.311242 0.097331 0.031250 0.041667
0 0.347710 0.093492 0.031250 0.041667
0 0.360186 0.087094 0.031250 0.041667
0 0.672086 0.107568 0.031250 0.041667
0 0.704716 0.188182 0.031250 0.041667
0 0.779572 0.305904 0.031250 0.041667
0 0.574198 0.497843 0.031250 0.041667
0 0.558843 0.520875 0.031250 0.041667
0 0.538689 0.468412 0.031250 0.041667
0 0.501261 0.542628 0.031250 0.041667
0 0.402413 0.527273 0.031250 0.041667
0 0.393775 0.508079 0.031250 0.041667
0 0.413929 0.479928 0.031250 0.041667
0 0.254620 0.772955 0.031250 0.041667
0 0.204716 0.749922 0.031250 0.041667
0 0.451357 0.203537 0.031250 0.041667
0 0.221990 0.062782 0.031250 0.041667