0 0.208555 0.676985 0.031250 0.041667
0 0.250781 0.606608 0.031250 0.041667
0 0.257499 0.793428 0.031250 0.041667
0 0.232547 0.229129 0.031250 0.041667
0 0.207595 0.124202 0.031250 0.041667
0 0.304524 0.098610 0.031250 0.041667
0 0.204716 0.037190 0.031250 0.041667
0 0.214313 0.098610 0.031250 0.041667
0 0.343871 0.096051 0.031250 0.041667
0 0.370743 0.085815 0.031250 0.041667
0 0.408171 0.043588 0.031250 0.041667
0 0.452317 0.204816 0.031250 0.041667
0 0.720071 0.149794 0.031250 0.041667
0 0.552125 0.522155 0.031250 0.041667
0 0.558843 0.497843 0.031250 0.041667
0 0.532931 0.476090 0.031250 0.041667
0 0.492624 0.546467 0.031250 0.041667
0 0.407211 0.529832 0.031250 0.041667
0 0.401453 0.506800 0.031250 0.041667
0 0.411050 0.486326 0.031250 0.041667