0 0.436563 0.207173 0.031250 0.041667
0 0.454005 0.207173 0.031250 0.041667
0 0.463519 0.194488 0.031250 0.041667
0 0.306542 0.192374 0.031250 0.041667
0 0.336669 0.086665 0.031250 0.041667
0 0.344597 0.078209 0.031250 0.041667
0 0.274830 0.090894 0.031250 0.041667
0 0.282758 0.090894 0.031250 0.041667
0 0.292272 0.090894 0.031250 0.041667
0 0.350940 0.289625 0.031250 0.041667
0 0.173350 0.395333 0.031250 0.041667
0 0.216162 0.401676 0.031250 0.041667
0 0.266902 0.395333 0.031250 0.041667
0 0.293857 0.420703 0.031250 0.041667
0 0.170179 0.710344 0.031250 0.041667
0 0.834555 0.501042 0.031250 0.041667
0 0.620496 0.378420 0.031250 0.041667
0 0.545972 0.469329 0.031250 0.041667
0 0.664893 0.378420 0.031250 0.041667
0 0.682335 0.298082 0.031250 0.041667
0 0.747346 0.298082 0.031250 0.041667
0 0.725147 0.340365 0.031250 0.041667
0 0.752103 0.329794 0.031250 0.041667
0 0.804428 0.363621 0.031250 0.041667
0 0.856754 0.367849 0.031250 0.041667
0 0.842483 0.224086 0.031250 0.041667
0 0.878952 0.253684 0.031250 0.041667
0 0.582441 0.169118 0.031250 0.041667