0 0.199208 0.080587 0.031250 0.041667
0 0.254278 0.042126 0.031250 0.041667
0 0.287057 0.040377 0.031250 0.041667
0 0.237232 0.091077 0.031250 0.041667
0 0.259523 0.091077 0.031250 0.041667
0 0.308036 0.089328 0.031250 0.041667
0 0.298858 0.181986 0.031250 0.041667
0 0.322460 0.187230 0.031250 0.041667
0 0.441778 0.211706 0.031250 0.041667
0 0.069400 0.508909 0.031250 0.041667
0 0.386708 0.503664 0.031250 0.041667
0 0.398509 0.529888 0.031250 0.041667
0 0.555851 0.529888 0.031250 0.041667
0 0.580764 0.494923 0.031250 0.041667
0 0.550606 0.470447 0.031250 0.041667
0 0.732862 0.195972 0.031250 0.041667
0 0.827267 0.181986 0.031250 0.041667
0 0.536183 0.681986 0.031250 0.041667
0 0.579453 0.652265 0.031250 0.041667
0 0.722372 0.620797 0.031250 0.041667
0 0.822023 0.596321 0.031250 0.041667
0 0.915117 0.622545 0.031250 0.041667
0 0.934785 0.715203 0.031250 0.041667
0 0.675169 0.883035 0.031250 0.041667
0 0.439155 0.797370 0.031250 0.041667
0 0.402442 0.762405 0.031250 0.041667
0 0.365729 0.781636 0.031250 0.041667
0 0.279190 0.744923 0.031250 0.041667
0 0.205764 0.830587 0.031250 0.041667