0 0.206419 0.057860 0.031250 0.041667
0 0.312626 0.098070 0.031250 0.041667
0 0.351961 0.078839 0.031250 0.041667
0 0.342783 0.080587 0.031250 0.041667
0 0.443745 0.208209 0.031250 0.041667
0 0.454234 0.213454 0.031250 0.041667
0 0.395231 0.505412 0.031250 0.041667
0 0.405720 0.524643 0.031250 0.041667
0 0.446367 0.526391 0.031250 0.041667
0 0.507993 0.571846 0.031250 0.041667
0 0.530283 0.549119 0.031250 0.041667
0 0.570930 0.533384 0.031250 0.041667
0 0.591909 0.505412 0.031250 0.041667
0 0.549951 0.475692 0.031250 0.041667
0 0.726961 0.332335 0.031250 0.041667
0 0.796454 0.334084 0.031250 0.041667
0 0.795143 0.250168 0.031250 0.041667
0 0.846280 0.223944 0.031250 0.041667
0 0.862014 0.445972 0.031250 0.041667
0 0.746629 0.465203 0.031250 0.041667
0 0.915773 0.508909 0.031250 0.041667
0 0.147416 0.750168 0.031250 0.041667
0 0.203797 0.753664 0.031250 0.041667