0 0.316559 0.099818 0.031250 0.041667
0 0.445056 0.208209 0.031250 0.041667
0 0.462101 0.213454 0.031250 0.041667
0 0.319182 0.192475 0.031250 0.041667
0 0.294269 0.209958 0.031250 0.041667
0 0.237888 0.222196 0.031250 0.041667
0 0.270668 0.411007 0.031250 0.041667
0 0.260178 0.496671 0.031250 0.041667
0 0.391297 0.507161 0.031250 0.041667
0 0.408342 0.528140 0.031250 0.041667
0 0.505370 0.529888 0.031250 0.041667
0 0.563063 0.526391 0.031250 0.041667
0 0.586664 0.500168 0.031250 0.041667
0 0.560440 0.463454 0.031250 0.041667
0 0.100213 0.655762 0.031250 0.041667
0 0.039898 0.937230 0.031250 0.041667
0 0.243133 0.800867 0.031250 0.041667
0 0.286402 0.755412 0.031250 0.041667
0 0.340161 0.785133 0.031250 0.041667
0 0.410965 0.799119 0.031250 0.041667
0 0.421454 0.737930 0.031250 0.041667
0 0.493570 0.729189 0.031250 0.041667
0 0.635178 0.099818 0.031250 0.041667
0 0.539461 0.211706 0.031250 0.041667
0 0.751874 0.230937 0.031250 0.041667
0 0.770231 0.297370 0.031250 0.041667
0 0.818745 0.295622 0.031250 0.041667
0 0.872503 0.316601 0.031250 0.041667