0 0.008014 0.489470 0.031250 0.041667
0 0.052372 0.512614 0.031250 0.041667
0 0.110232 0.411038 0.031250 0.041667
0 0.189306 0.367323 0.031250 0.041667
0 0.261630 0.377609 0.031250 0.041667
0 0.393742 0.506185 0.031250 0.041667
0 0.408207 0.530614 0.031250 0.041667
0 0.458351 0.571758 0.031250 0.041667
0 0.500781 0.529328 0.031250 0.041667
0 0.684966 0.772337 0.031250 0.041667
0 0.963655 0.936914 0.031250 0.041667
0 0.981977 0.804481 0.031250 0.041667
0 0.966548 0.741479 0.031250 0.041667
0 0.897117 0.754336 0.031250 0.041667
0 0.810328 0.754336 0.031250 0.041667
0 0.748612 0.754336 0.031250 0.041667
0 0.320453 0.767194 0.031250 0.041667
0 0.296345 0.778766 0.031250 0.041667
0 0.372527 0.789052 0.031250 0.041667
0 0.548997 0.470183 0.031250 0.041667
0 0.733182 0.443182 0.031250 0.041667
0 0.688824 0.192459 0.031250 0.041667
0 0.320453 0.202745 0.031250 0.041667
0 0.308882 0.173173 0.031250 0.041667
0 0.347454 0.170601 0.031250 0.041667
0 0.403385 0.178316 0.031250 0.041667
0 0.446779 0.204031 0.031250 0.041667
0 0.207628 0.206603 0.031250 0.041667
0 0.178698 0.216889 0.031250 0.041667
0 0.207628 0.144886 0.031250 0.041667
0 0.284774 0.097313 0.031250 0.041667
0 0.301167 0.103742 0.031250 0.041667
0 0.337811 0.096027 0.031250 0.041667
0 0.225950 0.035596 0.031250 0.041667
0 0.216307 0.038168 0.031250 0.041667
0 0.565391 0.129457 0.031250 0.041667
0 0.452565 0.642475 0.031250 0.041667