0 0.224988 0.042047 0.031250 0.041667
0 0.256734 0.094957 0.031250 0.041667
0 0.234908 0.113476 0.031250 0.041667
0 0.203162 0.139931 0.031250 0.041667
0 0.314273 0.097603 0.031250 0.041667
0 0.359908 0.081729 0.031250 0.041667
0 0.441257 0.195486 0.031250 0.041667
0 0.453162 0.203423 0.031250 0.041667
0 0.211099 0.460036 0.031250 0.041667
0 0.399591 0.507655 0.031250 0.041667
0 0.407527 0.518237 0.031250 0.041667
0 0.502765 0.526174 0.031250 0.041667
0 0.578162 0.520883 0.031250 0.041667
0 0.592051 0.499719 0.031250 0.041667
0 0.538480 0.465327 0.031250 0.041667
0 0.526575 0.198132 0.031250 0.041667
0 0.554353 0.192841 0.031250 0.041667
0 0.613876 0.116121 0.031250 0.041667
0 0.623797 0.113476 0.031250 0.041667
0 0.629750 0.184904 0.031250 0.041667
0 0.677369 0.147867 0.031250 0.041667
0 0.806337 0.253687 0.031250 0.041667
0 0.764670 0.253687 0.031250 0.041667
0 0.730940 0.261624 0.031250 0.041667
0 0.657527 0.322470 0.031250 0.041667
0 0.744829 0.436227 0.031250 0.041667
0 0.447210 0.732523 0.031250 0.041667
0 0.461099 0.581729 0.031250 0.041667
0 0.411496 0.753687 0.031250 0.041667
0 0.371813 0.793370 0.031250 0.041667
0 0.340067 0.811888 0.031250 0.041667
0 0.328162 0.777497 0.031250 0.041667
0 0.292448 0.782788 0.031250 0.041667