0 0.422007 0.210013 0.031250 0.041667
0 0.451547 0.210013 0.031250 0.041667
0 0.407236 0.210013 0.031250 0.041667
0 0.374414 0.203449 0.031250 0.041667
0 0.323538 0.214390 0.031250 0.041667
0 0.305486 0.085287 0.031250 0.041667
0 0.369490 0.039335 0.031250 0.041667
0 0.395748 0.039335 0.031250 0.041667
0 0.376055 0.080910 0.031250 0.041667
0 0.380978 0.056840 0.031250 0.041667
0 0.262816 0.091851 0.031250 0.041667
0 0.226711 0.039335 0.031250 0.041667
0 0.208659 0.094039 0.031250 0.041667
0 0.231635 0.089663 0.031250 0.041667
0 0.216864 0.146556 0.031250 0.041667
0 0.195530 0.238460 0.031250 0.041667
0 0.261175 0.245024 0.031250 0.041667
0 0.256252 0.371939 0.031250 0.041667
0 0.295639 0.385068 0.031250 0.041667
0 0.251328 0.317234 0.031250 0.041667
0 0.394107 0.511983 0.031250 0.041667
0 0.407236 0.527300 0.031250 0.041667
0 0.440059 0.630145 0.031250 0.041667
0 0.508987 0.525112 0.031250 0.041667
0 0.548374 0.461654 0.031250 0.041667
0 0.669818 0.234083 0.031250 0.041667
0 0.548374 0.212201 0.031250 0.041667
0 0.566427 0.188131 0.031250 0.041667
0 0.723976 0.247212 0.031250 0.041667
0 0.814239 0.175002 0.031250 0.041667
0 0.753516 0.273471 0.031250 0.041667
0 0.799468 0.334740 0.031250 0.041667
0 0.709206 0.308481 0.031250 0.041667
0 0.674742 0.345681 0.031250 0.041667
0 0.886449 0.625768 0.031250 0.041667
0 0.863473 0.962748 0.031250 0.041667
0 0.471241 0.737366 0.031250 0.041667
0 0.436777 0.750495 0.031250 0.041667
0 0.400672 0.798635 0.031250 0.041667
0 0.305486 0.811764 0.031250 0.041667
0 0.320256 0.820517 0.031250 0.041667
0 0.193888 0.785506 0.031250 0.041667
0 0.172554 0.743930 0.031250 0.041667
0 0.088856 0.693602 0.031250 0.041667
0 0.010081 0.697978 0.031250 0.041667
0 0.074085 0.641085 0.031250 0.041667
0 0.103626 0.597322 0.031250 0.041667