0 0.224776 0.073594 0.031250 0.041667
0 0.274601 0.099818 0.031250 0.041667
0 0.287713 0.098070 0.031250 0.041667
0 0.311314 0.098070 0.031250 0.041667
0 0.336227 0.094573 0.031250 0.041667
0 0.342783 0.080587 0.031250 0.041667
0 0.359828 0.084084 0.031250 0.041667
0 0.345405 0.190727 0.031250 0.041667
0 0.372940 0.201216 0.031250 0.041667
0 0.433255 0.208209 0.031250 0.041667
0 0.448989 0.215203 0.031250 0.041667
0 0.298203 0.194223 0.031250 0.041667
0 0.201175 0.150517 0.031250 0.041667
0 0.206419 0.230937 0.031250 0.041667
0 0.261489 0.230937 0.031250 0.041667
0 0.304759 0.299119 0.031250 0.041667
0 0.245755 0.475692 0.031250 0.041667
0 0.291647 0.482685 0.031250 0.041667
0 0.265423 0.762405 0.031250 0.041667
0 0.304759 0.776391 0.031250 0.041667
0 0.350650 0.776391 0.031250 0.041667
0 0.353273 0.928489 0.031250 0.041667
0 0.460790 0.538629 0.031250 0.041667
0 0.521105 0.540377 0.031250 0.041667
0 0.547328 0.461706 0.031250 0.041667
0 0.750563 0.154014 0.031250 0.041667
0 0.766297 0.122545 0.031250 0.041667
0 0.926262 0.473944 0.031250 0.041667