0 0.125525 0.876127 0.031250 0.041667
0 0.196366 0.836428 0.031250 0.041667
0 0.249755 0.921302 0.031250 0.041667
0 0.317516 0.789885 0.031250 0.041667
0 0.385278 0.498304 0.031250 0.041667
0 0.406839 0.514731 0.031250 0.041667
0 0.444826 0.520207 0.031250 0.041667
0 0.480761 0.516100 0.031250 0.041667
0 0.511562 0.533896 0.031250 0.041667
0 0.547496 0.520207 0.031250 0.041667
0 0.563923 0.491459 0.031250 0.041667
0 0.540309 0.462712 0.031250 0.041667
0 0.631685 0.648886 0.031250 0.041667
0 0.651192 0.301179 0.031250 0.041667
0 0.748728 0.303916 0.031250 0.041667
0 0.553656 0.198509 0.031250 0.041667
0 0.559816 0.119111 0.031250 0.041667
0 0.633738 0.068461 0.031250 0.041667
0 0.375011 0.198509 0.031250 0.041667
0 0.293902 0.394265 0.031250 0.041667
0 0.216900 0.384683 0.031250 0.041667
0 0.203553 0.214936 0.031250 0.041667
0 0.235381 0.199878 0.031250 0.041667
0 0.243594 0.184820 0.031250 0.041667
0 0.239488 0.161548 0.031250 0.041667
0 0.231274 0.131432 0.031250 0.041667
0 0.280555 0.243684 0.031250 0.041667
0 0.292876 0.187558 0.031250 0.041667
0 0.285689 0.145121 0.031250 0.041667
0 0.266182 0.106791 0.031250 0.041667
0 0.296982 0.090364 0.031250 0.041667
0 0.329837 0.123218 0.031250 0.041667