0 0.208386 0.073594 0.031250 0.041667
0 0.231988 0.066601 0.031250 0.041667
0 0.315904 0.085832 0.031250 0.041667
0 0.284435 0.105063 0.031250 0.041667
0 0.212320 0.145272 0.031250 0.041667
0 0.361795 0.045622 0.031250 0.041667
0 0.283124 0.281636 0.031250 0.041667
0 0.203141 0.276391 0.031250 0.041667
0 0.182162 0.363804 0.031250 0.041667
0 0.205764 0.402265 0.031250 0.041667
0 0.222809 0.409258 0.031250 0.041667
0 0.386708 0.365552 0.031250 0.041667
0 0.317215 0.379538 0.031250 0.041667
0 0.448334 0.208209 0.031250 0.041667
0 0.391953 0.503664 0.031250 0.041667
0 0.394575 0.533384 0.031250 0.041667
0 0.162495 0.543874 0.031250 0.041667
0 0.102180 0.566601 0.031250 0.041667
0 0.306725 0.746671 0.031250 0.041667
0 0.364418 0.764154 0.031250 0.041667
0 0.395886 0.758909 0.031250 0.041667
0 0.439155 0.781636 0.031250 0.041667
0 0.449645 0.702965 0.031250 0.041667
0 0.568963 0.521147 0.031250 0.041667
0 0.570274 0.489678 0.031250 0.041667
0 0.546673 0.468699 0.031250 0.041667
0 0.683036 0.753664 0.031250 0.041667
0 0.755152 0.468699 0.031250 0.041667
0 0.857425 0.486182 0.031250 0.041667
0 0.815467 0.323594 0.031250 0.041667
0 0.760397 0.288629 0.031250 0.041667
0 0.711883 0.246671 0.031250 0.041667