0 0.371813 0.047338 0.031250 0.041667
0 0.395623 0.047338 0.031250 0.041667
0 0.312289 0.092312 0.031250 0.041667
0 0.207130 0.192841 0.031250 0.041667
0 0.187289 0.235169 0.031250 0.041667
0 0.278559 0.303952 0.031250 0.041667
0 0.447210 0.203423 0.031250 0.041667
0 0.532527 0.203423 0.031250 0.041667
0 0.550384 0.113476 0.031250 0.041667
0 0.599988 0.105539 0.031250 0.041667
0 0.836099 0.174322 0.031250 0.041667
0 0.905543 0.848925 0.031250 0.041667
0 0.808321 0.856862 0.031250 0.041667
0 0.548400 0.467973 0.031250 0.041667
0 0.572210 0.483846 0.031250 0.041667
0 0.564273 0.515592 0.031250 0.041667
0 0.187289 0.370089 0.031250 0.041667
0 0.094035 0.449454 0.031250 0.041667
0 0.407527 0.462682 0.031250 0.041667
0 0.399591 0.497073 0.031250 0.041667
0 0.401575 0.528819 0.031250 0.041667
0 0.427369 0.729878 0.031250 0.041667
0 0.409511 0.732523 0.031250 0.041667
0 0.375781 0.801306 0.031250 0.041667
0 0.349988 0.803952 0.031250 0.041667
0 0.256734 0.761624 0.031250 0.041667
0 0.270623 0.803952 0.031250 0.041667