0 0.187289 0.076438 0.031250 0.041667
0 0.207130 0.087021 0.031250 0.041667
0 0.264670 0.089666 0.031250 0.041667
0 0.310305 0.087021 0.031250 0.041667
0 0.330146 0.216650 0.031250 0.041667
0 0.336099 0.256333 0.031250 0.041667
0 0.443242 0.221941 0.031250 0.041667
0 0.459115 0.211359 0.031250 0.041667
0 0.236892 0.206068 0.031250 0.041667
0 0.199194 0.415063 0.031250 0.041667
0 0.159511 0.438872 0.031250 0.041667
0 0.286496 0.772206 0.031250 0.041667
0 0.346019 0.777497 0.031250 0.041667
0 0.403559 0.796015 0.031250 0.041667
0 0.445226 0.743105 0.031250 0.041667
0 0.478956 0.708714 0.031250 0.041667
0 0.498797 0.735169 0.031250 0.041667
0 0.673400 0.878026 0.031250 0.041667
0 0.754750 0.695486 0.031250 0.041667
0 0.814273 0.674322 0.031250 0.041667
0 0.496813 0.528819 0.031250 0.041667
0 0.397607 0.502364 0.031250 0.041667
0 0.409511 0.526174 0.031250 0.041667
0 0.566257 0.526174 0.031250 0.041667
0 0.584115 0.491782 0.031250 0.041667
0 0.538480 0.470618 0.031250 0.041667
0 0.732924 0.335698 0.031250 0.041667
0 0.774591 0.338343 0.031250 0.041667
0 0.810305 0.203423 0.031250 0.041667
0 0.840067 0.166386 0.031250 0.041667
0 0.683321 0.145222 0.031250 0.041667
0 0.653559 0.113476 0.031250 0.041667
0 0.637686 0.108185 0.031250 0.041667
0 0.617845 0.076438 0.031250 0.041667
0 0.588083 0.076438 0.031250 0.041667
0 0.546416 0.216650 0.031250 0.041667