0 0.205016 0.105778 0.031250 0.041667
0 0.256929 0.105778 0.031250 0.041667
0 0.311574 0.093027 0.031250 0.041667
0 0.203650 0.236925 0.031250 0.041667
0 0.228240 0.267890 0.031250 0.041667
0 0.278787 0.264247 0.031250 0.041667
0 0.317038 0.242390 0.031250 0.041667
0 0.327967 0.238747 0.031250 0.041667
0 0.344360 0.229639 0.031250 0.041667
0 0.378513 0.227818 0.031250 0.041667
0 0.405836 0.264247 0.031250 0.041667
0 0.437257 0.213246 0.031250 0.041667
0 0.450918 0.209603 0.031250 0.041667
0 0.236437 0.337107 0.031250 0.041667
0 0.174962 0.333464 0.031250 0.041667
0 0.116218 0.475541 0.031250 0.041667
0 0.162666 0.535650 0.031250 0.041667
0 0.162666 0.573901 0.031250 0.041667
0 0.261027 0.570258 0.031250 0.041667
0 0.393541 0.504685 0.031250 0.041667
0 0.407202 0.530186 0.031250 0.041667
0 0.229606 0.663155 0.031250 0.041667
0 0.311574 0.754229 0.031250 0.041667
0 0.370317 0.785195 0.031250 0.041667
0 0.389442 0.754229 0.031250 0.041667
0 0.455016 0.703227 0.031250 0.041667
0 0.448186 0.810696 0.031250 0.041667
0 0.553377 0.519257 0.031250 0.041667
0 0.572503 0.484648 0.031250 0.041667
0 0.547912 0.462790 0.031250 0.041667
0 0.647639 0.586652 0.031250 0.041667
0 0.679060 0.225996 0.031250 0.041667
0 0.698186 0.216889 0.031250 0.041667
0 0.781519 0.238747 0.031250 0.041667
0 0.841628 0.400860 0.031250 0.041667
0 0.763759 0.417253 0.031250 0.041667
0 0.792448 0.497399 0.031250 0.041667
0 0.729606 0.603045 0.031250 0.041667
0 0.773322 0.608510 0.031250 0.041667
0 0.883978 0.845304 0.031250 0.041667
0 0.953650 0.819803 0.031250 0.041667
0 0.840262 0.970987 0.031250 0.041667