0 0.691233 0.303916 0.031250 0.041667
0 0.717927 0.353198 0.031250 0.041667
0 0.673779 0.269693 0.031250 0.041667
0 0.694313 0.249159 0.031250 0.041667
0 0.770288 0.214936 0.031250 0.041667
0 0.731274 0.161548 0.031250 0.041667
0 0.752835 0.147859 0.031250 0.041667
0 0.810330 0.257373 0.031250 0.041667
0 0.839077 0.292965 0.031250 0.041667
0 0.825730 0.351829 0.031250 0.041667
0 0.858584 0.483246 0.031250 0.041667
0 0.901705 0.494197 0.031250 0.041667
0 0.517722 0.584546 0.031250 0.041667
0 0.503348 0.542109 0.031250 0.041667
0 0.453040 0.532527 0.031250 0.041667
0 0.547496 0.472294 0.031250 0.041667
0 0.466387 0.637934 0.031250 0.041667
0 0.649139 0.774827 0.031250 0.041667
0 0.280555 0.774827 0.031250 0.041667
0 0.250781 0.469556 0.031250 0.041667
0 0.190206 0.466819 0.031250 0.041667
0 0.194313 0.250528 0.031250 0.041667
0 0.206633 0.147859 0.031250 0.041667
0 0.198420 0.120480 0.031250 0.041667
0 0.276449 0.095840 0.031250 0.041667
0 0.286716 0.088995 0.031250 0.041667
0 0.407865 0.309392 0.031250 0.041667
0 0.418132 0.232732 0.031250 0.041667
0 0.444826 0.213567 0.031250 0.041667
0 0.450987 0.199878 0.031250 0.041667
0 0.400679 0.136908 0.031250 0.041667
0 0.550576 0.193033 0.031250 0.041667
0 0.211767 0.047927 0.031250 0.041667