0 0.092670 0.440809 0.031250 0.041667
0 0.255915 0.377838 0.031250 0.041667
0 0.186100 0.689953 0.031250 0.041667
0 0.367824 0.491459 0.031250 0.041667
0 0.384251 0.477770 0.031250 0.041667
0 0.449960 0.524313 0.031250 0.041667
0 0.508481 0.529789 0.031250 0.041667
0 0.549549 0.472294 0.031250 0.041667
0 0.497188 0.587284 0.031250 0.041667
0 0.480761 0.622876 0.031250 0.041667
0 0.915052 0.750186 0.031250 0.041667
0 0.942773 0.787147 0.031250 0.041667
0 0.711767 0.428489 0.031250 0.041667
0 0.784662 0.450391 0.031250 0.041667
0 0.805196 0.457236 0.031250 0.041667
0 0.806223 0.416168 0.031250 0.041667
0 0.727167 0.182082 0.031250 0.041667
0 0.783635 0.161548 0.031250 0.041667
0 0.560843 0.187558 0.031250 0.041667
0 0.455093 0.202616 0.031250 0.041667
0 0.442773 0.223150 0.031250 0.041667
0 0.354477 0.190296 0.031250 0.041667
0 0.273369 0.221781 0.031250 0.041667
0 0.264128 0.249159 0.031250 0.041667
0 0.228194 0.247790 0.031250 0.041667
0 0.214847 0.146490 0.031250 0.041667
0 0.192260 0.146490 0.031250 0.041667
0 0.199447 0.054772 0.031250 0.041667
0 0.184046 0.049296 0.031250 0.041667
0 0.271315 0.097209 0.031250 0.041667
0 0.294929 0.094471 0.031250 0.041667