0 0.206419 0.066601 0.031250 0.041667
0 0.316559 0.101566 0.031250 0.041667
0 0.344094 0.071846 0.031250 0.041667
0 0.349339 0.084084 0.031250 0.041667
0 0.441122 0.204713 0.031250 0.041667
0 0.454234 0.218699 0.031250 0.041667
0 0.395231 0.505412 0.031250 0.041667
0 0.401786 0.519398 0.031250 0.041667
0 0.459479 0.542126 0.031250 0.041667
0 0.521105 0.543874 0.031250 0.041667
0 0.574863 0.522895 0.031250 0.041667
0 0.590598 0.503664 0.031250 0.041667
0 0.544706 0.473944 0.031250 0.041667
0 0.723028 0.264154 0.031250 0.041667
0 0.776786 0.257161 0.031250 0.041667
0 0.717783 0.379538 0.031250 0.041667
0 0.779409 0.391776 0.031250 0.041667
0 0.847591 0.384783 0.031250 0.041667
0 0.914461 0.438979 0.031250 0.041667
0 0.801699 0.557860 0.031250 0.041667
0 0.685003 0.638279 0.031250 0.041667
0 0.905283 0.870797 0.031250 0.041667
0 0.969531 0.928489 0.031250 0.041667
0 0.146105 0.757161 0.031250 0.041667
0 0.202486 0.755412 0.031250 0.041667