0 0.218973 0.770933 0.031250 0.041667
0 0.016028 0.627926 0.031250 0.041667
0 0.031801 0.504547 0.031250 0.041667
0 0.579646 0.950393 0.031250 0.041667
0 0.717395 0.944785 0.031250 0.041667
0 0.794157 0.946187 0.031250 0.041667
0 0.194788 0.299850 0.031250 0.041667
0 0.241055 0.295644 0.031250 0.041667
0 0.242106 0.250779 0.031250 0.041667
0 0.222127 0.219934 0.031250 0.041667
0 0.210560 0.114782 0.031250 0.041667
0 0.189530 0.081133 0.031250 0.041667
0 0.258931 0.106369 0.031250 0.041667
0 0.291528 0.106369 0.031250 0.041667
0 0.291528 0.089545 0.031250 0.041667
0 0.384062 0.508753 0.031250 0.041667
0 0.405093 0.524175 0.031250 0.041667
0 0.439793 0.517165 0.031250 0.041667
0 0.507090 0.529783 0.031250 0.041667
0 0.541791 0.521371 0.031250 0.041667
0 0.560718 0.498939 0.031250 0.041667
0 0.537585 0.462486 0.031250 0.041667
0 0.441896 0.305458 0.031250 0.041667
0 0.430329 0.277417 0.031250 0.041667
0 0.418762 0.259191 0.031250 0.041667
0 0.367238 0.232552 0.031250 0.041667
0 0.335692 0.252181 0.031250 0.041667
0 0.296785 0.259191 0.031250 0.041667
0 0.385114 0.239563 0.031250 0.041667
0 0.457669 0.197502 0.031250 0.041667
0 0.690056 0.147028 0.031250 0.041667
0 0.725808 0.147028 0.031250 0.041667
0 0.561770 0.191893 0.031250 0.041667
0 0.202148 0.053092 0.031250 0.041667