0 0.372772 0.503230 0.031250 0.041667
0 0.377696 0.542617 0.031250 0.041667
0 0.512269 0.536053 0.031250 0.041667
0 0.546733 0.470407 0.031250 0.041667
0 0.449906 0.643274 0.031250 0.041667
0 0.512269 0.619204 0.031250 0.041667
0 0.461394 0.732989 0.031250 0.041667
0 0.422007 0.746118 0.031250 0.041667
0 0.369490 0.800823 0.031250 0.041667
0 0.295639 0.803011 0.031250 0.041667
0 0.262816 0.844587 0.031250 0.041667
0 0.220147 0.820517 0.031250 0.041667
0 0.697718 0.901479 0.031250 0.041667
0 0.765004 0.883974 0.031250 0.041667
0 0.123320 0.625768 0.031250 0.041667
0 0.075727 0.652026 0.031250 0.041667
0 0.128243 0.562311 0.031250 0.041667
0 0.226711 0.288788 0.031250 0.041667
0 0.303845 0.271282 0.031250 0.041667
0 0.318615 0.332552 0.031250 0.041667
0 0.361285 0.319422 0.031250 0.041667
0 0.440059 0.210013 0.031250 0.041667
0 0.449906 0.210013 0.031250 0.041667
0 0.554939 0.216578 0.031250 0.041667
0 0.623867 0.196884 0.031250 0.041667
0 0.676383 0.192508 0.031250 0.041667
0 0.712488 0.192508 0.031250 0.041667
0 0.362926 0.148744 0.031250 0.041667
0 0.316974 0.139991 0.031250 0.041667
0 0.312050 0.102792 0.031250 0.041667
0 0.202094 0.085287 0.031250 0.041667
0 0.220147 0.085287 0.031250 0.041667
0 0.367849 0.048088 0.031250 0.041667
0 0.400672 0.059029 0.031250 0.041667