0 0.260021 0.800836 0.031250 0.041667
0 0.213820 0.650255 0.031250 0.041667
0 0.174806 0.587284 0.031250 0.041667
0 0.133738 0.550323 0.031250 0.041667
0 0.168646 0.397003 0.031250 0.041667
0 0.215874 0.253266 0.031250 0.041667
0 0.239488 0.254635 0.031250 0.041667
0 0.261048 0.212198 0.031250 0.041667
0 0.296982 0.214936 0.031250 0.041667
0 0.296982 0.246422 0.031250 0.041667
0 0.367824 0.279276 0.031250 0.041667
0 0.439693 0.214936 0.031250 0.041667
0 0.455093 0.199878 0.031250 0.041667
0 0.293902 0.091733 0.031250 0.041667
0 0.282609 0.093102 0.031250 0.041667
0 0.287742 0.130063 0.031250 0.041667
0 0.281582 0.108160 0.031250 0.041667
0 0.252835 0.139645 0.031250 0.041667
0 0.247701 0.108160 0.031250 0.041667
0 0.579323 0.245053 0.031250 0.041667
0 0.550576 0.172500 0.031250 0.041667
0 0.555709 0.119111 0.031250 0.041667
0 0.641952 0.139645 0.031250 0.041667
0 0.650165 0.182082 0.031250 0.041667
0 0.691233 0.136908 0.031250 0.041667
0 0.730247 0.136908 0.031250 0.041667
0 0.739488 0.130063 0.031250 0.041667
0 0.800063 0.592760 0.031250 0.041667
0 0.865771 0.590022 0.031250 0.041667
0 0.838050 0.780302 0.031250 0.041667
0 0.845237 0.892554 0.031250 0.041667
0 0.750781 0.748817 0.031250 0.041667
0 0.539282 0.650255 0.031250 0.041667
0 0.506428 0.663944 0.031250 0.041667
0 0.554683 0.606449 0.031250 0.041667
0 0.467414 0.524313 0.031250 0.041667
0 0.518748 0.533896 0.031250 0.041667
0 0.564950 0.527051 0.031250 0.041667
0 0.571110 0.496935 0.031250 0.041667
0 0.549549 0.475032 0.031250 0.041667
0 0.376038 0.186189 0.031250 0.041667