0 0.674283 0.769531 0.031250 0.041667
0 0.797311 0.860663 0.031250 0.041667
0 0.866712 0.852251 0.031250 0.041667
0 0.917185 0.838231 0.031250 0.041667
0 0.739477 0.721862 0.031250 0.041667
0 0.793105 0.636338 0.031250 0.041667
0 0.552306 0.525577 0.031250 0.041667
0 0.559667 0.500341 0.031250 0.041667
0 0.542842 0.482114 0.031250 0.041667
0 0.500781 0.528381 0.031250 0.041667
0 0.411402 0.535391 0.031250 0.041667
0 0.399835 0.511557 0.031250 0.041667
0 0.416659 0.493330 0.031250 0.041667
0 0.481854 0.653162 0.031250 0.041667
0 0.411402 0.751305 0.031250 0.041667
0 0.374598 0.825612 0.031250 0.041667
0 0.284167 0.786355 0.031250 0.041667
0 0.160087 0.455476 0.031250 0.041667
0 0.277858 0.100761 0.031250 0.041667
0 0.289425 0.096555 0.031250 0.041667
0 0.279961 0.117586 0.031250 0.041667
0 0.267343 0.071319 0.031250 0.041667
0 0.210560 0.071319 0.031250 0.041667
0 0.676386 0.085339 0.031250 0.041667
0 0.581749 0.155441 0.031250 0.041667
0 0.452411 0.198904 0.031250 0.041667
0 0.192685 0.043278 0.031250 0.041667