0 0.197241 0.131286 0.031250 0.041667
0 0.231332 0.087580 0.031250 0.041667
0 0.247066 0.082335 0.031250 0.041667
0 0.237888 0.106811 0.031250 0.041667
0 0.271979 0.094573 0.031250 0.041667
0 0.282468 0.096321 0.031250 0.041667
0 0.308692 0.091077 0.031250 0.041667
0 0.344094 0.089328 0.031250 0.041667
0 0.345405 0.075342 0.031250 0.041667
0 0.354584 0.089328 0.031250 0.041667
0 0.346717 0.150517 0.031250 0.041667
0 0.317870 0.154014 0.031250 0.041667
0 0.260178 0.190727 0.031250 0.041667
0 0.247066 0.199468 0.031250 0.041667
0 0.216909 0.253664 0.031250 0.041667
0 0.270668 0.195972 0.031250 0.041667
0 0.316559 0.195972 0.031250 0.041667
0 0.351961 0.218699 0.031250 0.041667
0 0.383430 0.208209 0.031250 0.041667
0 0.437189 0.202965 0.031250 0.041667
0 0.451612 0.206461 0.031250 0.041667
0 0.300825 0.201216 0.031250 0.041667
0 0.113325 0.381286 0.031250 0.041667
0 0.195930 0.388279 0.031250 0.041667
0 0.254933 0.390028 0.031250 0.041667
0 0.286402 0.407510 0.031250 0.041667
0 0.283780 0.431986 0.031250 0.041667
0 0.222154 0.435482 0.031250 0.041667
0 0.223465 0.720447 0.031250 0.041667
0 0.257556 0.757161 0.031250 0.041667
0 0.303447 0.771147 0.031250 0.041667
0 0.460790 0.536881 0.031250 0.041667
0 0.519793 0.547370 0.031250 0.041667
0 0.547328 0.477440 0.031250 0.041667
0 0.577486 0.657510 0.031250 0.041667
0 0.614199 0.619049 0.031250 0.041667
0 0.747940 0.430237 0.031250 0.041667
0 0.826612 0.442475 0.031250 0.041667
0 0.892171 0.265902 0.031250 0.041667
0 0.806944 0.220447 0.031250 0.041667
0 0.800388 0.173244 0.031250 0.041667
0 0.747940 0.227440 0.031250 0.041667
0 0.705982 0.159258 0.031250 0.041667
0 0.598465 0.185482 0.031250 0.041667
0 0.568307 0.154014 0.031250 0.041667
0 0.612888 0.178489 0.031250 0.041667
0 0.646979 0.162755 0.031250 0.041667
0 0.711227 0.094573 0.031250 0.041667