0 0.252631 0.112035 0.031250 0.041667
0 0.271659 0.097236 0.031250 0.041667
0 0.285929 0.095122 0.031250 0.041667
0 0.293857 0.088780 0.031250 0.041667
0 0.338255 0.090894 0.031250 0.041667
0 0.346183 0.076095 0.031250 0.041667
0 0.330327 0.209287 0.031250 0.041667
0 0.365210 0.194488 0.031250 0.041667
0 0.455591 0.194488 0.031250 0.041667
0 0.569756 0.109921 0.031250 0.041667
0 0.683921 0.188145 0.031250 0.041667
0 0.642695 0.268484 0.031250 0.041667
0 0.707705 0.285397 0.031250 0.041667
0 0.837726 0.240999 0.031250 0.041667
0 0.872610 0.240999 0.031250 0.041667
0 0.068699 0.484128 0.031250 0.041667
0 0.162251 0.498928 0.031250 0.041667
0 0.238361 0.513727 0.031250 0.041667
0 0.322399 0.513727 0.031250 0.041667
0 0.178107 0.758970 0.031250 0.041667
0 0.555485 0.473558 0.031250 0.041667