0 0.031801 0.606895 0.031250 0.041667
0 0.105408 0.512959 0.031250 0.041667
0 0.084377 0.392384 0.031250 0.041667
0 0.121181 0.388178 0.031250 0.041667
0 0.209509 0.512959 0.031250 0.041667
0 0.187427 0.336303 0.031250 0.041667
0 0.243158 0.327891 0.031250 0.041667
0 0.395629 0.510155 0.031250 0.041667
0 0.417711 0.538196 0.031250 0.041667
0 0.418762 0.482114 0.031250 0.041667
0 0.460823 0.702233 0.031250 0.041667
0 0.467132 0.685409 0.031250 0.041667
0 0.513400 0.535391 0.031250 0.041667
0 0.545997 0.524175 0.031250 0.041667
0 0.561770 0.498939 0.031250 0.041667
0 0.549151 0.475104 0.031250 0.041667
0 0.738426 0.477908 0.031250 0.041667
0 0.801517 0.559226 0.031250 0.041667
0 0.864609 0.580257 0.031250 0.041667
0 0.921391 0.705037 0.031250 0.041667
0 0.795208 0.780747 0.031250 0.041667
0 0.699519 0.773737 0.031250 0.041667
0 0.718447 0.287232 0.031250 0.041667
0 0.674283 0.305458 0.031250 0.041667
0 0.695313 0.179275 0.031250 0.041667
0 0.674283 0.111978 0.031250 0.041667
0 0.687953 0.107771 0.031250 0.041667
0 0.838321 0.182079 0.031250 0.041667
0 0.380907 0.224140 0.031250 0.041667
0 0.451360 0.215728 0.031250 0.041667
0 0.293631 0.179275 0.031250 0.041667
0 0.269446 0.194697 0.031250 0.041667
0 0.211612 0.124596 0.031250 0.041667
0 0.225282 0.089545 0.031250 0.041667
0 0.214767 0.065710 0.031250 0.041667
0 0.275755 0.100761 0.031250 0.041667
0 0.283116 0.089545 0.031250 0.041667
0 0.309404 0.104967 0.031250 0.041667
0 0.319919 0.114782 0.031250 0.041667
0 0.337795 0.127400 0.031250 0.041667
0 0.359877 0.093751 0.031250 0.041667
0 0.377753 0.079731 0.031250 0.041667
0 0.383010 0.041876 0.031250 0.041667
0 0.409299 0.043278 0.031250 0.041667