0 0.182864 0.067638 0.031250 0.041667
0 0.192377 0.141634 0.031250 0.041667
0 0.239946 0.095122 0.031250 0.041667
0 0.268487 0.093008 0.031250 0.041667
0 0.281172 0.093008 0.031250 0.041667
0 0.293857 0.093008 0.031250 0.041667
0 0.335084 0.090894 0.031250 0.041667
0 0.347769 0.080323 0.031250 0.041667
0 0.376310 0.063410 0.031250 0.041667
0 0.236775 0.156433 0.031250 0.041667
0 0.266902 0.158547 0.031250 0.041667
0 0.319227 0.156433 0.031250 0.041667
0 0.331912 0.183917 0.031250 0.041667
0 0.279587 0.181803 0.031250 0.041667
0 0.274830 0.219858 0.031250 0.041667
0 0.198720 0.228314 0.031250 0.041667
0 0.219333 0.287511 0.031250 0.041667
0 0.182864 0.217744 0.031250 0.041667
0 0.285929 0.274826 0.031250 0.041667
0 0.311299 0.213515 0.031250 0.041667
0 0.323984 0.238885 0.031250 0.041667
0 0.431807 0.224086 0.031250 0.041667
0 0.447663 0.205059 0.031250 0.041667
0 0.457177 0.196602 0.031250 0.041667
0 0.446077 0.226200 0.031250 0.041667
0 0.653794 0.238885 0.031250 0.041667
0 0.634766 0.308653 0.031250 0.041667
0 0.683921 0.317109 0.031250 0.041667
0 0.891637 0.274826 0.031250 0.041667
0 0.861511 0.456644 0.031250 0.041667
0 0.813942 0.471443 0.031250 0.041667
0 0.790158 0.594065 0.031250 0.041667
0 0.726733 0.591951 0.031250 0.041667
0 0.545972 0.467215 0.031250 0.041667
0 0.528530 0.539097 0.031250 0.041667
0 0.455591 0.543325 0.031250 0.041667
0 0.400094 0.511612 0.031250 0.041667
0 0.390580 0.488357 0.031250 0.041667
0 0.271659 0.431274 0.031250 0.041667
0 0.255802 0.482014 0.031250 0.041667
0 0.171764 0.712458 0.031250 0.041667
0 0.206648 0.723029 0.031250 0.041667