0 0.236892 0.116121 0.031250 0.041667
0 0.264670 0.108185 0.031250 0.041667
0 0.308321 0.097603 0.031250 0.041667
0 0.189273 0.227232 0.031250 0.041667
0 0.207130 0.208714 0.031250 0.041667
0 0.300384 0.221941 0.031250 0.041667
0 0.290464 0.245751 0.031250 0.041667
0 0.318242 0.243105 0.031250 0.041667
0 0.284511 0.277497 0.031250 0.041667
0 0.377765 0.229878 0.031250 0.041667
0 0.403559 0.229878 0.031250 0.041667
0 0.441257 0.206068 0.031250 0.041667
0 0.459115 0.206068 0.031250 0.041667
0 0.363876 0.325116 0.031250 0.041667
0 0.219035 0.330407 0.031250 0.041667
0 0.149591 0.354216 0.031250 0.041667
0 0.076178 0.425645 0.031250 0.041667
0 0.101972 0.446809 0.031250 0.041667
0 0.113876 0.460036 0.031250 0.041667
0 0.177369 0.467973 0.031250 0.041667
0 0.224988 0.404481 0.031250 0.041667
0 0.314273 0.433581 0.031250 0.041667
0 0.391654 0.502364 0.031250 0.041667
0 0.409511 0.526174 0.031250 0.041667
0 0.217051 0.600248 0.031250 0.041667
0 0.228956 0.679613 0.031250 0.041667
0 0.292448 0.806597 0.031250 0.041667
0 0.318242 0.766915 0.031250 0.041667
0 0.336099 0.809243 0.031250 0.041667
0 0.379750 0.790724 0.031250 0.041667
0 0.395623 0.743105 0.031250 0.041667
0 0.441257 0.748396 0.031250 0.041667
0 0.566257 0.536756 0.031250 0.041667
0 0.578162 0.497073 0.031250 0.041667
0 0.544432 0.467973 0.031250 0.041667
0 0.552369 0.206068 0.031250 0.041667
0 0.540464 0.079084 0.031250 0.041667
0 0.693242 0.116121 0.031250 0.041667
0 0.707130 0.216650 0.031250 0.041667
0 0.721019 0.240460 0.031250 0.041667
0 0.764670 0.256333 0.031250 0.041667
0 0.812289 0.600248 0.031250 0.041667
0 0.764670 0.600248 0.031250 0.041667