0 0.275755 0.072721 0.031250 0.041667
0 0.254724 0.071319 0.031250 0.041667
0 0.256828 0.145626 0.031250 0.041667
0 0.235797 0.149832 0.031250 0.041667
0 0.204251 0.151234 0.031250 0.041667
0 0.176912 0.113380 0.031250 0.041667
0 0.183221 0.053092 0.031250 0.041667
0 0.195839 0.267603 0.031250 0.041667
0 0.257879 0.269005 0.031250 0.041667
0 0.194788 0.254985 0.031250 0.041667
0 0.325177 0.256387 0.031250 0.041667
0 0.357774 0.256387 0.031250 0.041667
0 0.374598 0.180677 0.031250 0.041667
0 0.399835 0.182079 0.031250 0.041667
0 0.449257 0.196100 0.031250 0.041667
0 0.365135 0.130204 0.031250 0.041667
0 0.764714 0.196100 0.031250 0.041667
0 0.543894 0.479310 0.031250 0.041667
0 0.561770 0.503145 0.031250 0.041667
0 0.549151 0.519969 0.031250 0.041667
0 0.507090 0.533989 0.031250 0.041667
0 0.437690 0.521371 0.031250 0.041667
0 0.401938 0.529783 0.031250 0.041667
0 0.393526 0.508753 0.031250 0.041667
0 0.421917 0.780747 0.031250 0.041667
0 0.356722 0.810190 0.031250 0.041667
0 0.356722 0.783551 0.031250 0.041667
0 0.065450 0.874683 0.031250 0.041667
0 0.005513 0.877488 0.031250 0.041667
0 0.844630 0.915342 0.031250 0.041667
0 0.928752 0.936373 0.031250 0.041667
0 0.278910 0.097957 0.031250 0.041667
0 0.558615 0.196100 0.031250 0.041667