0 0.228352 0.164061 0.031250 0.041667
0 0.262816 0.255965 0.031250 0.041667
0 0.359643 0.148744 0.031250 0.041667
0 0.364567 0.205637 0.031250 0.041667
0 0.312050 0.089663 0.031250 0.041667
0 0.449906 0.207825 0.031250 0.041667
0 0.464676 0.220954 0.031250 0.041667
0 0.546733 0.214390 0.031250 0.041667
0 0.600891 0.139991 0.031250 0.041667
0 0.651766 0.161873 0.031250 0.041667
0 0.779775 0.194696 0.031250 0.041667
0 0.612379 0.492289 0.031250 0.041667
0 0.691153 0.525112 0.031250 0.041667
0 0.556580 0.474783 0.031250 0.041667
0 0.502422 0.540429 0.031250 0.041667
0 0.417083 0.522924 0.031250 0.041667
0 0.394107 0.501042 0.031250 0.041667
0 0.463035 0.693602 0.031250 0.041667
0 0.449906 0.706731 0.031250 0.041667
0 0.440059 0.741742 0.031250 0.041667
0 0.400672 0.811764 0.031250 0.041667
0 0.343232 0.792070 0.031250 0.041667
0 0.295639 0.783317 0.031250 0.041667
0 0.064239 0.658591 0.031250 0.041667
0 0.005158 0.689225 0.031250 0.041667
0 0.039622 0.619204 0.031250 0.041667
0 0.126602 0.584193 0.031250 0.041667
0 0.126602 0.627956 0.031250 0.041667
0 0.138090 0.490101 0.031250 0.041667
0 0.100344 0.424455 0.031250 0.041667
0 0.147937 0.391632 0.031250 0.041667
0 0.272663 0.509794 0.031250 0.041667
0 0.297280 0.544805 0.031250 0.041667
0 0.243123 0.645462 0.031250 0.041667
0 0.380978 0.805199 0.031250 0.041667