0 0.151933 0.450498 0.031250 0.041667
0 0.204716 0.485047 0.031250 0.041667
0 0.338113 0.074298 0.031250 0.041667
0 0.312202 0.081976 0.031250 0.041667
0 0.364985 0.088374 0.031250 0.041667
0 0.325637 0.129321 0.031250 0.041667
0 0.295887 0.115245 0.031250 0.041667
0 0.287250 0.094772 0.031250 0.041667
0 0.266136 0.099890 0.031250 0.041667
0 0.256539 0.092212 0.031250 0.041667
0 0.233507 0.089653 0.031250 0.041667
0 0.234466 0.073019 0.031250 0.041667
0 0.205676 0.085815 0.031250 0.041667
0 0.250781 0.227849 0.031250 0.041667
0 0.320839 0.254720 0.031250 0.041667
0 0.332355 0.281592 0.031250 0.041667
0 0.361146 0.272635 0.031250 0.041667
0 0.391856 0.244484 0.031250 0.041667
0 0.446559 0.216333 0.031250 0.041667
0 0.434083 0.534951 0.031250 0.041667
0 0.405292 0.525994 0.031250 0.041667
0 0.392816 0.511918 0.031250 0.041667
0 0.411050 0.491445 0.031250 0.041667
0 0.511818 0.536230 0.031250 0.041667
0 0.545407 0.523435 0.031250 0.041667
0 0.557883 0.494004 0.031250 0.041667
0 0.532931 0.458175 0.031250 0.041667
0 0.108747 0.771675 0.031250 0.041667
0 0.087633 0.784471 0.031250 0.041667
0 0.017576 0.723051 0.031250 0.041667
0 0.466712 0.708975 0.031250 0.041667
0 0.838113 0.661630 0.031250 0.041667
0 0.682643 0.412110 0.031250 0.041667
0 0.755580 0.343012 0.031250 0.041667
0 0.731587 0.194580 0.031250 0.041667
0 0.721990 0.152353 0.031250 0.041667
0 0.721990 0.133159 0.031250 0.041667
0 0.300685 0.090933 0.031250 0.041667