0 0.203477 0.105693 0.031250 0.041667
0 0.241532 0.105693 0.031250 0.041667
0 0.270073 0.101464 0.031250 0.041667
0 0.279587 0.101464 0.031250 0.041667
0 0.285929 0.097236 0.031250 0.041667
0 0.333498 0.090894 0.031250 0.041667
0 0.342718 0.080393 0.031250 0.041667
0 0.352525 0.154319 0.031250 0.041667
0 0.363625 0.198716 0.031250 0.041667
0 0.323984 0.213515 0.031250 0.041667
0 0.217747 0.188145 0.031250 0.041667
0 0.239946 0.221972 0.031250 0.041667
0 0.442906 0.213515 0.031250 0.041667
0 0.457177 0.194488 0.031250 0.041667
0 0.171764 0.329794 0.031250 0.041667
0 0.092483 0.427046 0.031250 0.041667
0 0.098826 0.517955 0.031250 0.041667
0 0.163836 0.729371 0.031250 0.041667
0 0.206648 0.723029 0.031250 0.041667
0 0.374724 0.816052 0.031250 0.041667
0 0.392166 0.482014 0.031250 0.041667
0 0.392166 0.505270 0.031250 0.041667
0 0.463519 0.532754 0.031250 0.041667
0 0.514259 0.539097 0.031250 0.041667
0 0.495232 0.689202 0.031250 0.041667
0 0.544386 0.467215 0.031250 0.041667
0 0.739418 0.401676 0.031250 0.041667
0 0.834555 0.439731 0.031250 0.041667
0 0.888466 0.439731 0.031250 0.041667
0 0.894809 0.272712 0.031250 0.041667
0 0.745760 0.177574 0.031250 0.041667
0 0.747346 0.143748 0.031250 0.041667
0 0.649037 0.177574 0.031250 0.041667
0 0.622081 0.175460 0.031250 0.041667