0 0.318242 0.089666 0.031250 0.041667
0 0.371813 0.087021 0.031250 0.041667
0 0.254750 0.161095 0.031250 0.041667
0 0.280543 0.161095 0.031250 0.041667
0 0.326178 0.258978 0.031250 0.041667
0 0.209115 0.370089 0.031250 0.041667
0 0.447210 0.206068 0.031250 0.041667
0 0.455146 0.224587 0.031250 0.041667
0 0.463083 0.214005 0.031250 0.041667
0 0.536496 0.203423 0.031250 0.041667
0 0.659511 0.161095 0.031250 0.041667
0 0.726972 0.100248 0.031250 0.041667
0 0.750781 0.108185 0.031250 0.041667
0 0.738876 0.184904 0.031250 0.041667
0 0.840067 0.422999 0.031250 0.041667
0 0.796416 0.422999 0.031250 0.041667
0 0.544432 0.473264 0.031250 0.041667
0 0.582130 0.497073 0.031250 0.041667
0 0.568242 0.520883 0.031250 0.041667
0 0.504750 0.528819 0.031250 0.041667
0 0.391654 0.510301 0.031250 0.041667
0 0.411496 0.534110 0.031250 0.041667
0 0.242845 0.645222 0.031250 0.041667
0 0.294432 0.806597 0.031250 0.041667
0 0.318242 0.758978 0.031250 0.041667
0 0.340067 0.798661 0.031250 0.041667
0 0.385702 0.785433 0.031250 0.041667
0 0.413480 0.735169 0.031250 0.041667
0 0.439273 0.732523 0.031250 0.041667