0 0.185440 0.052615 0.031250 0.041667
0 0.245755 0.052615 0.031250 0.041667
0 0.257556 0.043874 0.031250 0.041667
0 0.285091 0.042126 0.031250 0.041667
0 0.358517 0.050867 0.031250 0.041667
0 0.342783 0.078839 0.031250 0.041667
0 0.334916 0.089328 0.031250 0.041667
0 0.275912 0.094573 0.031250 0.041667
0 0.291647 0.094573 0.031250 0.041667
0 0.304759 0.092825 0.031250 0.041667
0 0.325738 0.157510 0.031250 0.041667
0 0.324426 0.169748 0.031250 0.041667
0 0.268045 0.223944 0.031250 0.041667
0 0.157905 0.358559 0.031250 0.041667
0 0.199863 0.342825 0.031250 0.041667
0 0.438500 0.206461 0.031250 0.041667
0 0.446367 0.211706 0.031250 0.041667
0 0.462101 0.547370 0.031250 0.041667
0 0.528972 0.547370 0.031250 0.041667
0 0.547328 0.470447 0.031250 0.041667
0 0.268045 0.753664 0.031250 0.041667
0 0.304759 0.778140 0.031250 0.041667
0 0.608954 0.652265 0.031250 0.041667
0 0.813500 0.827091 0.031250 0.041667
0 0.898727 0.804363 0.031250 0.041667
0 0.956419 0.923244 0.031250 0.041667
0 0.898727 0.753664 0.031250 0.041667
0 0.919706 0.769398 0.031250 0.041667
0 0.890860 0.673244 0.031250 0.041667
0 0.844968 0.701216 0.031250 0.041667
0 0.783342 0.496671 0.031250 0.041667
0 0.821367 0.468699 0.031250 0.041667
0 0.644356 0.169748 0.031250 0.041667
0 0.736140 0.152265 0.031250 0.041667
0 0.778098 0.140028 0.031250 0.041667
0 0.789898 0.204713 0.031250 0.041667
0 0.762363 0.213454 0.031250 0.041667