0 0.194964 0.084899 0.031250 0.041667
0 0.190247 0.137310 0.031250 0.041667
0 0.221693 0.124731 0.031250 0.041667
0 0.273580 0.089092 0.031250 0.041667
0 0.283014 0.093285 0.031250 0.041667
0 0.248423 0.139406 0.031250 0.041667
0 0.347479 0.076513 0.031250 0.041667
0 0.369492 0.072320 0.031250 0.041667
0 0.610058 0.070224 0.031250 0.041667
0 0.638360 0.137310 0.031250 0.041667
0 0.738989 0.200203 0.031250 0.041667
0 0.768863 0.237939 0.031250 0.041667
0 0.822322 0.223264 0.031250 0.041667
0 0.888360 0.284061 0.031250 0.041667
0 0.877354 0.281964 0.031250 0.041667
0 0.858486 0.474836 0.031250 0.041667
0 0.803454 0.474836 0.031250 0.041667
0 0.751567 0.445486 0.031250 0.041667
0 0.707542 0.393075 0.031250 0.041667
0 0.635215 0.393075 0.031250 0.041667
0 0.300310 0.177142 0.031250 0.041667
0 0.323894 0.179239 0.031250 0.041667
0 0.237416 0.193914 0.031250 0.041667
0 0.295593 0.237939 0.031250 0.041667
0 0.220121 0.294543 0.031250 0.041667
0 0.281442 0.323893 0.031250 0.041667
0 0.339618 0.319700 0.031250 0.041667
0 0.353769 0.307121 0.031250 0.041667
0 0.424523 0.311314 0.031250 0.041667
0 0.383643 0.437100 0.031250 0.041667
0 0.298737 0.472740 0.031250 0.041667
0 0.322322 0.502090 0.031250 0.041667
0 0.369492 0.523054 0.031250 0.041667
0 0.044020 0.539826 0.031250 0.041667
0 0.080184 0.539826 0.031250 0.041667
0 0.122637 0.594333 0.031250 0.041667
0 0.058171 0.600622 0.031250 0.041667
0 0.033014 0.808170 0.031250 0.041667
0 0.103769 0.789302 0.031250 0.041667
0 0.363203 0.797687 0.031250 0.041667
0 0.550310 0.470643 0.031250 0.041667