0 0.312626 0.096321 0.031250 0.041667
0 0.274601 0.084084 0.031250 0.041667
0 0.197241 0.096321 0.031250 0.041667
0 0.198552 0.154014 0.031250 0.041667
0 0.218220 0.136531 0.031250 0.041667
0 0.443745 0.206461 0.031250 0.041667
0 0.462101 0.208209 0.031250 0.041667
0 0.544706 0.209958 0.031250 0.041667
0 0.812189 0.370797 0.031250 0.041667
0 0.892171 0.383035 0.031250 0.041667
0 0.770231 0.459958 0.031250 0.041667
0 0.852835 0.701216 0.031250 0.041667
0 0.936752 0.669748 0.031250 0.041667
0 0.699426 0.975692 0.031250 0.041667
0 0.639112 0.736182 0.031250 0.041667
0 0.593220 0.629538 0.031250 0.041667
0 0.551262 0.459958 0.031250 0.041667
0 0.585353 0.486182 0.031250 0.041667
0 0.563063 0.517650 0.031250 0.041667
0 0.507993 0.542126 0.031250 0.041667
0 0.397853 0.498419 0.031250 0.041667
0 0.409654 0.521147 0.031250 0.041667
0 0.171017 0.344573 0.031250 0.041667
0 0.143482 0.704713 0.031250 0.041667
0 0.241821 0.737930 0.031250 0.041667
0 0.252311 0.788629 0.031250 0.041667
0 0.349339 0.776391 0.031250 0.041667
0 0.422766 0.790377 0.031250 0.041667
0 0.407031 0.755412 0.031250 0.041667
0 0.492259 0.732685 0.031250 0.041667