0 0.313692 0.133427 0.031250 0.041667
0 0.376055 0.131239 0.031250 0.041667
0 0.310409 0.096228 0.031250 0.041667
0 0.443341 0.212201 0.031250 0.041667
0 0.459753 0.212201 0.031250 0.041667
0 0.548374 0.220954 0.031250 0.041667
0 0.615661 0.258153 0.031250 0.041667
0 0.697718 0.299729 0.031250 0.041667
0 0.755158 0.290976 0.031250 0.041667
0 0.543451 0.468219 0.031250 0.041667
0 0.510628 0.527300 0.031250 0.041667
0 0.400672 0.529488 0.031250 0.041667
0 0.359643 0.516359 0.031250 0.041667
0 0.448265 0.641085 0.031250 0.041667
0 0.441700 0.730801 0.031250 0.041667
0 0.418724 0.741742 0.031250 0.041667
0 0.382619 0.785506 0.031250 0.041667
0 0.323538 0.778941 0.031250 0.041667
0 0.251328 0.903667 0.031250 0.041667
0 0.185683 0.897103 0.031250 0.041667
0 0.220147 0.787694 0.031250 0.041667
0 0.010081 0.689225 0.031250 0.041667
0 0.085573 0.634521 0.031250 0.041667
0 0.133166 0.584193 0.031250 0.041667