0 0.198094 0.126468 0.031250 0.041667
0 0.182735 0.099165 0.031250 0.041667
0 0.273605 0.092339 0.031250 0.041667
0 0.287684 0.094045 0.031250 0.041667
0 0.300483 0.092339 0.031250 0.041667
0 0.360636 0.088926 0.031250 0.041667
0 0.297923 0.138414 0.031250 0.041667
0 0.276165 0.146946 0.031250 0.041667
0 0.210892 0.208380 0.031250 0.041667
0 0.022752 0.448994 0.031250 0.041667
0 0.089305 0.478004 0.031250 0.041667
0 0.231370 0.402919 0.031250 0.041667
0 0.223691 0.493362 0.031250 0.041667
0 0.328640 0.464352 0.031250 0.041667
0 0.406711 0.460939 0.031250 0.041667
0 0.544937 0.469472 0.031250 0.041667
0 0.569254 0.527492 0.031250 0.041667
0 0.518059 0.518960 0.031250 0.041667
0 0.213452 0.771519 0.031250 0.041667
0 0.516780 0.945581 0.031250 0.041667
0 0.605090 0.902919 0.031250 0.041667
0 0.620448 0.657185 0.031250 0.041667
0 0.830346 0.675956 0.031250 0.041667
0 0.880261 0.624762 0.031250 0.041667
0 0.908418 0.626468 0.031250 0.041667
0 0.885380 0.291997 0.031250 0.041667
0 0.818827 0.254455 0.031250 0.041667
0 0.838025 0.244216 0.031250 0.041667
0 0.876421 0.247629 0.031250 0.041667