0 0.188674 0.114249 0.031250 0.041667
0 0.215404 0.110056 0.031250 0.041667
0 0.248423 0.097478 0.031250 0.041667
0 0.275152 0.089092 0.031250 0.041667
0 0.287731 0.093285 0.031250 0.041667
0 0.353769 0.082803 0.031250 0.041667
0 0.378926 0.089092 0.031250 0.041667
0 0.240561 0.214878 0.031250 0.041667
0 0.278297 0.210685 0.031250 0.041667
0 0.624209 0.242132 0.031250 0.041667
0 0.727983 0.110056 0.031250 0.041667
0 0.754712 0.120539 0.031250 0.041667
0 0.809744 0.175046 0.031250 0.041667
0 0.841190 0.263096 0.031250 0.041667
0 0.548737 0.468547 0.031250 0.041667
0 0.391505 0.497897 0.031250 0.041667
0 0.444964 0.646744 0.031250 0.041667
0 0.150938 0.789302 0.031250 0.041667
0 0.092762 0.581754 0.031250 0.041667