0 0.441700 0.205637 0.031250 0.041667
0 0.453188 0.205637 0.031250 0.041667
0 0.308768 0.091851 0.031250 0.041667
0 0.285792 0.148744 0.031250 0.041667
0 0.303845 0.148744 0.031250 0.041667
0 0.356361 0.201260 0.031250 0.041667
0 0.267740 0.240648 0.031250 0.041667
0 0.239840 0.260341 0.031250 0.041667
0 0.236558 0.378503 0.031250 0.041667
0 0.394107 0.503230 0.031250 0.041667
0 0.407236 0.533864 0.031250 0.041667
0 0.513910 0.531676 0.031250 0.041667
0 0.548374 0.468219 0.031250 0.041667
0 0.446624 0.634521 0.031250 0.041667
0 0.459753 0.739554 0.031250 0.041667
0 0.405595 0.768000 0.031250 0.041667
0 0.397390 0.809576 0.031250 0.041667
0 0.338309 0.781129 0.031250 0.041667
0 0.328462 0.835834 0.031250 0.041667
0 0.157783 0.794258 0.031250 0.041667
0 0.152860 0.739554 0.031250 0.041667
0 0.070803 0.632333 0.031250 0.041667
0 0.008440 0.711107 0.031250 0.041667
0 0.115114 0.606074 0.031250 0.041667
0 0.215223 0.586381 0.031250 0.041667
0 0.848702 0.982442 0.031250 0.041667
0 0.743670 0.304105 0.031250 0.041667
0 0.769928 0.358810 0.031250 0.041667
0 0.797827 0.306293 0.031250 0.041667
0 0.766646 0.220954 0.031250 0.041667
0 0.773210 0.231895 0.031250 0.041667
0 0.748593 0.155309 0.031250 0.041667
0 0.692794 0.131239 0.031250 0.041667
0 0.651766 0.135615 0.031250 0.041667
0 0.546733 0.212201 0.031250 0.041667
0 0.558221 0.194696 0.031250 0.041667