0 0.180851 0.075342 0.031250 0.041667
0 0.196585 0.098070 0.031250 0.041667
0 0.214942 0.077091 0.031250 0.041667
0 0.234610 0.075342 0.031250 0.041667
0 0.310659 0.087580 0.031250 0.041667
0 0.289680 0.162755 0.031250 0.041667
0 0.321148 0.161007 0.031250 0.041667
0 0.441778 0.208209 0.031250 0.041667
0 0.452267 0.208209 0.031250 0.041667
0 0.676481 0.208209 0.031250 0.041667
0 0.718439 0.180237 0.031250 0.041667
0 0.726306 0.187230 0.031250 0.041667
0 0.553229 0.468699 0.031250 0.041667
0 0.580764 0.486182 0.031250 0.041667
0 0.559785 0.517650 0.031250 0.041667
0 0.398509 0.535133 0.031250 0.041667
0 0.390641 0.500168 0.031250 0.041667
0 0.144138 0.706461 0.031250 0.041667
0 0.313281 0.762405 0.031250 0.041667
0 0.347372 0.765902 0.031250 0.041667
0 0.395886 0.765902 0.031250 0.041667
0 0.441778 0.785133 0.031250 0.041667
0 0.500781 0.678489 0.031250 0.041667
0 0.662057 0.930237 0.031250 0.041667
0 0.740729 0.966951 0.031250 0.041667
0 0.576830 0.668000 0.031250 0.041667
0 0.721061 0.606811 0.031250 0.041667
0 0.843002 0.687230 0.031250 0.041667
0 0.924295 0.690727 0.031250 0.041667
0 0.978054 0.842825 0.031250 0.041667