0 0.201891 0.090894 0.031250 0.041667
0 0.273244 0.090894 0.031250 0.041667
0 0.285929 0.093008 0.031250 0.041667
0 0.298614 0.090894 0.031250 0.041667
0 0.335084 0.086665 0.031250 0.041667
0 0.354111 0.086665 0.031250 0.041667
0 0.365210 0.038040 0.031250 0.041667
0 0.412779 0.194488 0.031250 0.041667
0 0.461933 0.192374 0.031250 0.041667
0 0.335084 0.342479 0.031250 0.041667
0 0.136881 0.393219 0.031250 0.041667
0 0.200306 0.570809 0.031250 0.041667
0 0.244703 0.556010 0.031250 0.041667
0 0.125781 0.528526 0.031250 0.041667
0 0.141637 0.634234 0.031250 0.041667
0 0.170179 0.676517 0.031250 0.041667
0 0.006859 0.606750 0.031250 0.041667
0 0.040158 0.627892 0.031250 0.041667
0 0.190792 0.746285 0.031250 0.041667
0 0.278001 0.750513 0.031250 0.041667
0 0.737832 0.167004 0.031250 0.041667
0 0.745760 0.167004 0.031250 0.041667
0 0.771130 0.164889 0.031250 0.041667
0 0.815528 0.160661 0.031250 0.041667
0 0.553900 0.469329 0.031250 0.041667