0 0.220164 0.366037 0.031250 0.041667
0 0.392777 0.501042 0.031250 0.041667
0 0.409171 0.534471 0.031250 0.041667
0 0.440993 0.589759 0.031250 0.041667
0 0.440029 0.642475 0.031250 0.041667
0 0.364812 0.795481 0.031250 0.041667
0 0.302131 0.773623 0.031250 0.041667
0 0.291524 0.746622 0.031250 0.041667
0 0.773684 0.768480 0.031250 0.041667
0 0.932797 0.619332 0.031250 0.041667
0 0.782363 0.654047 0.031250 0.041667
0 0.727396 0.638618 0.031250 0.041667
0 0.706181 0.542186 0.031250 0.041667
0 0.857580 0.405895 0.031250 0.041667
0 0.793935 0.449611 0.031250 0.041667
0 0.781398 0.502327 0.031250 0.041667
0 0.793935 0.556329 0.031250 0.041667
0 0.734147 0.387895 0.031250 0.041667
0 0.658930 0.394324 0.031250 0.041667
0 0.792006 0.192459 0.031250 0.041667
0 0.601071 0.528043 0.031250 0.041667
0 0.507531 0.533186 0.031250 0.041667
0 0.545140 0.470183 0.031250 0.041667
0 0.338775 0.250318 0.031250 0.041667
0 0.337811 0.211746 0.031250 0.041667
0 0.382170 0.228461 0.031250 0.041667
0 0.443886 0.207888 0.031250 0.041667
0 0.333954 0.124314 0.031250 0.041667
0 0.286702 0.098599 0.031250 0.041667
0 0.270309 0.102456 0.031250 0.041667
0 0.224021 0.108885 0.031250 0.041667
0 0.210521 0.094741 0.031250 0.041667
0 0.186413 0.098599 0.031250 0.041667
0 0.195092 0.150029 0.031250 0.041667
0 0.308882 0.096027 0.031250 0.041667
0 0.344561 0.101170 0.031250 0.041667