0 0.188478 0.390982 0.031250 0.041667
0 0.240003 0.383972 0.031250 0.041667
0 0.237900 0.420425 0.031250 0.041667
0 0.187427 0.545206 0.031250 0.041667
0 0.238952 0.539598 0.031250 0.041667
0 0.390371 0.510155 0.031250 0.041667
0 0.408247 0.524175 0.031250 0.041667
0 0.449257 0.521371 0.031250 0.041667
0 0.518657 0.542402 0.031250 0.041667
0 0.551254 0.524175 0.031250 0.041667
0 0.560718 0.503145 0.031250 0.041667
0 0.548100 0.476506 0.031250 0.041667
0 0.655355 0.346117 0.031250 0.041667
0 0.702674 0.341911 0.031250 0.041667
0 0.810981 0.172265 0.031250 0.041667
0 0.307301 0.765325 0.031250 0.041667
0 0.266291 0.236758 0.031250 0.041667
0 0.287322 0.205914 0.031250 0.041667
0 0.333589 0.212924 0.031250 0.041667
0 0.368289 0.200306 0.031250 0.041667
0 0.436638 0.205914 0.031250 0.041667
0 0.450308 0.190491 0.031250 0.041667
0 0.390371 0.191893 0.031250 0.041667
0 0.578594 0.228346 0.031250 0.041667
0 0.285219 0.093751 0.031250 0.041667
0 0.294682 0.085339 0.031250 0.041667
0 0.272600 0.068515 0.031250 0.041667
0 0.253673 0.051690 0.031250 0.041667
0 0.246312 0.092349 0.031250 0.041667
0 0.203200 0.090947 0.031250 0.041667
0 0.098047 0.416219 0.031250 0.041667