0 0.182162 0.066601 0.031250 0.041667
0 0.212320 0.063105 0.031250 0.041667
0 0.221498 0.143524 0.031250 0.041667
0 0.238543 0.162755 0.031250 0.041667
0 0.315904 0.197720 0.031250 0.041667
0 0.339505 0.267650 0.031250 0.041667
0 0.279190 0.272895 0.031250 0.041667
0 0.015641 0.452965 0.031250 0.041667
0 0.110047 0.510657 0.031250 0.041667
0 0.148071 0.508909 0.031250 0.041667
0 0.209697 0.580587 0.031250 0.041667
0 0.275257 0.764154 0.031250 0.041667
0 0.304103 0.813105 0.031250 0.041667
0 0.355239 0.778140 0.031250 0.041667
0 0.426043 0.800867 0.031250 0.041667
0 0.415554 0.743175 0.031250 0.041667
0 0.464068 0.743175 0.031250 0.041667
0 0.391953 0.501916 0.031250 0.041667
0 0.412932 0.533384 0.031250 0.041667
0 0.562407 0.524643 0.031250 0.041667
0 0.587320 0.496671 0.031250 0.041667
0 0.541428 0.470447 0.031250 0.041667
0 0.576830 0.648769 0.031250 0.041667
0 0.520449 0.883035 0.031250 0.041667
0 0.648946 0.891776 0.031250 0.041667
0 0.915117 0.538629 0.031250 0.041667
0 0.911183 0.503664 0.031250 0.041667
0 0.652879 0.244923 0.031250 0.041667
0 0.621411 0.169748 0.031250 0.041667
0 0.310659 0.073594 0.031250 0.041667
0 0.443089 0.215203 0.031250 0.041667