0 0.060192 0.563432 0.031250 0.041667
0 0.194788 0.334901 0.031250 0.041667
0 0.144314 0.322282 0.031250 0.041667
0 0.312558 0.297046 0.031250 0.041667
0 0.270497 0.218532 0.031250 0.041667
0 0.284167 0.218532 0.031250 0.041667
0 0.338846 0.190491 0.031250 0.041667
0 0.389320 0.211522 0.031250 0.041667
0 0.452411 0.207316 0.031250 0.041667
0 0.390371 0.357333 0.031250 0.041667
0 0.404041 0.529783 0.031250 0.041667
0 0.396680 0.512959 0.031250 0.041667
0 0.417711 0.477908 0.031250 0.041667
0 0.506039 0.533989 0.031250 0.041667
0 0.545997 0.522773 0.031250 0.041667
0 0.563873 0.489124 0.031250 0.041667
0 0.550203 0.466692 0.031250 0.041667
0 0.486060 0.664379 0.031250 0.041667
0 0.468184 0.643348 0.031250 0.041667
0 0.979225 0.763923 0.031250 0.041667
0 0.915082 0.519969 0.031250 0.041667
0 0.780487 0.291438 0.031250 0.041667
0 0.748941 0.283026 0.031250 0.041667
0 0.734220 0.284428 0.031250 0.041667
0 0.679540 0.308262 0.031250 0.041667
0 0.602779 0.057298 0.031250 0.041667
0 0.286270 0.109173 0.031250 0.041667
0 0.282064 0.090947 0.031250 0.041667
0 0.290476 0.081133 0.031250 0.041667
0 0.215818 0.071319 0.031250 0.041667