0 0.125525 0.364149 0.031250 0.041667
0 0.207660 0.286120 0.031250 0.041667
0 0.254888 0.287489 0.031250 0.041667
0 0.209713 0.213567 0.031250 0.041667
0 0.227167 0.195771 0.031250 0.041667
0 0.296982 0.262849 0.031250 0.041667
0 0.317516 0.269693 0.031250 0.041667
0 0.372958 0.253266 0.031250 0.041667
0 0.417106 0.249159 0.031250 0.041667
0 0.441746 0.217674 0.031250 0.041667
0 0.454067 0.199878 0.031250 0.041667
0 0.373985 0.494197 0.031250 0.041667
0 0.383225 0.479139 0.031250 0.041667
0 0.295956 0.513362 0.031250 0.041667
0 0.450987 0.527051 0.031250 0.041667
0 0.501295 0.538003 0.031250 0.041667
0 0.498215 0.583177 0.031250 0.041667
0 0.480761 0.618769 0.031250 0.041667
0 0.224087 0.793992 0.031250 0.041667
0 0.755915 0.955525 0.031250 0.041667
0 0.899652 0.810419 0.031250 0.041667
0 0.868851 0.674895 0.031250 0.041667
0 0.953040 0.631090 0.031250 0.041667
0 0.821623 0.394265 0.031250 0.041667
0 0.548523 0.175237 0.031250 0.041667
0 0.301089 0.147859 0.031250 0.041667
0 0.273369 0.105422 0.031250 0.041667
0 0.290822 0.091733 0.031250 0.041667
0 0.258995 0.115005 0.031250 0.041667
0 0.235381 0.115005 0.031250 0.041667
0 0.378091 0.054772 0.031250 0.041667
0 0.339077 0.058879 0.031250 0.041667