0 0.068605 0.496135 0.031250 0.041667
0 0.089635 0.456878 0.031250 0.041667
0 0.128542 0.461084 0.031250 0.041667
0 0.234745 0.542402 0.031250 0.041667
0 0.216870 0.552216 0.031250 0.041667
0 0.283116 0.470898 0.031250 0.041667
0 0.311507 0.424631 0.031250 0.041667
0 0.379856 0.510155 0.031250 0.041667
0 0.400886 0.535391 0.031250 0.041667
0 0.123284 0.719058 0.031250 0.041667
0 0.009719 0.717656 0.031250 0.041667
0 0.306249 0.752707 0.031250 0.041667
0 0.441896 0.521371 0.031250 0.041667
0 0.504987 0.538196 0.031250 0.041667
0 0.539688 0.519969 0.031250 0.041667
0 0.555461 0.500341 0.031250 0.041667
0 0.537585 0.479310 0.031250 0.041667
0 0.651149 0.330695 0.031250 0.041667
0 0.715292 0.329293 0.031250 0.041667
0 0.779435 0.337705 0.031250 0.041667
0 0.865660 0.761119 0.031250 0.041667
0 0.550203 0.200306 0.031250 0.041667
0 0.453463 0.200306 0.031250 0.041667
0 0.270497 0.224140 0.031250 0.041667
0 0.208457 0.169461 0.031250 0.041667
0 0.203200 0.065710 0.031250 0.041667
0 0.284167 0.102163 0.031250 0.041667
0 0.298889 0.096555 0.031250 0.041667
0 0.327280 0.107771 0.031250 0.041667
0 0.349362 0.085339 0.031250 0.041667
0 0.255776 0.475104 0.031250 0.041667
0 0.247364 0.500341 0.031250 0.041667