0 0.411496 0.452100 0.031250 0.041667
0 0.385702 0.499719 0.031250 0.041667
0 0.419432 0.544692 0.031250 0.041667
0 0.228956 0.076438 0.031250 0.041667
0 0.312289 0.087021 0.031250 0.041667
0 0.270623 0.124058 0.031250 0.041667
0 0.224988 0.113476 0.031250 0.041667
0 0.189273 0.102894 0.031250 0.041667
0 0.240861 0.198132 0.031250 0.041667
0 0.288480 0.153158 0.031250 0.041667
0 0.361892 0.208714 0.031250 0.041667
0 0.425384 0.237814 0.031250 0.041667
0 0.443242 0.211359 0.031250 0.041667
0 0.328162 0.237814 0.031250 0.041667
0 0.318242 0.258978 0.031250 0.041667
0 0.276575 0.266915 0.031250 0.041667
0 0.211099 0.322470 0.031250 0.041667
0 0.338083 0.356862 0.031250 0.041667
0 0.230940 0.743105 0.031250 0.041667
0 0.292448 0.798661 0.031250 0.041667
0 0.336099 0.764269 0.031250 0.041667
0 0.359908 0.788079 0.031250 0.041667
0 0.389670 0.793370 0.031250 0.041667
0 0.411496 0.737814 0.031250 0.041667
0 0.435305 0.740460 0.031250 0.041667
0 0.516654 0.536756 0.031250 0.041667
0 0.566257 0.536756 0.031250 0.041667
0 0.599988 0.518237 0.031250 0.041667
0 0.542448 0.467973 0.031250 0.041667
0 0.516654 0.198132 0.031250 0.041667
0 0.655543 0.131994 0.031250 0.041667
0 0.681337 0.134640 0.031250 0.041667
0 0.721019 0.118767 0.031250 0.041667
0 0.768638 0.248396 0.031250 0.041667
0 0.802369 0.375380 0.031250 0.041667
0 0.859908 0.380671 0.031250 0.041667
0 0.905543 0.362153 0.031250 0.041667