0 0.018131 0.559226 0.031250 0.041667
0 0.007616 0.585865 0.031250 0.041667
0 0.091738 0.444259 0.031250 0.041667
0 0.166396 0.438651 0.031250 0.041667
0 0.225282 0.719058 0.031250 0.041667
0 0.331486 0.768129 0.031250 0.041667
0 0.387217 0.828416 0.031250 0.041667
0 0.438741 0.777943 0.031250 0.041667
0 0.502884 0.536794 0.031250 0.041667
0 0.552306 0.515763 0.031250 0.041667
0 0.557564 0.494733 0.031250 0.041667
0 0.539688 0.470898 0.031250 0.041667
0 0.404041 0.529783 0.031250 0.041667
0 0.394577 0.507351 0.031250 0.041667
0 0.406144 0.475104 0.031250 0.041667
0 0.371444 0.336303 0.031250 0.041667
0 0.258931 0.348921 0.031250 0.041667
0 0.241055 0.299850 0.031250 0.041667
0 0.224230 0.219934 0.031250 0.041667
0 0.419814 0.246573 0.031250 0.041667
0 0.429278 0.319478 0.031250 0.041667
0 0.431381 0.196100 0.031250 0.041667
0 0.447153 0.205914 0.031250 0.041667
0 0.598573 0.180677 0.031250 0.041667
0 0.618552 0.149832 0.031250 0.041667
0 0.645892 0.148430 0.031250 0.041667
0 0.574388 0.261995 0.031250 0.041667
0 0.603831 0.270407 0.031250 0.041667
0 0.620655 0.260593 0.031250 0.041667
0 0.646943 0.278819 0.031250 0.041667
0 0.738426 0.257789 0.031250 0.041667
0 0.746838 0.231150 0.031250 0.041667
0 0.781538 0.236758 0.031250 0.041667
0 0.762611 0.318076 0.031250 0.041667
0 0.792054 0.189089 0.031250 0.041667
0 0.763662 0.141420 0.031250 0.041667
0 0.317816 0.111978 0.031250 0.041667
0 0.298889 0.106369 0.031250 0.041667
0 0.282064 0.102163 0.031250 0.041667
0 0.273652 0.041876 0.031250 0.041667
0 0.291528 0.036268 0.031250 0.041667
0 0.286270 0.092349 0.031250 0.041667
0 0.261034 0.114782 0.031250 0.041667
0 0.231591 0.086741 0.031250 0.041667