0 0.320226 0.094957 0.031250 0.041667
0 0.217051 0.145222 0.031250 0.041667
0 0.256734 0.155804 0.031250 0.041667
0 0.197210 0.227232 0.031250 0.041667
0 0.447210 0.211359 0.031250 0.041667
0 0.546416 0.208714 0.031250 0.041667
0 0.782527 0.251042 0.031250 0.041667
0 0.667448 0.362153 0.031250 0.041667
0 0.677369 0.422999 0.031250 0.041667
0 0.695226 0.483846 0.031250 0.041667
0 0.766654 0.481200 0.031250 0.041667
0 0.816257 0.695486 0.031250 0.041667
0 0.933321 0.687550 0.031250 0.041667
0 0.657527 0.830407 0.031250 0.041667
0 0.550384 0.475909 0.031250 0.041667
0 0.603956 0.785433 0.031250 0.041667
0 0.582130 0.486491 0.031250 0.041667
0 0.556337 0.520883 0.031250 0.041667
0 0.397607 0.510301 0.031250 0.041667
0 0.409511 0.523528 0.031250 0.041667
0 0.082130 0.473264 0.031250 0.041667
0 0.026575 0.452100 0.031250 0.041667
0 0.131734 0.460036 0.031250 0.041667
0 0.290464 0.737814 0.031250 0.041667
0 0.306337 0.785433 0.031250 0.041667
0 0.348003 0.748396 0.031250 0.041667
0 0.353956 0.790724 0.031250 0.041667
0 0.389670 0.780142 0.031250 0.041667
0 0.415464 0.743105 0.031250 0.041667
0 0.431337 0.740460 0.031250 0.041667