0 0.205676 0.299506 0.031250 0.041667
0 0.211434 0.208655 0.031250 0.041667
0 0.234466 0.204816 0.031250 0.041667
0 0.276693 0.266237 0.031250 0.041667
0 0.312202 0.287990 0.031250 0.041667
0 0.194159 0.724330 0.031250 0.041667
0 0.180724 0.732008 0.031250 0.041667
0 0.388977 0.511918 0.031250 0.041667
0 0.411050 0.523435 0.031250 0.041667
0 0.412969 0.479928 0.031250 0.041667
0 0.507979 0.532392 0.031250 0.041667
0 0.551165 0.479928 0.031250 0.041667
0 0.620263 0.632200 0.031250 0.041667
0 0.676885 0.708975 0.031250 0.041667
0 0.771894 0.673147 0.031250 0.041667
0 0.785330 0.574618 0.031250 0.041667
0 0.841952 0.606608 0.031250 0.041667
0 0.719111 0.396755 0.031250 0.041667
0 0.691280 0.406992 0.031250 0.041667
0 0.658651 0.167708 0.031250 0.041667
0 0.634658 0.163870 0.031250 0.041667
0 0.663449 0.110127 0.031250 0.041667
0 0.688401 0.131880 0.031250 0.041667
0 0.318919 0.148514 0.031250 0.041667
0 0.273814 0.168988 0.031250 0.041667
0 0.220071 0.145955 0.031250 0.041667
0 0.206635 0.110127 0.031250 0.041667
0 0.275733 0.079417 0.031250 0.041667
0 0.309323 0.090933 0.031250 0.041667
0 0.345791 0.096051 0.031250 0.041667
0 0.364985 0.102449 0.031250 0.041667
0 0.402413 0.048706 0.031250 0.041667
0 0.413929 0.039749 0.031250 0.041667
0 0.448478 0.203537 0.031250 0.041667
0 0.918728 0.982808 0.031250 0.041667