0 0.184272 0.093751 0.031250 0.041667
0 0.221076 0.104967 0.031250 0.041667
0 0.230539 0.089545 0.031250 0.041667
0 0.251570 0.093751 0.031250 0.041667
0 0.278910 0.088143 0.031250 0.041667
0 0.295734 0.090947 0.031250 0.041667
0 0.323074 0.082535 0.031250 0.041667
0 0.336743 0.144224 0.031250 0.041667
0 0.354619 0.144224 0.031250 0.041667
0 0.368289 0.176471 0.031250 0.041667
0 0.452411 0.204512 0.031250 0.041667
0 0.261034 0.152636 0.031250 0.041667
0 0.205303 0.166657 0.031250 0.041667
0 0.276806 0.232552 0.031250 0.041667
0 0.623810 0.109173 0.031250 0.041667
0 0.661665 0.124596 0.031250 0.041667
0 0.679540 0.086741 0.031250 0.041667
0 0.698468 0.113380 0.031250 0.041667
0 0.549151 0.184883 0.031250 0.041667
0 0.545997 0.470898 0.031250 0.041667
0 0.565976 0.496135 0.031250 0.041667
0 0.548100 0.515763 0.031250 0.041667
0 0.509193 0.533989 0.031250 0.041667
0 0.443999 0.526979 0.031250 0.041667
0 0.406144 0.528381 0.031250 0.041667
0 0.392474 0.508753 0.031250 0.041667
0 0.314661 0.790561 0.031250 0.041667
0 0.335692 0.818602 0.031250 0.041667
0 0.432432 0.789159 0.031250 0.041667
0 0.567027 0.869075 0.031250 0.041667
0 0.554409 0.930765 0.031250 0.041667
0 0.053883 0.713450 0.031250 0.041667