0 0.063641 0.487606 0.031250 0.041667
0 0.065561 0.436422 0.031250 0.041667
0 0.103948 0.417228 0.031250 0.041667
0 0.108747 0.524714 0.031250 0.041667
0 0.196079 0.367324 0.031250 0.041667
0 0.231587 0.372443 0.031250 0.041667
0 0.258459 0.291829 0.031250 0.041667
0 0.251741 0.270076 0.031250 0.041667
0 0.305484 0.287990 0.031250 0.041667
0 0.308363 0.349410 0.031250 0.041667
0 0.348670 0.339173 0.031250 0.041667
0 0.380340 0.326378 0.031250 0.041667
0 0.403372 0.515757 0.031250 0.041667
0 0.397614 0.496563 0.031250 0.041667
0 0.412010 0.474810 0.031250 0.041667
0 0.510858 0.540069 0.031250 0.041667
0 0.539649 0.472251 0.031250 0.041667
0 0.197038 0.717932 0.031250 0.041667
0 0.171127 0.739685 0.031250 0.041667
0 0.325637 0.211214 0.031250 0.041667
0 0.304524 0.126761 0.031250 0.041667
0 0.325637 0.126761 0.031250 0.041667
0 0.309323 0.094772 0.031250 0.041667
0 0.347710 0.097331 0.031250 0.041667
0 0.231587 0.128041 0.031250 0.041667
0 0.195119 0.128041 0.031250 0.041667
0 0.182643 0.089653 0.031250 0.041667
0 0.377461 0.042308 0.031250 0.041667
0 0.399534 0.038470 0.031250 0.041667
0 0.445599 0.206096 0.031250 0.041667
0 0.701837 0.276474 0.031250 0.041667
0 0.664409 0.108847 0.031250 0.041667
0 0.731587 0.136998 0.031250 0.041667
0 0.751741 0.198419 0.031250 0.041667
0 0.703756 0.186902 0.031250 0.041667