0 0.246201 0.398181 0.031250 0.041667
0 0.289595 0.407181 0.031250 0.041667
0 0.239450 0.762051 0.031250 0.041667
0 0.307917 0.780052 0.031250 0.041667
0 0.360955 0.803195 0.031250 0.041667
0 0.440993 0.647618 0.031250 0.041667
0 0.399528 0.525471 0.031250 0.041667
0 0.390849 0.501042 0.031250 0.041667
0 0.506567 0.526757 0.031250 0.041667
0 0.596249 0.511328 0.031250 0.041667
0 0.548033 0.466326 0.031250 0.041667
0 0.208592 0.144886 0.031250 0.041667
0 0.250058 0.133314 0.031250 0.041667
0 0.275130 0.133314 0.031250 0.041667
0 0.183520 0.040740 0.031250 0.041667
0 0.290559 0.096027 0.031250 0.041667
0 0.314667 0.096027 0.031250 0.041667
0 0.351312 0.099884 0.031250 0.041667
0 0.382170 0.175744 0.031250 0.041667
0 0.458351 0.210460 0.031250 0.041667
0 0.680145 0.279891 0.031250 0.041667
0 0.684966 0.229746 0.031250 0.041667
0 0.748612 0.255461 0.031250 0.041667
0 0.726432 0.112742 0.031250 0.041667
0 0.775612 0.133314 0.031250 0.041667
0 0.563462 0.268319 0.031250 0.041667
0 0.197020 0.036882 0.031250 0.041667