0 0.179764 0.536230 0.031250 0.041667
0 0.120263 0.504241 0.031250 0.041667
0 0.007019 0.687222 0.031250 0.041667
0 0.409131 0.531112 0.031250 0.041667
0 0.396655 0.505520 0.031250 0.041667
0 0.423526 0.470971 0.031250 0.041667
0 0.430244 0.536230 0.031250 0.041667
0 0.499342 0.536230 0.031250 0.041667
0 0.549246 0.527273 0.031250 0.041667
0 0.569399 0.494004 0.031250 0.041667
0 0.547326 0.469692 0.031250 0.041667
0 0.673046 0.501681 0.031250 0.041667
0 0.829476 0.550306 0.031250 0.041667
0 0.867864 0.868924 0.031250 0.041667
0 0.516616 0.653953 0.031250 0.041667
0 0.308363 0.304625 0.031250 0.041667
0 0.331395 0.293108 0.031250 0.041667
0 0.232547 0.258559 0.031250 0.041667
0 0.362106 0.263678 0.031250 0.041667
0 0.406251 0.261118 0.031250 0.041667
0 0.448478 0.218892 0.031250 0.041667
0 0.342912 0.133159 0.031250 0.041667
0 0.308363 0.128041 0.031250 0.041667
0 0.299726 0.090933 0.031250 0.041667
0 0.285330 0.089653 0.031250 0.041667
0 0.271894 0.094772 0.031250 0.041667
0 0.254620 0.093492 0.031250 0.041667
0 0.233507 0.093492 0.031250 0.041667
0 0.219111 0.090933 0.031250 0.041667
0 0.253660 0.057664 0.031250 0.041667
0 0.335234 0.081976 0.031250 0.041667
0 0.361146 0.083255 0.031250 0.041667
0 0.649054 0.202257 0.031250 0.041667
0 0.716232 0.168988 0.031250 0.041667
0 0.726789 0.295667 0.031250 0.041667
0 0.761338 0.225290 0.031250 0.041667
0 0.311242 0.079417 0.031250 0.041667