0 0.224142 0.125814 0.031250 0.041667
0 0.244634 0.125814 0.031250 0.041667
0 0.296546 0.107599 0.031250 0.041667
0 0.330699 0.134921 0.031250 0.041667
0 0.334798 0.164065 0.031250 0.041667
0 0.370317 0.200495 0.031250 0.041667
0 0.312940 0.204138 0.031250 0.041667
0 0.255563 0.224175 0.031250 0.041667
0 0.188623 0.222353 0.031250 0.041667
0 0.267858 0.302499 0.031250 0.041667
0 0.304743 0.286105 0.031250 0.041667
0 0.356656 0.269712 0.031250 0.041667
0 0.399005 0.273355 0.031250 0.041667
0 0.420863 0.304320 0.031250 0.041667
0 0.438623 0.218710 0.031250 0.041667
0 0.448186 0.213246 0.031250 0.041667
0 0.128513 0.535650 0.031250 0.041667
0 0.047912 0.672262 0.031250 0.041667
0 0.224142 0.666798 0.031250 0.041667
0 0.280153 0.561151 0.031250 0.041667
0 0.385344 0.511971 0.031250 0.041667
0 0.411300 0.537472 0.031250 0.041667
0 0.327967 0.770623 0.031250 0.041667
0 0.306109 0.797945 0.031250 0.041667
0 0.360754 0.803410 0.031250 0.041667
0 0.378513 0.792481 0.031250 0.041667
0 0.403104 0.768801 0.031250 0.041667
0 0.424962 0.748765 0.031250 0.041667
0 0.791082 0.930914 0.031250 0.041667
0 0.845727 0.965523 0.031250 0.041667
0 0.741901 0.562972 0.031250 0.041667
0 0.776054 0.561151 0.031250 0.041667
0 0.826601 0.613974 0.031250 0.041667
0 0.543814 0.517435 0.031250 0.041667
0 0.565672 0.491934 0.031250 0.041667
0 0.542448 0.462790 0.031250 0.041667
0 0.608022 0.291570 0.031250 0.041667
0 0.672229 0.309785 0.031250 0.041667
0 0.687257 0.295213 0.031250 0.041667
0 0.821136 0.220532 0.031250 0.041667
0 0.821136 0.246033 0.031250 0.041667
0 0.557475 0.111242 0.031250 0.041667