0 0.187621 0.065524 0.031250 0.041667
0 0.216162 0.086665 0.031250 0.041667
0 0.273244 0.093008 0.031250 0.041667
0 0.287515 0.093008 0.031250 0.041667
0 0.292272 0.088780 0.031250 0.041667
0 0.338255 0.093008 0.031250 0.041667
0 0.354111 0.086665 0.031250 0.041667
0 0.362039 0.173346 0.031250 0.041667
0 0.455591 0.192374 0.031250 0.041667
0 0.297029 0.255799 0.031250 0.041667
0 0.227261 0.289625 0.031250 0.041667
0 0.187621 0.758970 0.031250 0.041667
0 0.441320 0.854107 0.031250 0.041667
0 0.623667 0.771655 0.031250 0.041667
0 0.729904 0.742056 0.031250 0.041667
0 0.782229 0.636348 0.031250 0.041667
0 0.766373 0.467215 0.031250 0.041667
0 0.547557 0.465101 0.031250 0.041667
0 0.856754 0.501042 0.031250 0.041667