0 0.796982 0.383314 0.031250 0.041667
0 0.783635 0.361411 0.031250 0.041667
0 0.730247 0.370994 0.031250 0.041667
0 0.715874 0.290227 0.031250 0.041667
0 0.804169 0.284751 0.031250 0.041667
0 0.845237 0.887079 0.031250 0.041667
0 0.791849 0.740604 0.031250 0.041667
0 0.492054 0.592760 0.031250 0.041667
0 0.467414 0.629721 0.031250 0.041667
0 0.448933 0.539372 0.031250 0.041667
0 0.363718 0.503780 0.031250 0.041667
0 0.393492 0.487352 0.031250 0.041667
0 0.513615 0.535265 0.031250 0.041667
0 0.545442 0.479139 0.031250 0.041667
0 0.250781 0.818632 0.031250 0.041667
0 0.034149 0.677633 0.031250 0.041667
0 0.120391 0.413430 0.031250 0.041667
0 0.165566 0.410693 0.031250 0.041667
0 0.214847 0.194402 0.031250 0.041667
0 0.235381 0.175237 0.031250 0.041667
0 0.266182 0.171131 0.031250 0.041667
0 0.296982 0.150597 0.031250 0.041667
0 0.442773 0.224519 0.031250 0.041667
0 0.455093 0.209461 0.031250 0.041667
0 0.292876 0.095840 0.031250 0.041667
0 0.278502 0.090364 0.031250 0.041667
0 0.254888 0.083519 0.031250 0.041667
0 0.192260 0.057510 0.031250 0.041667
0 0.545442 0.180713 0.031250 0.041667