0 0.099150 0.639877 0.031250 0.041667
0 0.133699 0.670587 0.031250 0.041667
0 0.181683 0.746083 0.031250 0.041667
0 0.204716 0.721771 0.031250 0.041667
0 0.402413 0.518316 0.031250 0.041667
0 0.392816 0.501681 0.031250 0.041667
0 0.413929 0.481208 0.031250 0.041667
0 0.505100 0.532392 0.031250 0.041667
0 0.540609 0.473530 0.031250 0.041667
0 0.803564 0.719212 0.031250 0.041667
0 0.582835 0.200978 0.031250 0.041667
0 0.624102 0.193300 0.031250 0.041667
0 0.580916 0.122923 0.031250 0.041667
0 0.627941 0.204816 0.031250 0.041667
0 0.633699 0.124202 0.031250 0.041667
0 0.670167 0.108847 0.031250 0.041667
0 0.368823 0.224010 0.031250 0.041667
0 0.441760 0.215053 0.031250 0.041667
0 0.262298 0.213774 0.031250 0.041667
0 0.225829 0.220172 0.031250 0.041667
0 0.185522 0.081976 0.031250 0.041667
0 0.303564 0.099890 0.031250 0.041667
0 0.340033 0.101170 0.031250 0.041667
0 0.389937 0.058943 0.031250 0.041667