0 0.097695 0.417467 0.031250 0.041667
0 0.169055 0.384037 0.031250 0.041667
0 0.220164 0.421325 0.031250 0.041667
0 0.392777 0.498470 0.031250 0.041667
0 0.408207 0.520328 0.031250 0.041667
0 0.510424 0.531900 0.031250 0.041667
0 0.590463 0.511328 0.031250 0.041667
0 0.548997 0.471469 0.031250 0.041667
0 0.400492 0.759479 0.031250 0.041667
0 0.328168 0.778766 0.031250 0.041667
0 0.267416 0.758194 0.031250 0.041667
0 0.448708 0.647618 0.031250 0.041667
0 0.670502 0.722192 0.031250 0.041667
0 0.714860 0.742765 0.031250 0.041667
0 0.669537 0.850768 0.031250 0.041667
0 0.791042 0.877769 0.031250 0.041667
0 0.908689 0.879055 0.031250 0.041667
0 0.713896 0.412324 0.031250 0.041667
0 0.763076 0.450897 0.031250 0.041667
0 0.873009 0.372466 0.031250 0.041667
0 0.777541 0.153886 0.031250 0.041667
0 0.756326 0.156458 0.031250 0.041667
0 0.610714 0.130743 0.031250 0.041667
0 0.578891 0.089598 0.031250 0.041667
0 0.450637 0.201460 0.031250 0.041667
0 0.290559 0.115314 0.031250 0.041667
0 0.260666 0.116599 0.031250 0.041667
0 0.225950 0.125600 0.031250 0.041667
0 0.284774 0.094741 0.031250 0.041667
0 0.310810 0.094741 0.031250 0.041667
0 0.340704 0.094741 0.031250 0.041667