0 0.163449 0.742244 0.031250 0.041667
0 0.195119 0.723051 0.031250 0.041667
0 0.173046 0.643716 0.031250 0.041667
0 0.649054 0.605328 0.031250 0.041667
0 0.649054 0.532392 0.031250 0.041667
0 0.500301 0.532392 0.031250 0.041667
0 0.402413 0.524714 0.031250 0.041667
0 0.394735 0.506800 0.031250 0.041667
0 0.420647 0.473530 0.031250 0.041667
0 0.587633 0.369884 0.031250 0.041667
0 0.642336 0.359647 0.031250 0.041667
0 0.745023 0.573339 0.031250 0.041667
0 0.801645 0.510639 0.031250 0.041667
0 0.861146 0.531112 0.031250 0.041667
0 0.250781 0.263678 0.031250 0.041667
0 0.231587 0.224010 0.031250 0.041667
0 0.201837 0.225290 0.031250 0.041667
0 0.298766 0.243204 0.031250 0.041667
0 0.335234 0.252161 0.031250 0.041667
0 0.450397 0.199698 0.031250 0.041667
0 0.610666 0.157472 0.031250 0.041667
0 0.641376 0.153633 0.031250 0.041667
0 0.667288 0.177945 0.031250 0.041667
0 0.685522 0.180504 0.031250 0.041667
0 0.669207 0.106288 0.031250 0.041667
0 0.696079 0.126761 0.031250 0.041667
0 0.289169 0.139557 0.031250 0.041667
0 0.227749 0.153633 0.031250 0.041667
0 0.198958 0.120363 0.031250 0.041667
0 0.256539 0.070459 0.031250 0.041667
0 0.300685 0.090933 0.031250 0.041667
0 0.320839 0.094772 0.031250 0.041667
0 0.364025 0.041029 0.031250 0.041667
0 0.375541 0.041029 0.031250 0.041667
0 0.546367 0.468412 0.031250 0.041667