0 0.070359 0.437702 0.031250 0.041667
0 0.133699 0.422347 0.031250 0.041667
0 0.134658 0.573339 0.031250 0.041667
0 0.066520 0.738406 0.031250 0.041667
0 0.180724 0.739685 0.031250 0.041667
0 0.424486 0.825418 0.031250 0.041667
0 0.517576 0.849730 0.031250 0.041667
0 0.590513 0.813902 0.031250 0.041667
0 0.507979 0.532392 0.031250 0.041667
0 0.550205 0.522155 0.031250 0.041667
0 0.561722 0.492724 0.031250 0.041667
0 0.543488 0.469692 0.031250 0.041667
0 0.411050 0.523435 0.031250 0.041667
0 0.397614 0.504241 0.031250 0.041667
0 0.417768 0.481208 0.031250 0.041667
0 0.756539 0.459455 0.031250 0.041667
0 0.703756 0.175386 0.031250 0.041667
0 0.633699 0.195859 0.031250 0.041667
0 0.619303 0.101170 0.031250 0.041667
0 0.601069 0.103729 0.031250 0.041667
0 0.449438 0.202257 0.031250 0.041667
0 0.251741 0.152353 0.031250 0.041667
0 0.227749 0.161310 0.031250 0.041667
0 0.194159 0.161310 0.031250 0.041667
0 0.271894 0.096051 0.031250 0.041667
0 0.289169 0.092212 0.031250 0.041667
0 0.370743 0.087094 0.031250 0.041667
0 0.385138 0.088374 0.031250 0.041667
0 0.292048 0.037190 0.031250 0.041667