0 0.186752 0.050867 0.031250 0.041667
0 0.315248 0.092825 0.031250 0.041667
0 0.338849 0.077091 0.031250 0.041667
0 0.349339 0.077091 0.031250 0.041667
0 0.273290 0.164503 0.031250 0.041667
0 0.400475 0.225692 0.031250 0.041667
0 0.439811 0.215203 0.031250 0.041667
0 0.454234 0.213454 0.031250 0.041667
0 0.393919 0.500168 0.031250 0.041667
0 0.401786 0.526391 0.031250 0.041667
0 0.460790 0.538629 0.031250 0.041667
0 0.523727 0.542126 0.031250 0.041667
0 0.568307 0.514154 0.031250 0.041667
0 0.594531 0.500168 0.031250 0.041667
0 0.552573 0.465203 0.031250 0.041667
0 0.214286 0.678489 0.031250 0.041667
0 0.184129 0.778140 0.031250 0.041667
0 0.734828 0.386531 0.031250 0.041667
0 0.812189 0.386531 0.031250 0.041667
0 0.934129 0.855063 0.031250 0.041667
0 0.682381 0.131286 0.031250 0.041667
0 0.801699 0.173244 0.031250 0.041667
0 0.818745 0.192475 0.031250 0.041667