0 0.193307 0.057860 0.031250 0.041667
0 0.231332 0.122545 0.031250 0.041667
0 0.306070 0.092825 0.031250 0.041667
0 0.346717 0.077091 0.031250 0.041667
0 0.355895 0.082335 0.031250 0.041667
0 0.190685 0.206461 0.031250 0.041667
0 0.277224 0.279888 0.031250 0.041667
0 0.329671 0.251916 0.031250 0.041667
0 0.441122 0.213454 0.031250 0.041667
0 0.454234 0.213454 0.031250 0.041667
0 0.223465 0.390028 0.031250 0.041667
0 0.391297 0.496671 0.031250 0.041667
0 0.399164 0.521147 0.031250 0.041667
0 0.454234 0.538629 0.031250 0.041667
0 0.523727 0.540377 0.031250 0.041667
0 0.572241 0.521147 0.031250 0.041667
0 0.598465 0.494923 0.031250 0.041667
0 0.555196 0.468699 0.031250 0.041667
0 0.702049 0.379538 0.031250 0.041667
0 0.776786 0.379538 0.031250 0.041667
0 0.871192 0.603314 0.031250 0.041667
0 0.201175 0.737930 0.031250 0.041667
0 0.143482 0.757161 0.031250 0.041667