0 0.270073 0.088780 0.031250 0.041667
0 0.282758 0.088780 0.031250 0.041667
0 0.295443 0.090894 0.031250 0.041667
0 0.339840 0.090894 0.031250 0.041667
0 0.355697 0.088780 0.031250 0.041667
0 0.357282 0.207173 0.031250 0.041667
0 0.379481 0.202944 0.031250 0.041667
0 0.404851 0.194488 0.031250 0.041667
0 0.446077 0.198716 0.031250 0.041667
0 0.463519 0.188145 0.031250 0.041667
0 0.626838 0.281169 0.031250 0.041667
0 0.699777 0.257913 0.031250 0.041667
0 0.753688 0.274826 0.031250 0.041667
0 0.820284 0.194488 0.031250 0.041667
0 0.918593 0.486243 0.031250 0.041667
0 0.549143 0.469329 0.031250 0.041667
0 0.135295 0.363621 0.031250 0.041667
0 0.135295 0.395333 0.031250 0.041667
0 0.212991 0.517955 0.031250 0.041667
0 0.206648 0.642691 0.031250 0.041667
0 0.181278 0.746285 0.031250 0.041667
0 0.268487 0.742056 0.031250 0.041667