0 0.038587 0.505412 0.031250 0.041667
0 0.201175 0.099818 0.031250 0.041667
0 0.228710 0.089328 0.031250 0.041667
0 0.194619 0.050867 0.031250 0.041667
0 0.313937 0.103314 0.031250 0.041667
0 0.375563 0.096321 0.031250 0.041667
0 0.336227 0.070098 0.031250 0.041667
0 0.344094 0.075342 0.031250 0.041667
0 0.438500 0.208209 0.031250 0.041667
0 0.455545 0.208209 0.031250 0.041667
0 0.228710 0.173244 0.031250 0.041667
0 0.230021 0.220447 0.031250 0.041667
0 0.271979 0.223944 0.031250 0.041667
0 0.388675 0.508909 0.031250 0.041667
0 0.407031 0.535133 0.031250 0.041667
0 0.463412 0.542126 0.031250 0.041667
0 0.517171 0.540377 0.031250 0.041667
0 0.570930 0.528140 0.031250 0.041667
0 0.586664 0.496671 0.031250 0.041667
0 0.549951 0.468699 0.031250 0.041667
0 0.281157 0.795622 0.031250 0.041667
0 0.768919 0.395272 0.031250 0.041667