0 0.213582 0.039335 0.031250 0.041667
0 0.216864 0.065593 0.031250 0.041667
0 0.302204 0.094039 0.031250 0.041667
0 0.221788 0.146556 0.031250 0.041667
0 0.241481 0.144368 0.031250 0.041667
0 0.233276 0.231895 0.031250 0.041667
0 0.443341 0.199072 0.031250 0.041667
0 0.458112 0.201260 0.031250 0.041667
0 0.540169 0.212201 0.031250 0.041667
0 0.607455 0.076534 0.031250 0.041667
0 0.620584 0.098416 0.031250 0.041667
0 0.807674 0.181567 0.031250 0.041667
0 0.825727 0.428832 0.031250 0.041667
0 0.773210 0.363186 0.031250 0.041667
0 0.548374 0.470407 0.031250 0.041667
0 0.548374 0.356622 0.031250 0.041667
0 0.674742 0.363186 0.031250 0.041667
0 0.577915 0.498853 0.031250 0.041667
0 0.546733 0.531676 0.031250 0.041667
0 0.505705 0.533864 0.031250 0.041667
0 0.471241 0.566687 0.031250 0.041667
0 0.415442 0.529488 0.031250 0.041667
0 0.394107 0.511983 0.031250 0.041667
0 0.550015 0.603886 0.031250 0.041667
0 0.469600 0.684849 0.031250 0.041667
0 0.487652 0.726425 0.031250 0.041667
0 0.415442 0.792070 0.031250 0.041667
0 0.382619 0.796446 0.031250 0.041667
0 0.330103 0.800823 0.031250 0.041667
0 0.282510 0.783317 0.031250 0.041667