0 0.200306 0.120492 0.031250 0.041667
0 0.217747 0.226200 0.031250 0.041667
0 0.227261 0.198716 0.031250 0.041667
0 0.273244 0.194488 0.031250 0.041667
0 0.316056 0.156433 0.031250 0.041667
0 0.346183 0.145862 0.031250 0.041667
0 0.284344 0.097236 0.031250 0.041667
0 0.274830 0.095122 0.031250 0.041667
0 0.292272 0.093008 0.031250 0.041667
0 0.339840 0.086665 0.031250 0.041667
0 0.349354 0.080323 0.031250 0.041667
0 0.446077 0.202944 0.031250 0.041667
0 0.458762 0.192374 0.031250 0.041667
0 0.452420 0.211401 0.031250 0.041667
0 0.190792 0.353050 0.031250 0.041667
0 0.084555 0.488357 0.031250 0.041667
0 0.167007 0.498928 0.031250 0.041667
0 0.393752 0.479900 0.031250 0.041667
0 0.398509 0.513727 0.031250 0.041667
0 0.454005 0.532754 0.031250 0.041667
0 0.550728 0.469329 0.031250 0.041667
0 0.531701 0.541211 0.031250 0.041667
0 0.446077 0.638462 0.031250 0.041667
0 0.477790 0.771655 0.031250 0.041667
0 0.580855 0.198716 0.031250 0.041667
0 0.693435 0.202944 0.031250 0.041667
0 0.744174 0.179689 0.031250 0.041667
0 0.766373 0.107807 0.031250 0.041667
0 0.628424 0.088780 0.031250 0.041667
0 0.604640 0.086665 0.031250 0.041667
0 0.387409 0.044382 0.031250 0.041667
0 0.408022 0.040154 0.031250 0.041667
0 0.354111 0.093008 0.031250 0.041667
0 0.363625 0.086665 0.031250 0.041667