0 0.091644 0.698167 0.031250 0.041667
0 0.074190 0.770720 0.031250 0.041667
0 0.005401 0.732390 0.031250 0.041667
0 0.152219 0.449023 0.031250 0.041667
0 0.104991 0.413430 0.031250 0.041667
0 0.161459 0.409324 0.031250 0.041667
0 0.194313 0.439440 0.031250 0.041667
0 0.211767 0.381945 0.031250 0.041667
0 0.177886 0.340877 0.031250 0.041667
0 0.270288 0.418906 0.031250 0.041667
0 0.312383 0.409324 0.031250 0.041667
0 0.349344 0.402479 0.031250 0.041667
0 0.329837 0.302547 0.031250 0.041667
0 0.280555 0.277907 0.031250 0.041667
0 0.195340 0.240946 0.031250 0.041667
0 0.290822 0.167024 0.031250 0.041667
0 0.313410 0.151966 0.031250 0.041667
0 0.319570 0.201247 0.031250 0.041667
0 0.292876 0.097209 0.031250 0.041667
0 0.273369 0.098578 0.031250 0.041667
0 0.199447 0.105422 0.031250 0.041667
0 0.443800 0.220412 0.031250 0.041667
0 0.456120 0.209461 0.031250 0.041667
0 0.372958 0.057510 0.031250 0.041667
0 0.342157 0.057510 0.031250 0.041667
0 0.384251 0.481877 0.031250 0.041667
0 0.379118 0.499673 0.031250 0.041667
0 0.452013 0.532527 0.031250 0.041667
0 0.494108 0.540741 0.031250 0.041667
0 0.500268 0.584546 0.031250 0.041667
0 0.480761 0.611925 0.031250 0.041667
0 0.831890 0.833691 0.031250 0.041667
0 0.323677 0.832322 0.031250 0.041667
0 0.544416 0.461343 0.031250 0.041667
0 0.559816 0.188927 0.031250 0.041667