0 0.203141 0.066601 0.031250 0.041667
0 0.188718 0.120797 0.031250 0.041667
0 0.220187 0.119049 0.031250 0.041667
0 0.251655 0.096321 0.031250 0.041667
0 0.272634 0.094573 0.031250 0.041667
0 0.309348 0.092825 0.031250 0.041667
0 0.266078 0.154014 0.031250 0.041667
0 0.231988 0.154014 0.031250 0.041667
0 0.214942 0.183734 0.031250 0.041667
0 0.150694 0.349818 0.031250 0.041667
0 0.107425 0.412755 0.031250 0.041667
0 0.052355 0.444223 0.031250 0.041667
0 0.247722 0.307860 0.031250 0.041667
0 0.315904 0.332335 0.031250 0.041667
0 0.441778 0.204713 0.031250 0.041667
0 0.545362 0.472196 0.031250 0.041667
0 0.579453 0.491426 0.031250 0.041667
0 0.561096 0.521147 0.031250 0.041667
0 0.394575 0.496671 0.031250 0.041667
0 0.411620 0.538629 0.031250 0.041667
0 0.305414 0.769398 0.031250 0.041667
0 0.361795 0.779888 0.031250 0.041667
0 0.408998 0.772895 0.031250 0.041667
0 0.439155 0.802615 0.031250 0.041667
0 0.456201 0.802615 0.031250 0.041667
0 0.504715 0.743175 0.031250 0.041667
0 0.634523 0.673244 0.031250 0.041667
0 0.718439 0.907510 0.031250 0.041667
0 0.825956 0.641776 0.031250 0.041667
0 0.882337 0.720447 0.031250 0.041667
0 0.882337 0.580587 0.031250 0.041667