0 0.297806 0.038470 0.031250 0.041667
0 0.281491 0.038470 0.031250 0.041667
0 0.252701 0.078137 0.031250 0.041667
0 0.224870 0.083255 0.031250 0.041667
0 0.212394 0.119084 0.031250 0.041667
0 0.238305 0.121643 0.031250 0.041667
0 0.270935 0.156192 0.031250 0.041667
0 0.267096 0.140837 0.031250 0.041667
0 0.331395 0.128041 0.031250 0.041667
0 0.356347 0.122923 0.031250 0.041667
0 0.339073 0.096051 0.031250 0.041667
0 0.309323 0.097331 0.031250 0.041667
0 0.353468 0.090933 0.031250 0.041667
0 0.443680 0.208655 0.031250 0.041667
0 0.287250 0.245763 0.031250 0.041667
0 0.211434 0.272635 0.031250 0.041667
0 0.004140 0.515757 0.031250 0.041667
0 0.074198 0.491445 0.031250 0.041667
0 0.126981 0.506800 0.031250 0.041667
0 0.232547 0.510639 0.031250 0.041667
0 0.260378 0.422347 0.031250 0.041667
0 0.328516 0.400594 0.031250 0.041667
0 0.414889 0.478649 0.031250 0.041667
0 0.394735 0.506800 0.031250 0.041667
0 0.408171 0.524714 0.031250 0.041667
0 0.435042 0.531112 0.031250 0.041667
0 0.507979 0.541349 0.031250 0.041667
0 0.556923 0.529832 0.031250 0.041667
0 0.564601 0.495284 0.031250 0.041667
0 0.541568 0.474810 0.031250 0.041667
0 0.289169 0.763998 0.031250 0.041667
0 0.685522 0.139557 0.031250 0.041667
0 0.633699 0.128041 0.031250 0.041667
0 0.370743 0.041029 0.031250 0.041667
0 0.390896 0.042308 0.031250 0.041667