0 0.278023 0.774909 0.031250 0.041667
0 0.317560 0.751765 0.031250 0.041667
0 0.363848 0.790338 0.031250 0.041667
0 0.360955 0.841768 0.031250 0.041667
0 0.688824 0.868769 0.031250 0.041667
0 0.745719 0.866198 0.031250 0.041667
0 0.765969 0.510042 0.031250 0.041667
0 0.723539 0.463755 0.031250 0.041667
0 0.805506 0.494613 0.031250 0.041667
0 0.849865 0.479184 0.031250 0.041667
0 0.913510 0.454754 0.031250 0.041667
0 0.594320 0.498470 0.031250 0.041667
0 0.546104 0.467612 0.031250 0.041667
0 0.496924 0.540900 0.031250 0.041667
0 0.454494 0.565330 0.031250 0.041667
0 0.407242 0.526757 0.031250 0.041667
0 0.393742 0.504899 0.031250 0.041667
0 0.446779 0.647618 0.031250 0.041667
0 0.238486 0.327464 0.031250 0.041667
0 0.337811 0.157744 0.031250 0.041667
0 0.368669 0.147458 0.031250 0.041667
0 0.445815 0.213031 0.031250 0.041667
0 0.308882 0.090884 0.031250 0.041667
0 0.338775 0.101170 0.031250 0.041667
0 0.284774 0.094741 0.031250 0.041667
0 0.188342 0.128171 0.031250 0.041667
0 0.191234 0.045883 0.031250 0.041667