0 0.270073 0.086665 0.031250 0.041667
0 0.279587 0.093008 0.031250 0.041667
0 0.289100 0.093008 0.031250 0.041667
0 0.338255 0.086665 0.031250 0.041667
0 0.358868 0.086665 0.031250 0.041667
0 0.425464 0.198716 0.031250 0.041667
0 0.449248 0.194488 0.031250 0.041667
0 0.466690 0.183917 0.031250 0.041667
0 0.636352 0.314995 0.031250 0.041667
0 0.698191 0.306538 0.031250 0.041667
0 0.750517 0.319223 0.031250 0.041667
0 0.880538 0.401676 0.031250 0.041667
0 0.550728 0.458758 0.031250 0.041667
0 0.128952 0.443959 0.031250 0.041667
0 0.076627 0.399562 0.031250 0.041667
0 0.162251 0.549667 0.031250 0.041667
0 0.201891 0.619435 0.031250 0.041667
0 0.197134 0.742056 0.031250 0.041667
0 0.274830 0.746285 0.031250 0.041667