0 0.550728 0.477786 0.031250 0.041667
0 0.461933 0.194488 0.031250 0.041667
0 0.270073 0.095122 0.031250 0.041667
0 0.292272 0.095122 0.031250 0.041667
0 0.287515 0.088780 0.031250 0.041667
0 0.336669 0.088780 0.031250 0.041667
0 0.358868 0.088780 0.031250 0.041667
0 0.295443 0.135291 0.031250 0.041667
0 0.243117 0.186031 0.031250 0.041667
0 0.235189 0.200830 0.031250 0.041667
0 0.197134 0.234657 0.031250 0.041667
0 0.285929 0.257913 0.031250 0.041667
0 0.422293 0.312881 0.031250 0.041667
0 0.331912 0.395333 0.031250 0.041667
0 0.255802 0.359393 0.031250 0.041667
0 0.243117 0.393219 0.031250 0.041667
0 0.246289 0.416475 0.031250 0.041667
0 0.366796 0.505270 0.031250 0.041667
0 0.143223 0.636348 0.031250 0.041667
0 0.162251 0.661718 0.031250 0.041667
0 0.182864 0.735714 0.031250 0.041667
0 0.276415 0.750513 0.031250 0.041667
0 0.802843 0.991528 0.031250 0.041667
0 0.767959 0.160661 0.031250 0.041667
0 0.782229 0.169118 0.031250 0.041667
0 0.804428 0.160661 0.031250 0.041667
0 0.829798 0.160661 0.031250 0.041667