0 0.049677 0.916744 0.031250 0.041667
0 0.113820 0.651760 0.031250 0.041667
0 0.304146 0.787757 0.031250 0.041667
0 0.507090 0.887302 0.031250 0.041667
0 0.495524 0.643348 0.031250 0.041667
0 0.603831 0.796170 0.031250 0.041667
0 0.629067 0.737284 0.031250 0.041667
0 0.723704 0.747098 0.031250 0.041667
0 0.506039 0.533989 0.031250 0.041667
0 0.551254 0.529783 0.031250 0.041667
0 0.565976 0.497537 0.031250 0.041667
0 0.537585 0.469496 0.031250 0.041667
0 0.407196 0.526979 0.031250 0.041667
0 0.396680 0.505949 0.031250 0.041667
0 0.360928 0.433043 0.031250 0.041667
0 0.335692 0.135812 0.031250 0.041667
0 0.458720 0.194697 0.031250 0.041667
0 0.563873 0.190491 0.031250 0.041667
0 0.276806 0.093751 0.031250 0.041667
0 0.290476 0.090947 0.031250 0.041667
0 0.236849 0.109173 0.031250 0.041667
0 0.225282 0.069917 0.031250 0.041667
0 0.276806 0.061504 0.031250 0.041667
0 0.426123 0.152636 0.031250 0.041667