0 0.330436 0.084535 0.031250 0.041667
0 0.303564 0.093492 0.031250 0.041667
0 0.294927 0.110127 0.031250 0.041667
0 0.285330 0.090933 0.031250 0.041667
0 0.272854 0.098610 0.031250 0.041667
0 0.252701 0.088374 0.031250 0.041667
0 0.226789 0.089653 0.031250 0.041667
0 0.209514 0.087094 0.031250 0.041667
0 0.210474 0.071739 0.031250 0.041667
0 0.321799 0.133159 0.031250 0.041667
0 0.353468 0.133159 0.031250 0.041667
0 0.433123 0.275194 0.031250 0.041667
0 0.446559 0.212494 0.031250 0.041667
0 0.293008 0.322539 0.031250 0.041667
0 0.276693 0.336614 0.031250 0.041667
0 0.190321 0.621963 0.031250 0.041667
0 0.110666 0.578457 0.031250 0.041667
0 0.007019 0.662910 0.031250 0.041667
0 0.482067 0.644996 0.031250 0.041667
0 0.440800 0.551585 0.031250 0.041667
0 0.404332 0.525994 0.031250 0.041667
0 0.395695 0.501681 0.031250 0.041667
0 0.420647 0.481208 0.031250 0.041667
0 0.518536 0.529832 0.031250 0.041667
0 0.551165 0.517037 0.031250 0.041667
0 0.565561 0.500402 0.031250 0.041667
0 0.540609 0.474810 0.031250 0.041667
0 0.681683 0.605328 0.031250 0.041667
0 0.865944 0.716653 0.031250 0.041667
0 0.784371 0.447939 0.031250 0.041667
0 0.785330 0.253441 0.031250 0.041667
0 0.688401 0.245763 0.031250 0.041667
0 0.735426 0.197139 0.031250 0.041667
0 0.722950 0.172827 0.031250 0.041667
0 0.729668 0.162590 0.031250 0.041667
0 0.613545 0.157472 0.031250 0.041667
0 0.366904 0.085815 0.031250 0.041667
0 0.423526 0.038470 0.031250 0.041667
0 0.314121 0.080696 0.031250 0.041667