0 0.186752 0.078839 0.031250 0.041667
0 0.206419 0.073594 0.031250 0.041667
0 0.311314 0.082335 0.031250 0.041667
0 0.338849 0.077091 0.031250 0.041667
0 0.353273 0.082335 0.031250 0.041667
0 0.298203 0.204713 0.031250 0.041667
0 0.441122 0.213454 0.031250 0.041667
0 0.456856 0.215203 0.031250 0.041667
0 0.395231 0.500168 0.031250 0.041667
0 0.401786 0.522895 0.031250 0.041667
0 0.454234 0.538629 0.031250 0.041667
0 0.527661 0.538629 0.031250 0.041667
0 0.565685 0.528140 0.031250 0.041667
0 0.591909 0.500168 0.031250 0.041667
0 0.549951 0.472196 0.031250 0.041667
0 0.597154 0.204713 0.031250 0.041667
0 0.723028 0.103314 0.031250 0.041667
0 0.754496 0.204713 0.031250 0.041667
0 0.813500 0.225692 0.031250 0.041667
0 0.810877 0.510657 0.031250 0.041667
0 0.896105 0.515902 0.031250 0.041667
0 0.167084 0.736182 0.031250 0.041667
0 0.199863 0.771147 0.031250 0.041667