0 0.276415 0.095122 0.031250 0.041667
0 0.289100 0.095122 0.031250 0.041667
0 0.298614 0.093008 0.031250 0.041667
0 0.181278 0.054953 0.031250 0.041667
0 0.333498 0.090894 0.031250 0.041667
0 0.344597 0.080323 0.031250 0.041667
0 0.388995 0.215629 0.031250 0.041667
0 0.415950 0.211401 0.031250 0.041667
0 0.439735 0.209287 0.031250 0.041667
0 0.449248 0.209287 0.031250 0.041667
0 0.457177 0.190259 0.031250 0.041667
0 0.304957 0.243114 0.031250 0.041667
0 0.273244 0.243114 0.031250 0.041667
0 0.190792 0.325566 0.031250 0.041667
0 0.216162 0.369963 0.031250 0.041667
0 0.179692 0.386877 0.031250 0.041667
0 0.176521 0.517955 0.031250 0.041667
0 0.035401 0.784340 0.031250 0.041667
0 0.220919 0.771655 0.031250 0.041667
0 0.442906 0.632120 0.031250 0.041667
0 0.783815 0.534868 0.031250 0.041667
0 0.823456 0.532754 0.031250 0.041667
0 0.542800 0.469329 0.031250 0.041667
0 0.940792 0.826623 0.031250 0.041667
0 0.763202 0.215629 0.031250 0.041667
0 0.731489 0.167004 0.031250 0.041667
0 0.680750 0.171232 0.031250 0.041667
0 0.564999 0.207173 0.031250 0.041667