0 0.195549 0.042268 0.031250 0.041667
0 0.209819 0.069752 0.031250 0.041667
0 0.184449 0.078209 0.031250 0.041667
0 0.273244 0.093008 0.031250 0.041667
0 0.282758 0.095122 0.031250 0.041667
0 0.274830 0.109921 0.031250 0.041667
0 0.298614 0.118378 0.031250 0.041667
0 0.335084 0.088780 0.031250 0.041667
0 0.343012 0.082437 0.031250 0.041667
0 0.323984 0.192374 0.031250 0.041667
0 0.352525 0.190259 0.031250 0.041667
0 0.222504 0.194488 0.031250 0.041667
0 0.200306 0.291739 0.031250 0.041667
0 0.252631 0.287511 0.031250 0.041667
0 0.460348 0.192374 0.031250 0.041667
0 0.092483 0.627892 0.031250 0.041667
0 0.190792 0.727257 0.031250 0.041667
0 0.549143 0.473558 0.031250 0.041667
0 0.675993 0.431274 0.031250 0.041667
0 0.698191 0.399562 0.031250 0.041667
0 0.772716 0.323452 0.031250 0.041667
0 0.807599 0.334023 0.031250 0.041667
0 0.618910 0.253684 0.031250 0.041667
0 0.669650 0.251570 0.031250 0.041667
0 0.669650 0.207173 0.031250 0.041667
0 0.558657 0.141634 0.031250 0.041667
0 0.591955 0.124720 0.031250 0.041667
0 0.634766 0.122606 0.031250 0.041667