0 0.075965 0.667183 0.031250 0.041667
0 0.233694 0.532587 0.031250 0.041667
0 0.251570 0.451269 0.031250 0.041667
0 0.204251 0.362941 0.031250 0.041667
0 0.323074 0.283026 0.031250 0.041667
0 0.307301 0.245171 0.031250 0.041667
0 0.333589 0.245171 0.031250 0.041667
0 0.344104 0.238160 0.031250 0.041667
0 0.367238 0.298448 0.031250 0.041667
0 0.415608 0.482114 0.031250 0.041667
0 0.397732 0.501743 0.031250 0.041667
0 0.404041 0.517165 0.031250 0.041667
0 0.422968 0.829818 0.031250 0.041667
0 0.509193 0.531185 0.031250 0.041667
0 0.542842 0.521371 0.031250 0.041667
0 0.554409 0.501743 0.031250 0.041667
0 0.545997 0.479310 0.031250 0.041667
0 0.785744 0.602689 0.031250 0.041667
0 0.880382 0.626524 0.031250 0.041667
0 0.751044 0.477908 0.031250 0.041667
0 0.720550 0.458280 0.031250 0.041667
0 0.775229 0.434445 0.031250 0.041667
0 0.853042 0.490526 0.031250 0.041667
0 0.853042 0.440053 0.031250 0.041667
0 0.907721 0.426033 0.031250 0.041667
0 0.696365 0.095153 0.031250 0.041667
0 0.305198 0.127400 0.031250 0.041667
0 0.344104 0.111978 0.031250 0.041667
0 0.312558 0.109173 0.031250 0.041667
0 0.277858 0.104967 0.031250 0.041667
0 0.286270 0.093751 0.031250 0.041667
0 0.234745 0.090947 0.031250 0.041667
0 0.186375 0.072721 0.031250 0.041667
0 0.328331 0.099359 0.031250 0.041667
0 0.376701 0.095153 0.031250 0.041667
0 0.388268 0.092349 0.031250 0.041667
0 0.379856 0.034866 0.031250 0.041667
0 0.414556 0.054494 0.031250 0.041667
0 0.252621 0.100761 0.031250 0.041667