0 0.018621 0.516471 0.031250 0.041667
0 0.113125 0.547329 0.031250 0.041667
0 0.140126 0.705478 0.031250 0.041667
0 0.195092 0.552472 0.031250 0.041667
0 0.233665 0.485613 0.031250 0.041667
0 0.296345 0.479184 0.031250 0.041667
0 0.388920 0.508756 0.031250 0.041667
0 0.411099 0.517757 0.031250 0.041667
0 0.413028 0.475326 0.031250 0.041667
0 0.503674 0.531900 0.031250 0.041667
0 0.602999 0.484327 0.031250 0.041667
0 0.546104 0.468898 0.031250 0.041667
0 0.749576 0.852054 0.031250 0.041667
0 0.904831 0.879055 0.031250 0.041667
0 0.989692 0.852054 0.031250 0.041667
0 0.327204 0.771051 0.031250 0.041667
0 0.440029 0.647618 0.031250 0.041667
0 0.448708 0.205317 0.031250 0.041667
0 0.353240 0.155172 0.031250 0.041667
0 0.311774 0.152601 0.031250 0.041667
0 0.308882 0.098599 0.031250 0.041667
0 0.283809 0.092170 0.031250 0.041667
0 0.200878 0.038168 0.031250 0.041667
0 0.344561 0.099884 0.031250 0.041667
0 0.422671 0.048454 0.031250 0.041667