0 0.129593 0.473702 0.031250 0.041667
0 0.187427 0.639142 0.031250 0.041667
0 0.184272 0.936373 0.031250 0.041667
0 0.451360 0.731676 0.031250 0.041667
0 0.450308 0.640544 0.031250 0.041667
0 0.640634 0.901322 0.031250 0.041667
0 0.511296 0.536794 0.031250 0.041667
0 0.548100 0.521371 0.031250 0.041667
0 0.565976 0.497537 0.031250 0.041667
0 0.545997 0.469496 0.031250 0.041667
0 0.408247 0.525577 0.031250 0.041667
0 0.398783 0.503145 0.031250 0.041667
0 0.413505 0.470898 0.031250 0.041667
0 0.366186 0.292840 0.031250 0.041667
0 0.322022 0.283026 0.031250 0.041667
0 0.228436 0.344715 0.031250 0.041667
0 0.212663 0.299850 0.031250 0.041667
0 0.243158 0.219934 0.031250 0.041667
0 0.269446 0.231150 0.031250 0.041667
0 0.188478 0.137214 0.031250 0.041667
0 0.216870 0.067112 0.031250 0.041667
0 0.274703 0.116184 0.031250 0.041667
0 0.278910 0.099359 0.031250 0.041667
0 0.289425 0.093751 0.031250 0.041667
0 0.287322 0.067112 0.031250 0.041667
0 0.671128 0.086741 0.031250 0.041667
0 0.735271 0.284428 0.031250 0.041667
0 0.763662 0.297046 0.031250 0.041667
0 0.788899 0.291438 0.031250 0.041667
0 0.808878 0.280221 0.031250 0.041667
0 0.884588 0.280221 0.031250 0.041667
0 0.453463 0.203110 0.031250 0.041667