0 0.282609 0.104053 0.031250 0.041667
0 0.292876 0.097209 0.031250 0.041667
0 0.246674 0.145121 0.031250 0.041667
0 0.291849 0.130063 0.031250 0.041667
0 0.395545 0.053403 0.031250 0.041667
0 0.362691 0.076675 0.031250 0.041667
0 0.354477 0.243684 0.031250 0.041667
0 0.317516 0.266955 0.031250 0.041667
0 0.305196 0.238208 0.031250 0.041667
0 0.349344 0.291596 0.031250 0.041667
0 0.389385 0.288858 0.031250 0.041667
0 0.440720 0.220412 0.031250 0.041667
0 0.452013 0.201247 0.031250 0.041667
0 0.396572 0.487352 0.031250 0.041667
0 0.377065 0.494197 0.031250 0.041667
0 0.441746 0.521576 0.031250 0.041667
0 0.512588 0.532527 0.031250 0.041667
0 0.548523 0.468187 0.031250 0.041667
0 0.502321 0.605080 0.031250 0.041667
0 0.302116 0.818632 0.031250 0.041667
0 0.273369 0.915826 0.031250 0.041667
0 0.166592 0.439440 0.031250 0.041667
0 0.108071 0.442178 0.031250 0.041667
0 0.634765 0.688584 0.031250 0.041667
0 0.713820 0.740604 0.031250 0.041667
0 0.776449 0.850118 0.031250 0.041667
0 0.724087 0.542109 0.031250 0.041667
0 0.793902 0.570857 0.031250 0.041667
0 0.854477 0.557168 0.031250 0.041667
0 0.761048 0.212198 0.031250 0.041667
0 0.712794 0.095840 0.031250 0.041667
0 0.701500 0.078044 0.031250 0.041667
0 0.550576 0.187558 0.031250 0.041667