0 0.149054 0.490165 0.031250 0.041667
0 0.095311 0.490165 0.031250 0.041667
0 0.167288 0.740965 0.031250 0.041667
0 0.196079 0.723051 0.031250 0.041667
0 0.403372 0.522155 0.031250 0.041667
0 0.393775 0.506800 0.031250 0.041667
0 0.412969 0.479928 0.031250 0.041667
0 0.498382 0.537510 0.031250 0.041667
0 0.546367 0.472251 0.031250 0.041667
0 0.759418 0.528553 0.031250 0.041667
0 0.324678 0.284151 0.031250 0.041667
0 0.263257 0.259839 0.031250 0.041667
0 0.212394 0.276474 0.031250 0.041667
0 0.179764 0.129321 0.031250 0.041667
0 0.179764 0.073019 0.031250 0.041667
0 0.304524 0.090933 0.031250 0.041667
0 0.344831 0.092212 0.031250 0.041667
0 0.446559 0.211214 0.031250 0.041667
0 0.644255 0.142117 0.031250 0.041667
0 0.666328 0.115245 0.031250 0.041667
0 0.718152 0.147235 0.031250 0.041667