0 0.195930 0.070098 0.031250 0.041667
0 0.220842 0.077091 0.031250 0.041667
0 0.245755 0.075342 0.031250 0.041667
0 0.290335 0.103314 0.031250 0.041667
0 0.316559 0.115552 0.031250 0.041667
0 0.317870 0.092825 0.031250 0.041667
0 0.345405 0.073594 0.031250 0.041667
0 0.353273 0.077091 0.031250 0.041667
0 0.212975 0.124293 0.031250 0.041667
0 0.210353 0.148769 0.031250 0.041667
0 0.240510 0.199468 0.031250 0.041667
0 0.268045 0.199468 0.031250 0.041667
0 0.313937 0.166251 0.031250 0.041667
0 0.224776 0.068349 0.031250 0.041667
0 0.290335 0.269398 0.031250 0.041667
0 0.332293 0.269398 0.031250 0.041667
0 0.441122 0.206461 0.031250 0.041667
0 0.450300 0.206461 0.031250 0.041667
0 0.142171 0.421496 0.031250 0.041667
0 0.185440 0.482685 0.031250 0.041667
0 0.279846 0.428489 0.031250 0.041667
0 0.064811 0.647021 0.031250 0.041667
0 0.123814 0.647021 0.031250 0.041667
0 0.302136 0.748419 0.031250 0.041667
0 0.319182 0.795622 0.031250 0.041667
0 0.404409 0.778140 0.031250 0.041667
0 0.435877 0.739678 0.031250 0.041667
0 0.393919 0.500168 0.031250 0.041667
0 0.397853 0.529888 0.031250 0.041667
0 0.456856 0.531636 0.031250 0.041667
0 0.526349 0.536881 0.031250 0.041667
0 0.560440 0.521147 0.031250 0.041667
0 0.593220 0.498419 0.031250 0.041667
0 0.543395 0.475692 0.031250 0.041667
0 0.564374 0.655762 0.031250 0.041667
0 0.632556 0.622545 0.031250 0.041667
0 0.818745 0.475692 0.031250 0.041667
0 0.629933 0.286881 0.031250 0.041667
0 0.707293 0.229189 0.031250 0.041667
0 0.744007 0.180237 0.031250 0.041667
0 0.780720 0.180237 0.031250 0.041667
0 0.584042 0.082335 0.031250 0.041667