0 0.023443 0.499756 0.031250 0.041667
0 0.132411 0.337750 0.031250 0.041667
0 0.189306 0.328750 0.031250 0.041667
0 0.176770 0.292749 0.031250 0.041667
0 0.219200 0.367323 0.031250 0.041667
0 0.268380 0.372466 0.031250 0.041667
0 0.250058 0.319749 0.031250 0.041667
0 0.248129 0.258033 0.031250 0.041667
0 0.334918 0.303035 0.031250 0.041667
0 0.388920 0.326178 0.031250 0.041667
0 0.391813 0.502327 0.031250 0.041667
0 0.405314 0.535757 0.031250 0.041667
0 0.449672 0.647618 0.031250 0.041667
0 0.366741 0.792909 0.031250 0.041667
0 0.316596 0.772337 0.031250 0.041667
0 0.290559 0.745336 0.031250 0.041667
0 0.231736 0.706763 0.031250 0.041667
0 0.500781 0.535757 0.031250 0.041667
0 0.592392 0.512614 0.031250 0.041667
0 0.546104 0.463755 0.031250 0.041667
0 0.555747 0.375037 0.031250 0.041667
0 0.700396 0.457326 0.031250 0.041667
0 0.685931 0.327464 0.031250 0.041667
0 0.665680 0.254176 0.031250 0.041667
0 0.653144 0.173173 0.031250 0.041667
0 0.665680 0.147458 0.031250 0.041667
0 0.700396 0.153886 0.031250 0.041667
0 0.733182 0.188602 0.031250 0.041667
0 0.761148 0.192459 0.031250 0.041667
0 0.581784 0.162887 0.031250 0.041667
0 0.310810 0.228461 0.031250 0.041667
0 0.330097 0.184745 0.031250 0.041667
0 0.368669 0.170601 0.031250 0.041667
0 0.283809 0.094741 0.031250 0.041667
0 0.308882 0.093456 0.031250 0.041667
0 0.345526 0.101170 0.031250 0.041667
0 0.416885 0.196316 0.031250 0.041667
0 0.374455 0.224603 0.031250 0.041667
0 0.897117 0.615474 0.031250 0.041667
0 0.451601 0.205317 0.031250 0.041667