0 0.191341 0.092825 0.031250 0.041667
0 0.207075 0.080587 0.031250 0.041667
0 0.183474 0.120797 0.031250 0.041667
0 0.213631 0.113804 0.031250 0.041667
0 0.298858 0.150517 0.031250 0.041667
0 0.319837 0.150517 0.031250 0.041667
0 0.444400 0.218699 0.031250 0.041667
0 0.605676 0.194223 0.031250 0.041667
0 0.593876 0.174993 0.031250 0.041667
0 0.596498 0.230937 0.031250 0.041667
0 0.397197 0.500168 0.031250 0.041667
0 0.158561 0.582335 0.031250 0.041667
0 0.402442 0.529888 0.031250 0.041667
0 0.559785 0.526391 0.031250 0.041667
0 0.574208 0.498419 0.031250 0.041667
0 0.551918 0.470447 0.031250 0.041667
0 0.313281 0.757161 0.031250 0.041667
0 0.353928 0.778140 0.031250 0.041667
0 0.398509 0.771147 0.031250 0.041667
0 0.418176 0.744923 0.031250 0.041667
0 0.443089 0.783384 0.031250 0.041667
0 0.509960 0.678489 0.031250 0.041667
0 0.608299 0.695972 0.031250 0.041667
0 0.709260 0.610307 0.031250 0.041667
0 0.595187 0.926741 0.031250 0.041667
0 0.693526 0.926741 0.031250 0.041667
0 0.772197 0.870797 0.031250 0.041667
0 0.883648 0.778140 0.031250 0.041667
0 0.936096 0.781636 0.031250 0.041667