0 0.096271 0.474810 0.031250 0.041667
0 0.036770 0.445379 0.031250 0.041667
0 0.148094 0.469692 0.031250 0.041667
0 0.200877 0.430024 0.031250 0.041667
0 0.206635 0.378841 0.031250 0.041667
0 0.170167 0.368604 0.031250 0.041667
0 0.195119 0.719212 0.031250 0.041667
0 0.179764 0.733287 0.031250 0.041667
0 0.389937 0.505520 0.031250 0.041667
0 0.403372 0.517037 0.031250 0.041667
0 0.410090 0.474810 0.031250 0.041667
0 0.491664 0.538790 0.031250 0.041667
0 0.542528 0.470971 0.031250 0.041667
0 0.340033 0.316141 0.031250 0.041667
0 0.302605 0.268796 0.031250 0.041667
0 0.261338 0.267516 0.031250 0.041667
0 0.245983 0.229129 0.031250 0.041667
0 0.283411 0.208655 0.031250 0.041667
0 0.295887 0.186902 0.031250 0.041667
0 0.323718 0.172827 0.031250 0.041667
0 0.286290 0.125482 0.031250 0.041667
0 0.311242 0.101170 0.031250 0.041667
0 0.349630 0.094772 0.031250 0.041667
0 0.187442 0.069180 0.031250 0.041667
0 0.605868 0.149794 0.031250 0.041667
0 0.662490 0.112686 0.031250 0.041667
0 0.712394 0.140837 0.031250 0.041667
0 0.728708 0.188182 0.031250 0.041667
0 0.711434 0.224010 0.031250 0.041667
0 0.809323 0.245763 0.031250 0.041667