0 0.276095 0.750479 0.031250 0.041667
0 0.337811 0.771051 0.031250 0.041667
0 0.396635 0.756908 0.031250 0.041667
0 0.065873 0.583330 0.031250 0.041667
0 0.015728 0.539614 0.031250 0.041667
0 0.440993 0.650190 0.031250 0.041667
0 0.408207 0.533186 0.031250 0.041667
0 0.397599 0.506185 0.031250 0.041667
0 0.509460 0.534471 0.031250 0.041667
0 0.597213 0.512614 0.031250 0.041667
0 0.639643 0.625760 0.031250 0.041667
0 0.673395 0.659190 0.031250 0.041667
0 0.711967 0.699049 0.031250 0.041667
0 0.802613 0.745336 0.031250 0.041667
0 0.897117 0.742765 0.031250 0.041667
0 0.853722 0.583330 0.031250 0.041667
0 0.791042 0.567901 0.031250 0.041667
0 0.825757 0.279891 0.031250 0.041667
0 0.792006 0.180887 0.031250 0.041667
0 0.756326 0.183459 0.031250 0.041667
0 0.550926 0.124314 0.031250 0.041667
0 0.446779 0.207888 0.031250 0.041667
0 0.313703 0.137172 0.031250 0.041667
0 0.282845 0.138457 0.031250 0.041667
0 0.251022 0.144886 0.031250 0.041667
0 0.284774 0.102456 0.031250 0.041667
0 0.314667 0.093456 0.031250 0.041667
0 0.342633 0.102456 0.031250 0.041667