0 0.137233 0.519042 0.031250 0.041667
0 0.109267 0.570473 0.031250 0.041667
0 0.087088 0.468898 0.031250 0.041667
0 0.237522 0.542186 0.031250 0.041667
0 0.227879 0.431611 0.031250 0.041667
0 0.181591 0.366037 0.031250 0.041667
0 0.389884 0.504899 0.031250 0.041667
0 0.406278 0.529328 0.031250 0.041667
0 0.377348 0.543472 0.031250 0.041667
0 0.441958 0.630903 0.031250 0.041667
0 0.366741 0.800624 0.031250 0.041667
0 0.315632 0.778766 0.031250 0.041667
0 0.289595 0.795481 0.031250 0.041667
0 0.502710 0.537043 0.031250 0.041667
0 0.546104 0.470183 0.031250 0.041667
0 0.703288 0.457326 0.031250 0.041667
0 0.745719 0.467612 0.031250 0.041667
0 0.769827 0.426468 0.031250 0.041667
0 0.774648 0.371180 0.031250 0.041667
0 0.841186 0.367323 0.031250 0.041667
0 0.840222 0.479184 0.031250 0.041667
0 0.914475 0.421325 0.031250 0.041667
0 0.698467 0.166744 0.031250 0.041667
0 0.670502 0.099884 0.031250 0.041667
0 0.678216 0.099884 0.031250 0.041667
0 0.627107 0.171887 0.031250 0.041667
0 0.621321 0.189888 0.031250 0.041667
0 0.595285 0.157744 0.031250 0.041667
0 0.338775 0.209174 0.031250 0.041667
0 0.372527 0.195031 0.031250 0.041667
0 0.389884 0.197602 0.031250 0.041667
0 0.442922 0.213031 0.031250 0.041667
0 0.265487 0.102456 0.031250 0.041667
0 0.304060 0.094741 0.031250 0.041667
0 0.342633 0.097313 0.031250 0.041667
0 0.231736 0.042025 0.031250 0.041667
0 0.207628 0.146172 0.031250 0.041667