0 0.208659 0.076534 0.031250 0.041667
0 0.241481 0.113733 0.031250 0.041667
0 0.272663 0.109357 0.031250 0.041667
0 0.308768 0.098416 0.031250 0.041667
0 0.200453 0.139991 0.031250 0.041667
0 0.216864 0.238460 0.031250 0.041667
0 0.213582 0.315046 0.031250 0.041667
0 0.185683 0.341304 0.031250 0.041667
0 0.069162 0.470407 0.031250 0.041667
0 0.024851 0.492289 0.031250 0.041667
0 0.039622 0.612639 0.031250 0.041667
0 0.060956 0.660779 0.031250 0.041667
0 0.110190 0.630145 0.031250 0.041667
0 0.120037 0.586381 0.031250 0.041667
0 0.284151 0.334740 0.031250 0.041667
0 0.310409 0.258153 0.031250 0.041667
0 0.356361 0.266906 0.031250 0.041667
0 0.417083 0.253777 0.031250 0.041667
0 0.441700 0.196884 0.031250 0.041667
0 0.459753 0.205637 0.031250 0.041667
0 0.551657 0.218766 0.031250 0.041667
0 0.623867 0.288788 0.031250 0.041667
0 0.638637 0.356622 0.031250 0.041667
0 0.694436 0.358810 0.031250 0.041667
0 0.738746 0.347869 0.031250 0.041667
0 0.763363 0.124674 0.031250 0.041667
0 0.773210 0.139991 0.031250 0.041667
0 0.883166 0.404762 0.031250 0.041667
0 0.545092 0.485724 0.031250 0.041667
0 0.507346 0.538241 0.031250 0.041667
0 0.382619 0.505418 0.031250 0.041667
0 0.405595 0.536053 0.031250 0.041667
0 0.254611 0.800823 0.031250 0.041667
0 0.282510 0.851151 0.031250 0.041667
0 0.344873 0.818328 0.031250 0.041667
0 0.408878 0.796446 0.031250 0.041667
0 0.413801 0.761436 0.031250 0.041667
0 0.463035 0.743930 0.031250 0.041667
0 0.517193 0.680473 0.031250 0.041667
0 0.659972 0.776753 0.031250 0.041667
0 0.707565 0.787694 0.031250 0.041667