0 0.179764 0.430024 0.031250 0.041667
0 0.321799 0.351969 0.031250 0.041667
0 0.349630 0.348131 0.031250 0.041667
0 0.398574 0.508079 0.031250 0.041667
0 0.413929 0.520875 0.031250 0.041667
0 0.419687 0.478649 0.031250 0.041667
0 0.506060 0.534951 0.031250 0.041667
0 0.546367 0.524714 0.031250 0.041667
0 0.566520 0.494004 0.031250 0.041667
0 0.537729 0.462014 0.031250 0.041667
0 0.226789 0.742244 0.031250 0.041667
0 0.194159 0.113966 0.031250 0.041667
0 0.206635 0.136998 0.031250 0.041667
0 0.240225 0.144676 0.031250 0.041667
0 0.245023 0.112686 0.031250 0.041667
0 0.251741 0.106288 0.031250 0.041667
0 0.299726 0.084535 0.031250 0.041667
0 0.350589 0.088374 0.031250 0.041667
0 0.366904 0.081976 0.031250 0.041667
0 0.590513 0.120363 0.031250 0.041667
0 0.639457 0.165149 0.031250 0.041667
0 0.451357 0.209935 0.031250 0.041667
0 0.721031 0.148514 0.031250 0.041667