0 0.235381 0.099947 0.031250 0.041667
0 0.291849 0.090364 0.031250 0.041667
0 0.245648 0.145121 0.031250 0.041667
0 0.205607 0.153335 0.031250 0.041667
0 0.235381 0.187558 0.031250 0.041667
0 0.278502 0.173868 0.031250 0.041667
0 0.261048 0.220412 0.031250 0.041667
0 0.214847 0.224519 0.031250 0.041667
0 0.304169 0.134170 0.031250 0.041667
0 0.355504 0.130063 0.031250 0.041667
0 0.390412 0.228626 0.031250 0.041667
0 0.439693 0.208092 0.031250 0.041667
0 0.177886 0.413430 0.031250 0.041667
0 0.246674 0.443547 0.031250 0.041667
0 0.383225 0.502411 0.031250 0.041667
0 0.399652 0.520207 0.031250 0.041667
0 0.440720 0.521576 0.031250 0.041667
0 0.481787 0.518838 0.031250 0.041667
0 0.510535 0.527051 0.031250 0.041667
0 0.551603 0.520207 0.031250 0.041667
0 0.564950 0.496935 0.031250 0.041667
0 0.549549 0.476401 0.031250 0.041667
0 0.645032 0.789885 0.031250 0.041667
0 0.358584 0.817263 0.031250 0.041667
0 0.390412 0.939098 0.031250 0.041667
0 0.261048 0.793992 0.031250 0.041667
0 0.656325 0.316237 0.031250 0.041667
0 0.722034 0.316237 0.031250 0.041667
0 0.628605 0.097209 0.031250 0.041667
0 0.607044 0.094471 0.031250 0.041667
0 0.637845 0.068461 0.031250 0.041667
0 0.562896 0.191665 0.031250 0.041667