0 0.086124 0.724764 0.031250 0.041667
0 0.073587 0.601331 0.031250 0.041667
0 0.013800 0.684905 0.031250 0.041667
0 0.373491 0.853340 0.031250 0.041667
0 0.347454 0.795481 0.031250 0.041667
0 0.475709 0.858483 0.031250 0.041667
0 0.445815 0.652761 0.031250 0.041667
0 0.504639 0.539614 0.031250 0.041667
0 0.408207 0.519042 0.031250 0.041667
0 0.397599 0.503613 0.031250 0.041667
0 0.405314 0.466326 0.031250 0.041667
0 0.358062 0.342893 0.031250 0.041667
0 0.272237 0.350608 0.031250 0.041667
0 0.248129 0.400752 0.031250 0.041667
0 0.215342 0.318464 0.031250 0.041667
0 0.457387 0.205317 0.031250 0.041667
0 0.299238 0.115314 0.031250 0.041667
0 0.255844 0.110171 0.031250 0.041667
0 0.283809 0.089598 0.031250 0.041667
0 0.308882 0.099884 0.031250 0.041667
0 0.349383 0.097313 0.031250 0.041667
0 0.749576 0.486898 0.031250 0.041667
0 0.599142 0.503613 0.031250 0.041667
0 0.541283 0.468898 0.031250 0.041667