0 0.305024 0.227175 0.031250 0.041667
0 0.267416 0.159029 0.031250 0.041667
0 0.222093 0.168030 0.031250 0.041667
0 0.401456 0.531900 0.031250 0.041667
0 0.391813 0.499756 0.031250 0.041667
0 0.509460 0.533186 0.031250 0.041667
0 0.543211 0.463755 0.031250 0.041667
0 0.533568 0.597474 0.031250 0.041667
0 0.445815 0.645047 0.031250 0.041667
0 0.366741 0.795481 0.031250 0.041667
0 0.318525 0.785195 0.031250 0.041667
0 0.738004 0.664333 0.031250 0.041667
0 0.795863 0.818624 0.031250 0.041667
0 0.924118 0.958772 0.031250 0.041667
0 0.889402 0.789052 0.031250 0.041667
0 0.883616 0.636046 0.031250 0.041667
0 0.962691 0.627046 0.031250 0.041667
0 0.664716 0.200174 0.031250 0.041667
0 0.704253 0.213031 0.031250 0.041667
0 0.734147 0.201460 0.031250 0.041667
0 0.797792 0.168030 0.031250 0.041667
0 0.621321 0.130743 0.031250 0.041667
0 0.606856 0.123028 0.031250 0.041667
0 0.443886 0.204031 0.031250 0.041667
0 0.305024 0.110171 0.031250 0.041667
0 0.227879 0.070312 0.031250 0.041667
0 0.344561 0.097313 0.031250 0.041667
0 0.182556 0.160315 0.031250 0.041667
0 0.617464 0.117885 0.031250 0.041667
0 0.590463 0.120457 0.031250 0.041667
0 0.546104 0.139743 0.031250 0.041667
0 0.209557 0.304320 0.031250 0.041667