0 0.230432 0.088780 0.031250 0.041667
0 0.268487 0.088780 0.031250 0.041667
0 0.281172 0.093008 0.031250 0.041667
0 0.298614 0.093008 0.031250 0.041667
0 0.335039 0.090632 0.031250 0.041667
0 0.342718 0.080393 0.031250 0.041667
0 0.298614 0.162775 0.031250 0.041667
0 0.338255 0.152204 0.031250 0.041667
0 0.457177 0.186031 0.031250 0.041667
0 0.564999 0.120492 0.031250 0.041667
0 0.232018 0.264255 0.031250 0.041667
0 0.284344 0.300196 0.031250 0.041667
0 0.547557 0.467215 0.031250 0.041667
0 0.704534 0.429160 0.031250 0.041667
0 0.774301 0.431274 0.031250 0.041667
0 0.666479 0.572923 0.031250 0.041667
0 0.601468 0.615207 0.031250 0.041667
0 0.179692 0.748399 0.031250 0.041667