0 0.026786 0.475692 0.031250 0.041667
0 0.121192 0.465203 0.031250 0.041667
0 0.138238 0.529888 0.031250 0.041667
0 0.191996 0.468699 0.031250 0.041667
0 0.181507 0.514154 0.031250 0.041667
0 0.269356 0.466951 0.031250 0.041667
0 0.264112 0.750168 0.031250 0.041667
0 0.296891 0.755412 0.031250 0.041667
0 0.458168 0.543874 0.031250 0.041667
0 0.521105 0.547370 0.031250 0.041667
0 0.542084 0.465203 0.031250 0.041667
0 0.576175 0.629538 0.031250 0.041667
0 0.716472 0.753664 0.031250 0.041667
0 0.758430 0.519398 0.031250 0.041667
0 0.856769 0.531636 0.031250 0.041667
0 0.894793 0.281636 0.031250 0.041667
0 0.800388 0.255412 0.031250 0.041667
0 0.749252 0.257161 0.031250 0.041667
0 0.724339 0.188979 0.031250 0.041667
0 0.821367 0.202965 0.031250 0.041667
0 0.586664 0.159258 0.031250 0.041667
0 0.610266 0.148769 0.031250 0.041667
0 0.569619 0.071846 0.031250 0.041667
0 0.593220 0.096321 0.031250 0.041667
0 0.618133 0.071846 0.031250 0.041667
0 0.699426 0.106811 0.031250 0.041667
0 0.218220 0.279888 0.031250 0.041667
0 0.247066 0.222196 0.031250 0.041667
0 0.249689 0.173244 0.031250 0.041667
0 0.285091 0.173244 0.031250 0.041667
0 0.307381 0.192475 0.031250 0.041667
0 0.328360 0.174993 0.031250 0.041667
0 0.355895 0.197720 0.031250 0.041667
0 0.388675 0.192475 0.031250 0.041667
0 0.439811 0.208209 0.031250 0.041667
0 0.454234 0.208209 0.031250 0.041667
0 0.344094 0.098070 0.031250 0.041667
0 0.316559 0.096321 0.031250 0.041667
0 0.271979 0.098070 0.031250 0.041667
0 0.286402 0.094573 0.031250 0.041667
0 0.258867 0.122545 0.031250 0.041667
0 0.189374 0.092825 0.031250 0.041667
0 0.211664 0.080587 0.031250 0.041667
0 0.231332 0.071846 0.031250 0.041667
0 0.346717 0.082335 0.031250 0.041667