0 0.235189 0.128949 0.031250 0.041667
0 0.254217 0.124720 0.031250 0.041667
0 0.265316 0.095122 0.031250 0.041667
0 0.282758 0.097236 0.031250 0.041667
0 0.295443 0.097236 0.031250 0.041667
0 0.338255 0.090894 0.031250 0.041667
0 0.344597 0.078209 0.031250 0.041667
0 0.323984 0.141634 0.031250 0.041667
0 0.349354 0.126834 0.031250 0.041667
0 0.360454 0.122606 0.031250 0.041667
0 0.377895 0.112035 0.031250 0.041667
0 0.444492 0.209287 0.031250 0.041667
0 0.360454 0.190259 0.031250 0.041667
0 0.333498 0.169118 0.031250 0.041667
0 0.458762 0.192374 0.031250 0.041667
0 0.355697 0.266369 0.031250 0.041667
0 0.298614 0.262141 0.031250 0.041667
0 0.387409 0.492585 0.031250 0.041667
0 0.393752 0.515841 0.031250 0.041667
0 0.457177 0.541211 0.031250 0.041667
0 0.525358 0.547553 0.031250 0.041667
0 0.550728 0.462987 0.031250 0.041667
0 0.593540 0.082437 0.031250 0.041667
0 0.666479 0.188145 0.031250 0.041667
0 0.704534 0.454530 0.031250 0.041667
0 0.783815 0.494699 0.031250 0.041667
0 0.912251 0.511612 0.031250 0.041667
0 0.921764 0.530640 0.031250 0.041667
0 0.893223 0.287511 0.031250 0.041667
0 0.070284 0.488357 0.031250 0.041667
0 0.078213 0.511612 0.031250 0.041667
0 0.162251 0.727257 0.031250 0.041667
0 0.208234 0.725143 0.031250 0.041667