0 0.232643 0.194223 0.031250 0.041667
0 0.256245 0.161007 0.031250 0.041667
0 0.261489 0.183734 0.031250 0.041667
0 0.311314 0.098070 0.031250 0.041667
0 0.338849 0.070098 0.031250 0.041667
0 0.345405 0.071846 0.031250 0.041667
0 0.285091 0.230937 0.031250 0.041667
0 0.243133 0.236182 0.031250 0.041667
0 0.184129 0.386531 0.031250 0.041667
0 0.245755 0.381286 0.031250 0.041667
0 0.316559 0.381286 0.031250 0.041667
0 0.445056 0.332335 0.031250 0.041667
0 0.445056 0.206461 0.031250 0.041667
0 0.458168 0.206461 0.031250 0.041667
0 0.599776 0.234433 0.031250 0.041667
0 0.656157 0.229189 0.031250 0.041667
0 0.665335 0.271147 0.031250 0.041667
0 0.808255 0.187230 0.031250 0.041667
0 0.547328 0.470447 0.031250 0.041667
0 0.589286 0.487930 0.031250 0.041667
0 0.570930 0.512405 0.031250 0.041667
0 0.523727 0.549119 0.031250 0.041667
0 0.456856 0.542126 0.031250 0.041667
0 0.408342 0.538629 0.031250 0.041667
0 0.392608 0.512405 0.031250 0.041667
0 0.075300 0.674993 0.031250 0.041667
0 0.139549 0.701216 0.031250 0.041667
0 0.207731 0.764154 0.031250 0.041667