0 0.161459 0.324450 0.031250 0.041667
0 0.199447 0.336771 0.031250 0.041667
0 0.222034 0.765244 0.031250 0.041667
0 0.510535 0.654361 0.031250 0.041667
0 0.503348 0.533896 0.031250 0.041667
0 0.447907 0.522944 0.031250 0.041667
0 0.553656 0.524313 0.031250 0.041667
0 0.574190 0.499673 0.031250 0.041667
0 0.548523 0.468187 0.031250 0.041667
0 0.577270 0.594129 0.031250 0.041667
0 0.487948 0.631090 0.031250 0.041667
0 0.680966 0.347722 0.031250 0.041667
0 0.715874 0.344984 0.031250 0.041667
0 0.743594 0.239577 0.031250 0.041667
0 0.768235 0.109529 0.031250 0.041667
0 0.738461 0.113636 0.031250 0.041667
0 0.617311 0.119111 0.031250 0.041667
0 0.557763 0.180713 0.031250 0.041667
0 0.547496 0.123218 0.031250 0.041667
0 0.290822 0.264218 0.031250 0.041667
0 0.313410 0.246422 0.031250 0.041667
0 0.376038 0.238208 0.031250 0.041667
0 0.417106 0.247790 0.031250 0.041667
0 0.443800 0.217674 0.031250 0.041667
0 0.456120 0.201247 0.031250 0.041667
0 0.235381 0.165655 0.031250 0.041667
0 0.187126 0.173868 0.031250 0.041667
0 0.281582 0.099947 0.031250 0.041667
0 0.293902 0.091733 0.031250 0.041667
0 0.300063 0.131432 0.031250 0.041667