0 0.195549 0.118378 0.031250 0.041667
0 0.211405 0.107807 0.031250 0.041667
0 0.232018 0.080323 0.031250 0.041667
0 0.228847 0.133177 0.031250 0.041667
0 0.239946 0.141634 0.031250 0.041667
0 0.271659 0.099350 0.031250 0.041667
0 0.281172 0.090894 0.031250 0.041667
0 0.289100 0.090894 0.031250 0.041667
0 0.335084 0.090894 0.031250 0.041667
0 0.341426 0.080323 0.031250 0.041667
0 0.382652 0.131063 0.031250 0.041667
0 0.439735 0.205059 0.031250 0.041667
0 0.463519 0.190259 0.031250 0.041667
0 0.354111 0.167004 0.031250 0.041667
0 0.319227 0.167004 0.031250 0.041667
0 0.222504 0.276940 0.031250 0.041667
0 0.238361 0.365735 0.031250 0.041667
0 0.014788 0.577152 0.031250 0.041667
0 0.079798 0.655376 0.031250 0.041667
0 0.171764 0.731486 0.031250 0.041667
0 0.212991 0.720915 0.031250 0.041667
0 0.127367 0.980957 0.031250 0.041667
0 0.385824 0.482014 0.031250 0.041667
0 0.390580 0.501042 0.031250 0.041667
0 0.460348 0.536982 0.031250 0.041667
0 0.519016 0.543325 0.031250 0.041667
0 0.550728 0.473558 0.031250 0.041667
0 0.699777 0.871021 0.031250 0.041667
0 0.807599 0.945016 0.031250 0.041667
0 0.869439 0.511612 0.031250 0.041667
0 0.939206 0.505270 0.031250 0.041667
0 0.888466 0.285397 0.031250 0.041667
0 0.688678 0.262141 0.031250 0.041667
0 0.675993 0.124720 0.031250 0.041667
0 0.704534 0.095122 0.031250 0.041667