0 0.182385 0.063935 0.031250 0.041667
0 0.212259 0.059742 0.031250 0.041667
0 0.229555 0.055549 0.031250 0.041667
0 0.272008 0.089092 0.031250 0.041667
0 0.283014 0.095381 0.031250 0.041667
0 0.320750 0.114249 0.031250 0.041667
0 0.352196 0.084899 0.031250 0.041667
0 0.215404 0.091188 0.031250 0.041667
0 0.201253 0.145696 0.031250 0.041667
0 0.223266 0.267289 0.031250 0.041667
0 0.199681 0.281964 0.031250 0.041667
0 0.257857 0.252614 0.031250 0.041667
0 0.264146 0.288253 0.031250 0.041667
0 0.355341 0.271482 0.031250 0.041667
0 0.360058 0.317604 0.031250 0.041667
0 0.385215 0.395172 0.031250 0.041667
0 0.144649 0.625780 0.031250 0.041667
0 0.117920 0.694962 0.031250 0.041667
0 0.072322 0.617394 0.031250 0.041667
0 0.183957 0.669805 0.031250 0.041667
0 0.305027 0.785109 0.031250 0.041667
0 0.652511 0.183432 0.031250 0.041667
0 0.709115 0.196010 0.031250 0.041667
0 0.811316 0.164564 0.031250 0.041667
0 0.850624 0.277771 0.031250 0.041667
0 0.880498 0.302928 0.031250 0.041667
0 0.889932 0.300832 0.031250 0.041667
0 0.831756 0.330182 0.031250 0.041667
0 0.757857 0.321796 0.031250 0.041667
0 0.775152 0.420329 0.031250 0.041667
0 0.797165 0.506283 0.031250 0.041667
0 0.816033 0.619490 0.031250 0.041667
0 0.905655 0.575465 0.031250 0.041667
0 0.679240 0.474836 0.031250 0.041667
0 0.544020 0.466450 0.031250 0.041667