0 0.232700 0.187316 0.031250 0.041667
0 0.217271 0.300463 0.031250 0.041667
0 0.213414 0.376323 0.031250 0.041667
0 0.292488 0.400752 0.031250 0.041667
0 0.302131 0.421325 0.031250 0.041667
0 0.394706 0.443182 0.031250 0.041667
0 0.391813 0.520328 0.031250 0.041667
0 0.410135 0.531900 0.031250 0.041667
0 0.507531 0.535757 0.031250 0.041667
0 0.552855 0.467612 0.031250 0.041667
0 0.426529 0.561472 0.031250 0.041667
0 0.595285 0.508756 0.031250 0.041667
0 0.720646 0.674619 0.031250 0.041667
0 0.747647 0.642475 0.031250 0.041667
0 0.839258 0.646333 0.031250 0.041667
0 0.887474 0.637332 0.031250 0.041667
0 0.863366 0.562758 0.031250 0.041667
0 0.834436 0.521614 0.031250 0.041667
0 0.417850 0.753051 0.031250 0.041667
0 0.340704 0.804481 0.031250 0.041667
0 0.288631 0.764623 0.031250 0.041667
0 0.022478 0.641190 0.031250 0.041667
0 0.215342 0.075455 0.031250 0.041667
0 0.190270 0.071598 0.031250 0.041667
0 0.281881 0.094741 0.031250 0.041667
0 0.309846 0.098599 0.031250 0.041667
0 0.345526 0.102456 0.031250 0.041667
0 0.444851 0.209174 0.031250 0.041667
0 0.422671 0.175744 0.031250 0.041667
0 0.393742 0.174459 0.031250 0.041667
0 0.579856 0.243890 0.031250 0.041667
0 0.563462 0.096027 0.031250 0.041667
0 0.335883 0.255461 0.031250 0.041667
0 0.303096 0.223317 0.031250 0.041667
0 0.286702 0.160315 0.031250 0.041667
0 0.270309 0.150029 0.031250 0.041667
0 0.188342 0.183459 0.031250 0.041667