0 0.143263 0.637740 0.031250 0.041667
0 0.246312 0.770933 0.031250 0.041667
0 0.587006 0.930765 0.031250 0.041667
0 0.583852 0.834024 0.031250 0.041667
0 0.656407 0.827014 0.031250 0.041667
0 0.502884 0.606895 0.031250 0.041667
0 0.507090 0.535391 0.031250 0.041667
0 0.545997 0.524175 0.031250 0.041667
0 0.561770 0.498939 0.031250 0.041667
0 0.543894 0.466692 0.031250 0.041667
0 0.408247 0.521371 0.031250 0.041667
0 0.396680 0.500341 0.031250 0.041667
0 0.283116 0.433043 0.031250 0.041667
0 0.350413 0.158245 0.031250 0.041667
0 0.451360 0.203110 0.031250 0.041667
0 0.275755 0.096555 0.031250 0.041667
0 0.283116 0.085339 0.031250 0.041667
0 0.283116 0.067112 0.031250 0.041667
0 0.225282 0.072721 0.031250 0.041667
0 0.258931 0.104967 0.031250 0.041667
0 0.400886 0.135812 0.031250 0.041667
0 0.561770 0.191893 0.031250 0.041667