0 0.185324 0.480712 0.031250 0.041667
0 0.275755 0.489124 0.031250 0.041667
0 0.269446 0.351725 0.031250 0.041667
0 0.246312 0.264799 0.031250 0.041667
0 0.235797 0.245171 0.031250 0.041667
0 0.247364 0.212924 0.031250 0.041667
0 0.206354 0.184883 0.031250 0.041667
0 0.353568 0.179275 0.031250 0.041667
0 0.269446 0.095153 0.031250 0.041667
0 0.279961 0.088143 0.031250 0.041667
0 0.311507 0.096555 0.031250 0.041667
0 0.330434 0.097957 0.031250 0.041667
0 0.247364 0.128802 0.031250 0.041667
0 0.215818 0.088143 0.031250 0.041667
0 0.623810 0.144224 0.031250 0.041667
0 0.692159 0.397992 0.031250 0.041667
0 0.537585 0.472300 0.031250 0.041667
0 0.569130 0.498939 0.031250 0.041667
0 0.547048 0.519969 0.031250 0.041667
0 0.503936 0.549412 0.031250 0.041667
0 0.455566 0.699429 0.031250 0.041667
0 0.409299 0.787757 0.031250 0.041667
0 0.357774 0.818602 0.031250 0.041667
0 0.298889 0.790561 0.031250 0.041667
0 0.394577 0.529783 0.031250 0.041667
0 0.394577 0.500341 0.031250 0.041667
0 0.418762 0.482114 0.031250 0.041667
0 0.727911 0.355931 0.031250 0.041667
0 0.555461 0.203110 0.031250 0.041667