0 0.368289 0.047484 0.031250 0.041667
0 0.381959 0.046082 0.031250 0.041667
0 0.268394 0.057298 0.031250 0.041667
0 0.250518 0.051690 0.031250 0.041667
0 0.213715 0.104967 0.031250 0.041667
0 0.259982 0.102163 0.031250 0.041667
0 0.283116 0.096555 0.031250 0.041667
0 0.298889 0.086741 0.031250 0.041667
0 0.322022 0.104967 0.031250 0.041667
0 0.361980 0.095153 0.031250 0.041667
0 0.059141 0.786355 0.031250 0.041667
0 0.058089 0.841035 0.031250 0.041667
0 0.109614 0.804582 0.031250 0.041667
0 0.060192 0.678399 0.031250 0.041667
0 0.009719 0.749903 0.031250 0.041667
0 0.052832 0.531185 0.031250 0.041667
0 0.125387 0.479310 0.031250 0.041667
0 0.132748 0.815798 0.031250 0.041667
0 0.191633 0.866271 0.031250 0.041667
0 0.311507 0.784953 0.031250 0.041667
0 0.310455 0.947589 0.031250 0.041667
0 0.617500 0.941981 0.031250 0.041667
0 0.513400 0.566236 0.031250 0.041667
0 0.599625 0.576050 0.031250 0.041667
0 0.547048 0.475104 0.031250 0.041667
0 0.561770 0.496135 0.031250 0.041667
0 0.544945 0.517165 0.031250 0.041667
0 0.501833 0.529783 0.031250 0.041667
0 0.436638 0.531185 0.031250 0.041667
0 0.392474 0.526979 0.031250 0.041667
0 0.384062 0.493330 0.031250 0.041667
0 0.827805 0.745696 0.031250 0.041667
0 0.924546 0.768129 0.031250 0.041667
0 0.766817 0.479310 0.031250 0.041667
0 0.756302 0.238160 0.031250 0.041667
0 0.783641 0.170863 0.031250 0.041667
0 0.814136 0.182079 0.031250 0.041667
0 0.558615 0.182079 0.031250 0.041667
0 0.453463 0.207316 0.031250 0.041667
0 0.220024 0.269005 0.031250 0.041667
0 0.176912 0.201708 0.031250 0.041667