0 0.448265 0.203449 0.031250 0.041667
0 0.546733 0.223142 0.031250 0.041667
0 0.630431 0.131239 0.031250 0.041667
0 0.641919 0.122486 0.031250 0.041667
0 0.725617 0.205637 0.031250 0.041667
0 0.774851 0.203449 0.031250 0.041667
0 0.806033 0.433208 0.031250 0.041667
0 0.829009 0.579816 0.031250 0.041667
0 0.742029 0.584193 0.031250 0.041667
0 0.646843 0.415702 0.031250 0.041667
0 0.545092 0.468219 0.031250 0.041667
0 0.505705 0.529488 0.031250 0.041667
0 0.394107 0.507606 0.031250 0.041667
0 0.402313 0.529488 0.031250 0.041667
0 0.151219 0.759247 0.031250 0.041667
0 0.187324 0.800823 0.031250 0.041667
0 0.449906 0.584193 0.031250 0.041667
0 0.444983 0.623580 0.031250 0.041667
0 0.490934 0.719860 0.031250 0.041667
0 0.609096 0.798635 0.031250 0.041667
0 0.558221 0.820517 0.031250 0.041667
0 0.426930 0.853339 0.031250 0.041667
0 0.397390 0.800823 0.031250 0.041667
0 0.339950 0.763624 0.031250 0.041667
0 0.116755 0.612639 0.031250 0.041667
0 0.108549 0.553558 0.031250 0.041667
0 0.065880 0.542617 0.031250 0.041667
0 0.060956 0.630145 0.031250 0.041667