0 0.452317 0.204816 0.031250 0.041667
0 0.723910 0.194580 0.031250 0.041667
0 0.746942 0.254720 0.031250 0.041667
0 0.665369 0.107568 0.031250 0.041667
0 0.273814 0.222731 0.031250 0.041667
0 0.251741 0.185623 0.031250 0.041667
0 0.212394 0.190741 0.031250 0.041667
0 0.202797 0.075578 0.031250 0.041667
0 0.228708 0.073019 0.031250 0.041667
0 0.310282 0.089653 0.031250 0.041667
0 0.367864 0.090933 0.031250 0.041667
0 0.504140 0.533671 0.031250 0.041667
0 0.409131 0.529832 0.031250 0.041667
0 0.408171 0.472251 0.031250 0.041667
0 0.574198 0.495284 0.031250 0.041667
0 0.616424 0.520875 0.031250 0.041667
0 0.262298 0.774234 0.031250 0.041667
0 0.197998 0.744804 0.031250 0.041667
0 0.541568 0.470971 0.031250 0.041667