0 0.189374 0.084084 0.031250 0.041667
0 0.214286 0.084084 0.031250 0.041667
0 0.256245 0.084084 0.031250 0.041667
0 0.274601 0.092825 0.031250 0.041667
0 0.287713 0.105063 0.031250 0.041667
0 0.304759 0.103314 0.031250 0.041667
0 0.349339 0.082335 0.031250 0.041667
0 0.337538 0.068349 0.031250 0.041667
0 0.342783 0.208209 0.031250 0.041667
0 0.299514 0.220447 0.031250 0.041667
0 0.264112 0.272895 0.031250 0.041667
0 0.193307 0.398769 0.031250 0.041667
0 0.041210 0.552615 0.031250 0.041667
0 0.172328 0.435482 0.031250 0.041667
0 0.098902 0.570098 0.031250 0.041667
0 0.085790 0.657510 0.031250 0.041667
0 0.188063 0.692475 0.031250 0.041667
0 0.286402 0.412755 0.031250 0.041667
0 0.443745 0.215203 0.031250 0.041667
0 0.452923 0.213454 0.031250 0.041667
0 0.464724 0.528140 0.031250 0.041667
0 0.532905 0.545622 0.031250 0.041667
0 0.542084 0.472196 0.031250 0.041667
0 0.628622 0.477440 0.031250 0.041667
0 0.667958 0.591077 0.031250 0.041667
0 0.626000 0.694223 0.031250 0.041667
0 0.438500 0.757161 0.031250 0.041667
0 0.319182 0.786881 0.031250 0.041667
0 0.287713 0.757161 0.031250 0.041667
0 0.868570 0.681986 0.031250 0.041667
0 0.852835 0.391776 0.031250 0.041667
0 0.896105 0.391776 0.031250 0.041667
0 0.729584 0.106811 0.031250 0.041667
0 0.266492 0.123992 0.031250 0.041667