0 0.783815 0.160661 0.031250 0.041667
0 0.798086 0.164889 0.031250 0.041667
0 0.829798 0.190259 0.031250 0.041667
0 0.461933 0.194488 0.031250 0.041667
0 0.438149 0.255799 0.031250 0.041667
0 0.423879 0.295968 0.031250 0.041667
0 0.347769 0.274826 0.031250 0.041667
0 0.328741 0.310767 0.031250 0.041667
0 0.355697 0.325566 0.031250 0.041667
0 0.266902 0.198716 0.031250 0.041667
0 0.311299 0.167004 0.031250 0.041667
0 0.228847 0.150090 0.031250 0.041667
0 0.186035 0.088780 0.031250 0.041667
0 0.273244 0.099350 0.031250 0.041667
0 0.282758 0.099350 0.031250 0.041667
0 0.290686 0.090894 0.031250 0.041667
0 0.335084 0.093008 0.031250 0.041667
0 0.358868 0.086665 0.031250 0.041667
0 0.203477 0.251570 0.031250 0.041667
0 0.236775 0.262141 0.031250 0.041667
0 0.542800 0.471443 0.031250 0.041667
0 0.555485 0.625777 0.031250 0.041667
0 0.725147 0.784340 0.031250 0.041667
0 0.902737 0.763198 0.031250 0.041667
0 0.276415 0.748399 0.031250 0.041667
0 0.190792 0.746285 0.031250 0.041667
0 0.167007 0.665947 0.031250 0.041667
0 0.146394 0.630006 0.031250 0.041667