0 0.049479 0.621903 0.031250 0.041667
0 0.081302 0.546043 0.031250 0.041667
0 0.200878 0.453469 0.031250 0.041667
0 0.395670 0.504899 0.031250 0.041667
0 0.410135 0.537043 0.031250 0.041667
0 0.450637 0.579473 0.031250 0.041667
0 0.504639 0.535757 0.031250 0.041667
0 0.549962 0.470183 0.031250 0.041667
0 0.688824 0.741479 0.031250 0.041667
0 0.631929 0.924057 0.031250 0.041667
0 0.772720 0.958772 0.031250 0.041667
0 0.821900 0.872626 0.031250 0.041667
0 0.950154 0.912485 0.031250 0.041667
0 0.371562 0.794195 0.031250 0.041667
0 0.312739 0.763337 0.031250 0.041667
0 0.291524 0.783909 0.031250 0.041667
0 0.365776 0.304320 0.031250 0.041667
0 0.291524 0.281177 0.031250 0.041667
0 0.309846 0.272176 0.031250 0.041667
0 0.286702 0.252890 0.031250 0.041667
0 0.249094 0.254176 0.031250 0.041667
0 0.258737 0.210460 0.031250 0.041667
0 0.188342 0.093456 0.031250 0.041667
0 0.189306 0.045883 0.031250 0.041667
0 0.226914 0.042025 0.031250 0.041667
0 0.310810 0.093456 0.031250 0.041667
0 0.343597 0.102456 0.031250 0.041667
0 0.445815 0.213031 0.031250 0.041667
0 0.594320 0.269605 0.031250 0.041667
0 0.647358 0.255461 0.031250 0.041667
0 0.599142 0.178316 0.031250 0.041667
0 0.612642 0.170601 0.031250 0.041667
0 0.731254 0.243890 0.031250 0.041667
0 0.746683 0.324893 0.031250 0.041667
0 0.803578 0.321035 0.031250 0.041667
0 0.788149 0.241318 0.031250 0.041667
0 0.655072 0.251604 0.031250 0.041667