0 0.025935 0.665313 0.031250 0.041667
0 0.359611 0.506517 0.031250 0.041667
0 0.441746 0.527051 0.031250 0.041667
0 0.503348 0.533896 0.031250 0.041667
0 0.544416 0.470925 0.031250 0.041667
0 0.529015 0.585915 0.031250 0.041667
0 0.469467 0.620138 0.031250 0.041667
0 0.253861 0.830953 0.031250 0.041667
0 0.821623 0.648886 0.031250 0.041667
0 0.924293 0.672157 0.031250 0.041667
0 0.679939 0.412062 0.031250 0.041667
0 0.660432 0.342246 0.031250 0.041667
0 0.685073 0.297072 0.031250 0.041667
0 0.707660 0.275169 0.031250 0.041667
0 0.687126 0.242315 0.031250 0.041667
0 0.728194 0.376469 0.031250 0.041667
0 0.808276 0.223150 0.031250 0.041667
0 0.772342 0.134170 0.031250 0.041667
0 0.719980 0.136908 0.031250 0.041667
0 0.555709 0.183451 0.031250 0.041667
0 0.453040 0.202616 0.031250 0.041667
0 0.435586 0.224519 0.031250 0.041667
0 0.402732 0.210829 0.031250 0.041667
0 0.377065 0.208092 0.031250 0.041667
0 0.384251 0.183451 0.031250 0.041667
0 0.351397 0.182082 0.031250 0.041667
0 0.295956 0.157441 0.031250 0.041667
0 0.266182 0.147859 0.031250 0.041667
0 0.250781 0.217674 0.031250 0.041667
0 0.250781 0.193033 0.031250 0.041667
0 0.196366 0.186189 0.031250 0.041667
0 0.294929 0.094471 0.031250 0.041667
0 0.274395 0.097209 0.031250 0.041667
0 0.208687 0.277907 0.031250 0.041667
0 0.194313 0.047927 0.031250 0.041667