0 0.275945 0.074346 0.031250 0.041667
0 0.275945 0.091851 0.031250 0.041667
0 0.312050 0.094039 0.031250 0.041667
0 0.336667 0.102792 0.031250 0.041667
0 0.279228 0.124674 0.031250 0.041667
0 0.252969 0.157497 0.031250 0.041667
0 0.190606 0.102792 0.031250 0.041667
0 0.205376 0.131239 0.031250 0.041667
0 0.354720 0.148744 0.031250 0.041667
0 0.399031 0.139991 0.031250 0.041667
0 0.446624 0.210013 0.031250 0.041667
0 0.543451 0.220954 0.031250 0.041667
0 0.568068 0.201260 0.031250 0.041667
0 0.696077 0.227519 0.031250 0.041667
0 0.715770 0.205637 0.031250 0.041667
0 0.776492 0.170626 0.031250 0.041667
0 0.801109 0.166250 0.031250 0.041667
0 0.630431 0.304105 0.031250 0.041667
0 0.664895 0.538241 0.031250 0.041667
0 0.732182 0.472595 0.031250 0.041667
0 0.722335 0.540429 0.031250 0.041667
0 0.824085 0.507606 0.031250 0.041667
0 0.917630 0.520735 0.031250 0.041667
0 0.554939 0.468219 0.031250 0.041667
0 0.508987 0.520735 0.031250 0.041667
0 0.525398 0.706731 0.031250 0.041667
0 0.422007 0.660779 0.031250 0.041667
0 0.395748 0.807387 0.031250 0.041667
0 0.341591 0.824893 0.031250 0.041667
0 0.295639 0.822705 0.031250 0.041667
0 0.192247 0.772376 0.031250 0.041667
0 0.187324 0.732989 0.031250 0.041667
0 0.036339 0.647650 0.031250 0.041667
0 0.016646 0.647650 0.031250 0.041667
0 0.101985 0.595134 0.031250 0.041667
0 0.248046 0.562311 0.031250 0.041667
0 0.395748 0.507606 0.031250 0.041667
0 0.403954 0.520735 0.031250 0.041667
0 0.287433 0.420079 0.031250 0.041667
0 0.216864 0.415702 0.031250 0.041667
0 0.223429 0.360998 0.031250 0.041667
0 0.220147 0.264718 0.031250 0.041667
0 0.243123 0.293164 0.031250 0.041667
0 0.321897 0.321611 0.031250 0.041667
0 0.377696 0.310670 0.031250 0.041667