0 0.197241 0.035133 0.031250 0.041667
0 0.215598 0.036881 0.031250 0.041667
0 0.201175 0.059608 0.031250 0.041667
0 0.202486 0.084084 0.031250 0.041667
0 0.214286 0.091077 0.031250 0.041667
0 0.308692 0.087580 0.031250 0.041667
0 0.341472 0.073594 0.031250 0.041667
0 0.350650 0.078839 0.031250 0.041667
0 0.351961 0.181986 0.031250 0.041667
0 0.289024 0.187230 0.031250 0.041667
0 0.304759 0.244923 0.031250 0.041667
0 0.439811 0.213454 0.031250 0.041667
0 0.455545 0.215203 0.031250 0.041667
0 0.205108 0.353314 0.031250 0.041667
0 0.273290 0.367300 0.031250 0.041667
0 0.053010 0.694223 0.031250 0.041667
0 0.306070 0.779888 0.031250 0.041667
0 0.321804 0.800867 0.031250 0.041667
0 0.420143 0.774643 0.031250 0.041667
0 0.445056 0.743175 0.031250 0.041667
0 0.476524 0.783384 0.031250 0.041667
0 0.355895 0.517650 0.031250 0.041667
0 0.412276 0.533384 0.031250 0.041667
0 0.477835 0.533384 0.031250 0.041667
0 0.532905 0.533384 0.031250 0.041667
0 0.568307 0.522895 0.031250 0.041667
0 0.585353 0.503664 0.031250 0.041667
0 0.546017 0.473944 0.031250 0.041667
0 0.556507 0.645272 0.031250 0.041667
0 0.629933 0.223944 0.031250 0.041667
0 0.690248 0.154014 0.031250 0.041667
0 0.707293 0.126042 0.031250 0.041667
0 0.759741 0.190727 0.031250 0.041667
0 0.776786 0.188979 0.031250 0.041667
0 0.766297 0.250168 0.031250 0.041667
0 0.733517 0.355063 0.031250 0.041667