0 0.310409 0.096228 0.031250 0.041667
0 0.362926 0.124674 0.031250 0.041667
0 0.377696 0.083099 0.031250 0.041667
0 0.397390 0.083099 0.031250 0.041667
0 0.366208 0.188131 0.031250 0.041667
0 0.316974 0.190320 0.031250 0.041667
0 0.438418 0.205637 0.031250 0.041667
0 0.454829 0.205637 0.031250 0.041667
0 0.543451 0.214390 0.031250 0.041667
0 0.581197 0.146556 0.031250 0.041667
0 0.625508 0.150932 0.031250 0.041667
0 0.656689 0.146556 0.031250 0.041667
0 0.650125 0.229707 0.031250 0.041667
0 0.689512 0.247212 0.031250 0.041667
0 0.765004 0.264718 0.031250 0.041667
0 0.815880 0.218766 0.031250 0.041667
0 0.824085 0.255965 0.031250 0.041667
0 0.582838 0.494477 0.031250 0.041667
0 0.556580 0.527300 0.031250 0.041667
0 0.548374 0.476972 0.031250 0.041667
0 0.397390 0.505418 0.031250 0.041667
0 0.402313 0.527300 0.031250 0.041667
0 0.225070 0.212201 0.031250 0.041667
0 0.184042 0.225331 0.031250 0.041667
0 0.234917 0.255965 0.031250 0.041667
0 0.313692 0.332552 0.031250 0.041667
0 0.308768 0.400385 0.031250 0.041667
0 0.290716 0.557934 0.031250 0.041667
0 0.229994 0.660779 0.031250 0.041667
0 0.238199 0.704543 0.031250 0.041667
0 0.335026 0.765812 0.031250 0.041667
0 0.298921 0.796446 0.031250 0.041667
0 0.353079 0.798635 0.031250 0.041667
0 0.387543 0.787694 0.031250 0.041667
0 0.412160 0.739554 0.031250 0.041667
0 0.441700 0.743930 0.031250 0.041667