0 0.220071 0.213774 0.031250 0.041667
0 0.232547 0.257280 0.031250 0.041667
0 0.233507 0.209935 0.031250 0.041667
0 0.244063 0.105008 0.031250 0.041667
0 0.211434 0.060223 0.031250 0.041667
0 0.306443 0.092212 0.031250 0.041667
0 0.329476 0.098610 0.031250 0.041667
0 0.369783 0.088374 0.031250 0.041667
0 0.709514 0.099890 0.031250 0.041667
0 0.748862 0.113966 0.031250 0.041667
0 0.763257 0.142117 0.031250 0.041667
0 0.506060 0.533671 0.031250 0.041667
0 0.553085 0.517037 0.031250 0.041667
0 0.563641 0.497843 0.031250 0.041667
0 0.770935 0.625802 0.031250 0.041667
0 0.398574 0.520875 0.031250 0.041667
0 0.397614 0.501681 0.031250 0.041667
0 0.409131 0.477369 0.031250 0.041667
0 0.547326 0.465853 0.031250 0.041667
0 0.850589 0.605328 0.031250 0.041667
0 0.295887 0.824138 0.031250 0.041667
0 0.445599 0.211214 0.031250 0.041667