0 0.239946 0.076095 0.031250 0.041667
0 0.273244 0.095122 0.031250 0.041667
0 0.289100 0.086665 0.031250 0.041667
0 0.297029 0.086665 0.031250 0.041667
0 0.335084 0.093008 0.031250 0.041667
0 0.344597 0.080323 0.031250 0.041667
0 0.441320 0.205059 0.031250 0.041667
0 0.449248 0.209287 0.031250 0.041667
0 0.457177 0.194488 0.031250 0.041667
0 0.276415 0.209287 0.031250 0.041667
0 0.192377 0.317109 0.031250 0.041667
0 0.316056 0.374192 0.031250 0.041667
0 0.544386 0.473558 0.031250 0.041667
0 0.441320 0.634234 0.031250 0.041667
0 0.165422 0.754741 0.031250 0.041667
0 0.572927 0.190259 0.031250 0.041667