0 0.051408 0.839197 0.031250 0.041667
0 0.121803 0.830196 0.031250 0.041667
0 0.176770 0.795481 0.031250 0.041667
0 0.282845 0.753051 0.031250 0.041667
0 0.305024 0.780052 0.031250 0.041667
0 0.363848 0.800624 0.031250 0.041667
0 0.498853 0.909913 0.031250 0.041667
0 0.499817 0.961344 0.031250 0.041667
0 0.657001 0.816053 0.031250 0.041667
0 0.717753 0.826339 0.031250 0.041667
0 0.752469 0.854626 0.031250 0.041667
0 0.440993 0.655333 0.031250 0.041667
0 0.413028 0.538329 0.031250 0.041667
0 0.399528 0.507470 0.031250 0.041667
0 0.510424 0.533186 0.031250 0.041667
0 0.549962 0.475326 0.031250 0.041667
0 0.595285 0.517757 0.031250 0.041667
0 0.734147 0.405895 0.031250 0.041667
0 0.897117 0.470183 0.031250 0.041667
0 0.904831 0.421325 0.031250 0.041667
0 0.847937 0.596188 0.031250 0.041667
0 0.402421 0.250318 0.031250 0.041667
0 0.344561 0.247747 0.031250 0.041667
0 0.451601 0.206603 0.031250 0.041667
0 0.287666 0.094741 0.031250 0.041667
0 0.311774 0.094741 0.031250 0.041667
0 0.352276 0.096027 0.031250 0.041667
0 0.264523 0.049740 0.031250 0.041667
0 0.237522 0.063883 0.031250 0.041667
0 0.207628 0.088313 0.031250 0.041667
0 0.189306 0.079312 0.031250 0.041667