0 0.055709 0.621507 0.031250 0.041667
0 0.005401 0.609187 0.031250 0.041667
0 0.014642 0.501042 0.031250 0.041667
0 0.073163 0.509255 0.031250 0.041667
0 0.082403 0.477770 0.031250 0.041667
0 0.116284 0.499673 0.031250 0.041667
0 0.209713 0.527051 0.031250 0.041667
0 0.218954 0.380576 0.031250 0.041667
0 0.270288 0.388790 0.031250 0.041667
0 0.298009 0.287489 0.031250 0.041667
0 0.214847 0.228626 0.031250 0.041667
0 0.287742 0.187558 0.031250 0.041667
0 0.318543 0.179344 0.031250 0.041667
0 0.370904 0.283383 0.031250 0.041667
0 0.416079 0.288858 0.031250 0.041667
0 0.440720 0.212198 0.031250 0.041667
0 0.458173 0.203985 0.031250 0.041667
0 0.379118 0.480508 0.031250 0.041667
0 0.364744 0.496935 0.031250 0.041667
0 0.447907 0.527051 0.031250 0.041667
0 0.517722 0.538003 0.031250 0.041667
0 0.548523 0.476401 0.031250 0.041667
0 0.496161 0.584546 0.031250 0.041667
0 0.476654 0.628352 0.031250 0.041667
0 0.244621 0.770720 0.031250 0.041667
0 0.560843 0.186189 0.031250 0.041667
0 0.277475 0.098578 0.031250 0.041667
0 0.292876 0.094471 0.031250 0.041667
0 0.361664 0.080782 0.031250 0.041667