0 0.193963 0.120492 0.031250 0.041667
0 0.200306 0.112035 0.031250 0.041667
0 0.212991 0.126834 0.031250 0.041667
0 0.225676 0.109921 0.031250 0.041667
0 0.271659 0.097236 0.031250 0.041667
0 0.284344 0.097236 0.031250 0.041667
0 0.336669 0.088780 0.031250 0.041667
0 0.322399 0.181803 0.031250 0.041667
0 0.354111 0.177574 0.031250 0.041667
0 0.363625 0.141634 0.031250 0.041667
0 0.444492 0.202944 0.031250 0.041667
0 0.468276 0.198716 0.031250 0.041667
0 0.216162 0.192374 0.031250 0.041667
0 0.257388 0.232543 0.031250 0.041667
0 0.170179 0.433388 0.031250 0.041667
0 0.051257 0.441845 0.031250 0.041667
0 0.029058 0.758970 0.031250 0.041667
0 0.167007 0.729371 0.031250 0.041667
0 0.211405 0.723029 0.031250 0.041667
0 0.392166 0.484128 0.031250 0.041667
0 0.398509 0.503156 0.031250 0.041667
0 0.457177 0.534868 0.031250 0.041667
0 0.519016 0.543325 0.031250 0.041667
0 0.542800 0.477786 0.031250 0.041667
0 0.460348 0.839308 0.031250 0.041667
0 0.720390 0.308653 0.031250 0.041667
0 0.848826 0.446073 0.031250 0.041667
0 0.883709 0.437617 0.031250 0.041667
0 0.890052 0.274826 0.031250 0.041667
0 0.701363 0.150090 0.031250 0.041667
0 0.579270 0.147976 0.031250 0.041667
0 0.561828 0.156433 0.031250 0.041667
0 0.726733 0.112035 0.031250 0.041667