0 0.241532 0.040154 0.031250 0.041667
0 0.268487 0.086665 0.031250 0.041667
0 0.282758 0.097236 0.031250 0.041667
0 0.298614 0.086665 0.031250 0.041667
0 0.336669 0.090894 0.031250 0.041667
0 0.355697 0.084551 0.031250 0.041667
0 0.300200 0.150090 0.031250 0.041667
0 0.270073 0.164889 0.031250 0.041667
0 0.225676 0.253684 0.031250 0.041667
0 0.252631 0.253684 0.031250 0.041667
0 0.289100 0.238885 0.031250 0.041667
0 0.330327 0.228314 0.031250 0.041667
0 0.603054 0.238885 0.031250 0.041667
0 0.634766 0.221972 0.031250 0.041667
0 0.550728 0.460873 0.031250 0.041667
0 0.100411 0.456644 0.031250 0.041667
0 0.155908 0.642691 0.031250 0.041667
0 0.203477 0.744171 0.031250 0.041667
0 0.285929 0.739942 0.031250 0.041667
0 0.994703 0.949245 0.031250 0.041667