0 0.311299 0.175460 0.031250 0.041667
0 0.319227 0.181803 0.031250 0.041667
0 0.339840 0.230429 0.031250 0.041667
0 0.238361 0.236771 0.031250 0.041667
0 0.262145 0.236771 0.031250 0.041667
0 0.425464 0.196602 0.031250 0.041667
0 0.431807 0.209287 0.031250 0.041667
0 0.457177 0.198716 0.031250 0.041667
0 0.339840 0.090894 0.031250 0.041667
0 0.358868 0.088780 0.031250 0.041667
0 0.271659 0.093008 0.031250 0.041667
0 0.282758 0.093008 0.031250 0.041667
0 0.298614 0.093008 0.031250 0.041667
0 0.552314 0.473558 0.031250 0.041667
0 0.712462 0.813938 0.031250 0.041667
0 0.706120 0.890048 0.031250 0.041667
0 0.752103 0.890048 0.031250 0.041667
0 0.544386 0.890048 0.031250 0.041667
0 0.902737 0.797025 0.031250 0.041667
0 0.937621 0.649033 0.031250 0.041667
0 0.182864 0.627892 0.031250 0.041667
0 0.211405 0.655376 0.031250 0.041667
0 0.197134 0.739942 0.031250 0.041667
0 0.295443 0.746285 0.031250 0.041667