0 0.283809 0.272176 0.031250 0.041667
0 0.274166 0.233604 0.031250 0.041667
0 0.268380 0.124314 0.031250 0.041667
0 0.291524 0.116599 0.031250 0.041667
0 0.288631 0.092170 0.031250 0.041667
0 0.311774 0.094741 0.031250 0.041667
0 0.346490 0.098599 0.031250 0.041667
0 0.401456 0.211746 0.031250 0.041667
0 0.444851 0.220746 0.031250 0.041667
0 0.452565 0.209174 0.031250 0.041667
0 0.631929 0.252890 0.031250 0.041667
0 0.582748 0.130743 0.031250 0.041667
0 0.668573 0.246461 0.031250 0.041667
0 0.504639 0.530614 0.031250 0.041667
0 0.540318 0.479184 0.031250 0.041667
0 0.406278 0.529328 0.031250 0.041667
0 0.396635 0.507470 0.031250 0.041667
0 0.413028 0.479184 0.031250 0.041667
0 0.322382 0.386609 0.031250 0.041667
0 0.251022 0.387895 0.031250 0.041667
0 0.202806 0.369894 0.031250 0.041667
0 0.182556 0.483041 0.031250 0.041667
0 0.122768 0.484327 0.031250 0.041667
0 0.062980 0.538329 0.031250 0.041667
0 0.213414 0.840482 0.031250 0.041667
0 0.271273 0.778766 0.031250 0.041667
0 0.548033 0.652761 0.031250 0.041667
0 0.720646 0.593616 0.031250 0.041667