0 0.310305 0.089666 0.031250 0.041667
0 0.369829 0.047338 0.031250 0.041667
0 0.453162 0.211359 0.031250 0.041667
0 0.248797 0.203423 0.031250 0.041667
0 0.256734 0.192841 0.031250 0.041667
0 0.191257 0.229878 0.031250 0.041667
0 0.256734 0.266915 0.031250 0.041667
0 0.304353 0.282788 0.031250 0.041667
0 0.070226 0.565856 0.031250 0.041667
0 0.296416 0.735169 0.031250 0.041667
0 0.304353 0.780142 0.031250 0.041667
0 0.310305 0.880671 0.031250 0.041667
0 0.264670 0.891253 0.031250 0.041667
0 0.348003 0.803952 0.031250 0.041667
0 0.375781 0.785433 0.031250 0.041667
0 0.413480 0.753687 0.031250 0.041667
0 0.435305 0.735169 0.031250 0.041667
0 0.814273 0.981200 0.031250 0.041667
0 0.931337 0.986491 0.031250 0.041667
0 0.554353 0.515592 0.031250 0.041667
0 0.401575 0.467973 0.031250 0.041667
0 0.397607 0.499719 0.031250 0.041667
0 0.423400 0.539401 0.031250 0.041667
0 0.550384 0.473264 0.031250 0.041667
0 0.588083 0.491782 0.031250 0.041667
0 0.812289 0.523528 0.031250 0.041667
0 0.865861 0.515592 0.031250 0.041667
0 0.546416 0.206068 0.031250 0.041667
0 0.627765 0.171677 0.031250 0.041667
0 0.663480 0.153158 0.031250 0.041667
0 0.746813 0.155804 0.031250 0.041667
0 0.792448 0.169031 0.031250 0.041667
0 0.772607 0.187550 0.031250 0.041667