0 0.595311 0.175386 0.031250 0.041667
0 0.572278 0.101170 0.031250 0.041667
0 0.632739 0.101170 0.031250 0.041667
0 0.123142 0.351969 0.031250 0.041667
0 0.199918 0.344292 0.031250 0.041667
0 0.216232 0.373722 0.031250 0.041667
0 0.310282 0.406992 0.031250 0.041667
0 0.416808 0.473530 0.031250 0.041667
0 0.388017 0.502961 0.031250 0.041667
0 0.415848 0.532392 0.031250 0.041667
0 0.370743 0.808783 0.031250 0.041667
0 0.485906 0.712814 0.031250 0.041667
0 0.510858 0.537510 0.031250 0.041667
0 0.558843 0.518316 0.031250 0.041667
0 0.567480 0.492724 0.031250 0.041667
0 0.543488 0.463294 0.031250 0.041667
0 0.640417 0.560543 0.031250 0.041667
0 0.746942 0.523435 0.031250 0.041667
0 0.796847 0.528553 0.031250 0.041667
0 0.755580 0.826697 0.031250 0.041667
0 0.847710 0.819020 0.031250 0.041667
0 0.396655 0.195859 0.031250 0.041667
0 0.456156 0.207376 0.031250 0.041667
0 0.342912 0.074298 0.031250 0.041667
0 0.321799 0.098610 0.031250 0.041667
0 0.293967 0.097331 0.031250 0.041667
0 0.288209 0.090933 0.031250 0.041667
0 0.269015 0.092212 0.031250 0.041667
0 0.230628 0.088374 0.031250 0.041667
0 0.211434 0.064062 0.031250 0.041667
0 0.364025 0.084535 0.031250 0.041667
0 0.183603 0.121643 0.031250 0.041667