0 0.273244 0.093008 0.031250 0.041667
0 0.285929 0.093008 0.031250 0.041667
0 0.295443 0.090894 0.031250 0.041667
0 0.336669 0.088780 0.031250 0.041667
0 0.355697 0.088780 0.031250 0.041667
0 0.323984 0.173346 0.031250 0.041667
0 0.357282 0.188145 0.031250 0.041667
0 0.371553 0.186031 0.031250 0.041667
0 0.360454 0.198716 0.031250 0.041667
0 0.369967 0.205059 0.031250 0.041667
0 0.460348 0.194488 0.031250 0.041667
0 0.281172 0.253684 0.031250 0.041667
0 0.301785 0.274826 0.031250 0.041667
0 0.192377 0.112035 0.031250 0.041667
0 0.225676 0.114149 0.031250 0.041667
0 0.086141 0.439731 0.031250 0.041667
0 0.159079 0.450302 0.031250 0.041667
0 0.046500 0.570809 0.031250 0.041667
0 0.108339 0.560238 0.031250 0.041667
0 0.130538 0.623663 0.031250 0.041667
0 0.160665 0.659604 0.031250 0.041667
0 0.208234 0.735714 0.031250 0.041667
0 0.266902 0.752627 0.031250 0.041667
0 0.549143 0.467215 0.031250 0.041667
0 0.815528 0.429160 0.031250 0.041667
0 0.897980 0.422818 0.031250 0.041667
0 0.744174 0.234657 0.031250 0.041667
0 0.693435 0.257913 0.031250 0.041667
0 0.590369 0.097236 0.031250 0.041667
0 0.633181 0.095122 0.031250 0.041667