0 0.212975 0.110307 0.031250 0.041667
0 0.312626 0.096321 0.031250 0.041667
0 0.332293 0.080587 0.031250 0.041667
0 0.349339 0.080587 0.031250 0.041667
0 0.374252 0.199468 0.031250 0.041667
0 0.348028 0.213454 0.031250 0.041667
0 0.286402 0.255412 0.031250 0.041667
0 0.236577 0.274643 0.031250 0.041667
0 0.147416 0.355063 0.031250 0.041667
0 0.195930 0.355063 0.031250 0.041667
0 0.235266 0.447720 0.031250 0.041667
0 0.291647 0.468699 0.031250 0.041667
0 0.212975 0.688979 0.031250 0.041667
0 0.387363 0.507161 0.031250 0.041667
0 0.400475 0.533384 0.031250 0.041667
0 0.456856 0.536881 0.031250 0.041667
0 0.515860 0.550867 0.031250 0.041667
0 0.570930 0.522895 0.031250 0.041667
0 0.589286 0.494923 0.031250 0.041667
0 0.543395 0.466951 0.031250 0.041667
0 0.442433 0.208209 0.031250 0.041667
0 0.452923 0.209958 0.031250 0.041667
0 0.593220 0.171496 0.031250 0.041667
0 0.639112 0.147021 0.031250 0.041667