0 0.137537 0.386518 0.031250 0.041667
0 0.207595 0.357088 0.031250 0.041667
0 0.287250 0.377561 0.031250 0.041667
0 0.418728 0.481208 0.031250 0.041667
0 0.402413 0.509359 0.031250 0.041667
0 0.412010 0.531112 0.031250 0.041667
0 0.507019 0.537510 0.031250 0.041667
0 0.552125 0.525994 0.031250 0.041667
0 0.565561 0.501681 0.031250 0.041667
0 0.548286 0.472251 0.031250 0.041667
0 0.568440 0.698738 0.031250 0.041667
0 0.332355 0.798546 0.031250 0.041667
0 0.663449 0.684663 0.031250 0.041667
0 0.670167 0.538790 0.031250 0.041667
0 0.769015 0.555424 0.031250 0.041667
0 0.782451 0.542628 0.031250 0.041667
0 0.770935 0.412110 0.031250 0.041667
0 0.881299 0.483767 0.031250 0.041667
0 0.772854 0.208655 0.031250 0.041667
0 0.733507 0.193300 0.031250 0.041667
0 0.448478 0.199698 0.031250 0.041667
0 0.288209 0.097331 0.031250 0.041667
0 0.266136 0.097331 0.031250 0.041667
0 0.273814 0.039749 0.031250 0.041667
0 0.216232 0.058943 0.031250 0.041667
0 0.364985 0.084535 0.031250 0.041667