0 0.097804 0.443547 0.031250 0.041667
0 0.227167 0.353198 0.031250 0.041667
0 0.280555 0.362780 0.031250 0.041667
0 0.302116 0.317606 0.031250 0.041667
0 0.325730 0.303916 0.031250 0.041667
0 0.329837 0.272431 0.031250 0.041667
0 0.366798 0.297072 0.031250 0.041667
0 0.441746 0.220412 0.031250 0.041667
0 0.449960 0.206723 0.031250 0.041667
0 0.310330 0.180713 0.031250 0.041667
0 0.290822 0.179344 0.031250 0.041667
0 0.293902 0.094471 0.031250 0.041667
0 0.277475 0.095840 0.031250 0.041667
0 0.642978 0.325819 0.031250 0.041667
0 0.551603 0.199878 0.031250 0.041667
0 0.673779 0.277907 0.031250 0.041667
0 0.693286 0.282014 0.031250 0.041667
0 0.723061 0.362780 0.031250 0.041667
0 0.633738 0.075306 0.031250 0.041667
0 0.608071 0.090364 0.031250 0.041667
0 0.508481 0.539372 0.031250 0.041667
0 0.446880 0.528420 0.031250 0.041667
0 0.510535 0.599604 0.031250 0.041667
0 0.465360 0.637934 0.031250 0.041667
0 0.275422 0.766613 0.031250 0.041667
0 0.805196 0.835059 0.031250 0.041667
0 0.545442 0.473663 0.031250 0.041667
0 0.007455 0.525682 0.031250 0.041667