0 0.095311 0.447939 0.031250 0.041667
0 0.229668 0.291829 0.031250 0.041667
0 0.274774 0.277753 0.031250 0.041667
0 0.322758 0.282871 0.031250 0.041667
0 0.263257 0.200978 0.031250 0.041667
0 0.228708 0.212494 0.031250 0.041667
0 0.225829 0.075578 0.031250 0.041667
0 0.254620 0.055104 0.031250 0.041667
0 0.266136 0.090933 0.031250 0.041667
0 0.293008 0.093492 0.031250 0.041667
0 0.366904 0.083255 0.031250 0.041667
0 0.417768 0.479928 0.031250 0.041667
0 0.400493 0.509359 0.031250 0.041667
0 0.413929 0.537510 0.031250 0.041667
0 0.351549 0.778073 0.031250 0.041667
0 0.552125 0.693620 0.031250 0.041667
0 0.503180 0.527273 0.031250 0.041667
0 0.549246 0.520875 0.031250 0.041667
0 0.565561 0.494004 0.031250 0.041667
0 0.547326 0.462014 0.031250 0.041667
0 0.677845 0.624522 0.031250 0.041667
0 0.687442 0.410831 0.031250 0.041667
0 0.759418 0.428745 0.031250 0.041667
0 0.808363 0.432584 0.031250 0.041667
0 0.853468 0.573339 0.031250 0.041667
0 0.869783 0.703857 0.031250 0.041667
0 0.820839 0.192021 0.031250 0.041667
0 0.813161 0.171547 0.031250 0.041667
0 0.446559 0.209935 0.031250 0.041667