0 0.055004 0.438982 0.031250 0.041667
0 0.075157 0.468412 0.031250 0.041667
0 0.107787 0.468412 0.031250 0.041667
0 0.128900 0.533671 0.031250 0.041667
0 0.177845 0.446659 0.031250 0.041667
0 0.224870 0.456896 0.031250 0.041667
0 0.211434 0.501681 0.031250 0.041667
0 0.252701 0.542628 0.031250 0.041667
0 0.396655 0.506800 0.031250 0.041667
0 0.413929 0.527273 0.031250 0.041667
0 0.415848 0.473530 0.031250 0.041667
0 0.507979 0.534951 0.031250 0.041667
0 0.548286 0.522155 0.031250 0.041667
0 0.573238 0.509359 0.031250 0.041667
0 0.542528 0.469692 0.031250 0.041667
0 0.389937 0.811342 0.031250 0.041667
0 0.355388 0.302065 0.031250 0.041667
0 0.357307 0.225290 0.031250 0.041667
0 0.227749 0.302065 0.031250 0.041667
0 0.236386 0.199698 0.031250 0.041667
0 0.262298 0.170268 0.031250 0.041667
0 0.222950 0.145955 0.031250 0.041667
0 0.211434 0.125482 0.031250 0.041667
0 0.194159 0.080696 0.031250 0.041667
0 0.225829 0.075578 0.031250 0.041667
0 0.248862 0.121643 0.031250 0.041667
0 0.275733 0.125482 0.031250 0.041667
0 0.289169 0.090933 0.031250 0.041667
0 0.274774 0.071739 0.031250 0.041667
0 0.364985 0.083255 0.031250 0.041667
0 0.373622 0.067900 0.031250 0.041667
0 0.446559 0.208655 0.031250 0.041667
0 0.617384 0.158751 0.031250 0.041667
0 0.644255 0.168988 0.031250 0.041667
0 0.715273 0.410831 0.031250 0.041667