0 0.198720 0.059181 0.031250 0.041667
0 0.198720 0.103579 0.031250 0.041667
0 0.235189 0.078209 0.031250 0.041667
0 0.282758 0.093008 0.031250 0.041667
0 0.273244 0.090894 0.031250 0.041667
0 0.293857 0.090894 0.031250 0.041667
0 0.311299 0.093008 0.031250 0.041667
0 0.336669 0.095122 0.031250 0.041667
0 0.349354 0.084551 0.031250 0.041667
0 0.365210 0.084551 0.031250 0.041667
0 0.358868 0.088780 0.031250 0.041667
0 0.455591 0.196602 0.031250 0.041667
0 0.447663 0.211401 0.031250 0.041667
0 0.295443 0.211401 0.031250 0.041667
0 0.219333 0.145862 0.031250 0.041667
0 0.244703 0.135291 0.031250 0.041667
0 0.216162 0.211401 0.031250 0.041667
0 0.265316 0.209287 0.031250 0.041667
0 0.197134 0.329794 0.031250 0.041667
0 0.187621 0.340365 0.031250 0.041667
0 0.243117 0.323452 0.031250 0.041667
0 0.316056 0.302310 0.031250 0.041667
0 0.341426 0.306538 0.031250 0.041667
0 0.400094 0.276940 0.031250 0.041667
0 0.033815 0.488357 0.031250 0.041667
0 0.109925 0.503156 0.031250 0.041667
0 0.187621 0.710344 0.031250 0.041667
0 0.200306 0.727257 0.031250 0.041667
0 0.390580 0.479900 0.031250 0.041667
0 0.398509 0.503156 0.031250 0.041667
0 0.457177 0.536982 0.031250 0.041667
0 0.519016 0.541211 0.031250 0.041667
0 0.542800 0.462987 0.031250 0.041667
0 0.591955 0.887934 0.031250 0.041667
0 0.671236 0.854107 0.031250 0.041667
0 0.691849 0.904847 0.031250 0.041667
0 0.761616 0.837194 0.031250 0.041667
0 0.655380 0.640577 0.031250 0.041667
0 0.813942 0.596179 0.031250 0.041667
0 0.840898 0.665947 0.031250 0.041667
0 0.837726 0.727257 0.031250 0.041667
0 0.585612 0.160661 0.031250 0.041667
0 0.656965 0.164889 0.031250 0.041667
0 0.693435 0.162775 0.031250 0.041667
0 0.690263 0.276940 0.031250 0.041667
0 0.761616 0.281169 0.031250 0.041667
0 0.891637 0.279054 0.031250 0.041667