0 0.213582 0.061217 0.031250 0.041667
0 0.218506 0.104980 0.031250 0.041667
0 0.251328 0.098416 0.031250 0.041667
0 0.208659 0.146556 0.031250 0.041667
0 0.298921 0.094039 0.031250 0.041667
0 0.366208 0.037147 0.031250 0.041667
0 0.336667 0.039335 0.031250 0.041667
0 0.448265 0.201260 0.031250 0.041667
0 0.459753 0.207825 0.031250 0.041667
0 0.330103 0.231895 0.031250 0.041667
0 0.385902 0.277847 0.031250 0.041667
0 0.316974 0.293164 0.031250 0.041667
0 0.267740 0.371939 0.031250 0.041667
0 0.218506 0.262530 0.031250 0.041667
0 0.225070 0.297541 0.031250 0.041667
0 0.180759 0.385068 0.031250 0.041667
0 0.131525 0.406950 0.031250 0.041667
0 0.065880 0.496665 0.031250 0.041667
0 0.028134 0.498853 0.031250 0.041667
0 0.044545 0.606074 0.031250 0.041667
0 0.064239 0.658591 0.031250 0.041667
0 0.105267 0.630145 0.031250 0.041667
0 0.128243 0.575440 0.031250 0.041667
0 0.251328 0.800823 0.031250 0.041667
0 0.297280 0.846775 0.031250 0.041667
0 0.376055 0.844587 0.031250 0.041667
0 0.410519 0.781129 0.031250 0.041667
0 0.431853 0.739554 0.031250 0.041667
0 0.458112 0.746118 0.031250 0.041667
0 0.464676 0.665155 0.031250 0.041667
0 0.394107 0.505418 0.031250 0.041667
0 0.399031 0.533864 0.031250 0.041667
0 0.499140 0.542617 0.031250 0.041667
0 0.551657 0.476972 0.031250 0.041667
0 0.663254 0.724236 0.031250 0.041667
0 0.730541 0.739554 0.031250 0.041667
0 0.668177 0.330363 0.031250 0.041667
0 0.715770 0.317234 0.031250 0.041667
0 0.558221 0.210013 0.031250 0.041667
0 0.541810 0.218766 0.031250 0.041667
0 0.765004 0.131239 0.031250 0.041667
0 0.776492 0.142180 0.031250 0.041667
0 0.873320 0.354433 0.031250 0.041667