0 0.568068 0.131239 0.031250 0.041667
0 0.604173 0.155309 0.031250 0.041667
0 0.548374 0.214390 0.031250 0.041667
0 0.620584 0.133427 0.031250 0.041667
0 0.648484 0.129050 0.031250 0.041667
0 0.641919 0.258153 0.031250 0.041667
0 0.668177 0.251589 0.031250 0.041667
0 0.774851 0.207825 0.031250 0.041667
0 0.820803 0.192508 0.031250 0.041667
0 0.215223 0.059029 0.031250 0.041667
0 0.238199 0.050276 0.031250 0.041667
0 0.313692 0.096228 0.031250 0.041667
0 0.364567 0.107169 0.031250 0.041667
0 0.390825 0.104980 0.031250 0.041667
0 0.356361 0.144368 0.031250 0.041667
0 0.440059 0.210013 0.031250 0.041667
0 0.458112 0.203449 0.031250 0.041667
0 0.341591 0.229707 0.031250 0.041667
0 0.302204 0.231895 0.031250 0.041667
0 0.274304 0.218766 0.031250 0.041667
0 0.185683 0.227519 0.031250 0.041667
0 0.208659 0.170626 0.031250 0.041667
0 0.170913 0.334740 0.031250 0.041667
0 0.248046 0.417891 0.031250 0.041667
0 0.251328 0.487913 0.031250 0.041667
0 0.262816 0.586381 0.031250 0.041667
0 0.236558 0.680473 0.031250 0.041667
0 0.298921 0.800823 0.031250 0.041667
0 0.330103 0.765812 0.031250 0.041667
0 0.376055 0.787694 0.031250 0.041667
0 0.349797 0.796446 0.031250 0.041667
0 0.415442 0.722048 0.031250 0.041667
0 0.446624 0.730801 0.031250 0.041667
0 0.400672 0.509794 0.031250 0.041667
0 0.403954 0.540429 0.031250 0.041667
0 0.559862 0.533864 0.031250 0.041667
0 0.581197 0.501042 0.031250 0.041667
0 0.543451 0.463843 0.031250 0.041667