0 0.067553 0.528381 0.031250 0.041667
0 0.085429 0.417621 0.031250 0.041667
0 0.253673 0.322282 0.031250 0.041667
0 0.278910 0.292840 0.031250 0.041667
0 0.245261 0.253583 0.031250 0.041667
0 0.222127 0.154039 0.031250 0.041667
0 0.197942 0.140018 0.031250 0.041667
0 0.209509 0.081133 0.031250 0.041667
0 0.266291 0.127400 0.031250 0.041667
0 0.273652 0.100761 0.031250 0.041667
0 0.286270 0.092349 0.031250 0.041667
0 0.317816 0.127400 0.031250 0.041667
0 0.357774 0.127400 0.031250 0.041667
0 0.376701 0.090947 0.031250 0.041667
0 0.369341 0.081133 0.031250 0.041667
0 0.268394 0.773737 0.031250 0.041667
0 0.314661 0.780747 0.031250 0.041667
0 0.375650 0.801778 0.031250 0.041667
0 0.417711 0.791964 0.031250 0.041667
0 0.521812 0.606895 0.031250 0.041667
0 0.499730 0.531185 0.031250 0.041667
0 0.411402 0.526979 0.031250 0.041667
0 0.395629 0.507351 0.031250 0.041667
0 0.406144 0.480712 0.031250 0.041667
0 0.551254 0.522773 0.031250 0.041667
0 0.562821 0.505949 0.031250 0.041667
0 0.553357 0.482114 0.031250 0.041667
0 0.780487 0.371354 0.031250 0.041667
0 0.823599 0.327891 0.031250 0.041667
0 0.810981 0.302654 0.031250 0.041667
0 0.553357 0.186285 0.031250 0.041667
0 0.407196 0.145626 0.031250 0.041667
0 0.377753 0.161049 0.031250 0.041667