0 0.185522 0.158751 0.031250 0.041667
0 0.245023 0.200978 0.031250 0.041667
0 0.306443 0.167708 0.031250 0.041667
0 0.442720 0.213774 0.031250 0.041667
0 0.219111 0.689781 0.031250 0.041667
0 0.182643 0.739685 0.031250 0.041667
0 0.502221 0.536230 0.031250 0.041667
0 0.403372 0.527273 0.031250 0.041667
0 0.397614 0.460735 0.031250 0.041667
0 0.415848 0.419788 0.031250 0.041667
0 0.388017 0.501681 0.031250 0.041667
0 0.545407 0.467133 0.031250 0.041667
0 0.611626 0.322539 0.031250 0.041667
0 0.674006 0.264957 0.031250 0.041667
0 0.665369 0.369884 0.031250 0.041667
0 0.704716 0.367324 0.031250 0.041667
0 0.841952 0.464573 0.031250 0.041667
0 0.905292 0.486326 0.031250 0.041667
0 0.854428 0.788310 0.031250 0.041667
0 0.777653 0.970012 0.031250 0.041667
0 0.696079 0.941861 0.031250 0.041667
0 0.655772 0.183063 0.031250 0.041667
0 0.627941 0.180504 0.031250 0.041667
0 0.610666 0.096051 0.031250 0.041667
0 0.578996 0.099890 0.031250 0.041667
0 0.790129 0.175386 0.031250 0.041667
0 0.349630 0.093492 0.031250 0.041667
0 0.305484 0.097331 0.031250 0.041667
0 0.274774 0.097331 0.031250 0.041667
0 0.251741 0.094772 0.031250 0.041667