0 0.447744 0.207888 0.031250 0.041667
0 0.369634 0.174459 0.031250 0.041667
0 0.337811 0.178316 0.031250 0.041667
0 0.251987 0.182173 0.031250 0.041667
0 0.209557 0.291463 0.031250 0.041667
0 0.281881 0.281177 0.031250 0.041667
0 0.339740 0.314606 0.031250 0.041667
0 0.389884 0.506185 0.031250 0.041667
0 0.406278 0.531900 0.031250 0.041667
0 0.502710 0.543472 0.031250 0.041667
0 0.547069 0.470183 0.031250 0.041667
0 0.369634 0.789052 0.031250 0.041667
0 0.333954 0.772337 0.031250 0.041667
0 0.280916 0.778766 0.031250 0.041667
0 0.656037 0.141029 0.031250 0.041667
0 0.687859 0.148743 0.031250 0.041667
0 0.719682 0.157744 0.031250 0.041667
0 0.730289 0.214317 0.031250 0.041667
0 0.583713 0.061312 0.031250 0.041667
0 0.559605 0.061312 0.031250 0.041667
0 0.340704 0.098599 0.031250 0.041667
0 0.306953 0.099884 0.031250 0.041667
0 0.284774 0.088313 0.031250 0.041667
0 0.181591 0.108885 0.031250 0.041667