0 0.002228 0.562758 0.031250 0.041667
0 0.065873 0.470183 0.031250 0.041667
0 0.112160 0.477898 0.031250 0.041667
0 0.162305 0.457326 0.031250 0.041667
0 0.279952 0.747908 0.031250 0.041667
0 0.305989 0.783909 0.031250 0.041667
0 0.381206 0.794195 0.031250 0.041667
0 0.450637 0.647618 0.031250 0.041667
0 0.405314 0.522900 0.031250 0.041667
0 0.392777 0.499756 0.031250 0.041667
0 0.503674 0.537043 0.031250 0.041667
0 0.594320 0.520328 0.031250 0.041667
0 0.544176 0.471469 0.031250 0.041667
0 0.812257 0.879055 0.031250 0.041667
0 0.894224 0.407181 0.031250 0.041667
0 0.924118 0.434182 0.031250 0.041667
0 0.819007 0.189888 0.031250 0.041667
0 0.841186 0.187316 0.031250 0.041667
0 0.630000 0.160315 0.031250 0.041667
0 0.597213 0.147458 0.031250 0.041667
0 0.363848 0.187316 0.031250 0.041667
0 0.441958 0.210460 0.031250 0.041667
0 0.280916 0.200174 0.031250 0.041667
0 0.254880 0.204031 0.031250 0.041667
0 0.203771 0.155172 0.031250 0.041667
0 0.183520 0.083170 0.031250 0.041667
0 0.200878 0.094741 0.031250 0.041667
0 0.213414 0.074169 0.031250 0.041667
0 0.228843 0.094741 0.031250 0.041667
0 0.249094 0.094741 0.031250 0.041667
0 0.272237 0.092170 0.031250 0.041667
0 0.291524 0.090884 0.031250 0.041667
0 0.309846 0.092170 0.031250 0.041667
0 0.283809 0.093456 0.031250 0.041667
0 0.338775 0.096027 0.031250 0.041667
0 0.428457 0.245175 0.031250 0.041667
0 0.443886 0.260605 0.031250 0.041667