0 0.216900 0.071199 0.031250 0.041667
0 0.225114 0.102684 0.031250 0.041667
0 0.236408 0.071199 0.031250 0.041667
0 0.263102 0.112267 0.031250 0.041667
0 0.286716 0.098578 0.031250 0.041667
0 0.293902 0.087626 0.031250 0.041667
0 0.343184 0.036976 0.031250 0.041667
0 0.661459 0.193033 0.031250 0.041667
0 0.598831 0.117743 0.031250 0.041667
0 0.570083 0.110898 0.031250 0.041667
0 0.661459 0.071199 0.031250 0.041667
0 0.728194 0.121849 0.031250 0.041667
0 0.767208 0.139645 0.031250 0.041667
0 0.806223 0.305285 0.031250 0.041667
0 0.847290 0.277907 0.031250 0.041667
0 0.698420 0.324450 0.031250 0.041667
0 0.677886 0.594129 0.031250 0.041667
0 0.636818 0.600973 0.031250 0.041667
0 0.568030 0.466819 0.031250 0.041667
0 0.574190 0.509255 0.031250 0.041667
0 0.550576 0.533896 0.031250 0.041667
0 0.513615 0.544847 0.031250 0.041667
0 0.467414 0.521576 0.031250 0.041667
0 0.439693 0.522944 0.031250 0.041667
0 0.402732 0.524313 0.031250 0.041667
0 0.390412 0.510624 0.031250 0.041667
0 0.521828 0.614662 0.031250 0.041667
0 0.785689 0.809050 0.031250 0.041667
0 0.903759 0.792623 0.031250 0.041667
0 0.445853 0.876127 0.031250 0.041667
0 0.194313 0.590022 0.031250 0.041667
0 0.130658 0.555799 0.031250 0.041667
0 0.106017 0.602342 0.031250 0.041667
0 0.070083 0.583177 0.031250 0.041667
0 0.049549 0.538003 0.031250 0.041667
0 0.213820 0.395634 0.031250 0.041667
0 0.183019 0.284751 0.031250 0.041667
0 0.383225 0.290227 0.031250 0.041667
0 0.449960 0.201247 0.031250 0.041667
0 0.548523 0.195771 0.031250 0.041667