0 0.188063 0.071846 0.031250 0.041667
0 0.207731 0.133035 0.031250 0.041667
0 0.216909 0.155762 0.031250 0.041667
0 0.252311 0.155762 0.031250 0.041667
0 0.249689 0.101566 0.031250 0.041667
0 0.273290 0.098070 0.031250 0.041667
0 0.285091 0.091077 0.031250 0.041667
0 0.307381 0.099818 0.031250 0.041667
0 0.354584 0.082335 0.031250 0.041667
0 0.345405 0.078839 0.031250 0.041667
0 0.447678 0.204713 0.031250 0.041667
0 0.459479 0.204713 0.031250 0.041667
0 0.328360 0.384783 0.031250 0.041667
0 0.054321 0.549119 0.031250 0.041667
0 0.108080 0.517650 0.031250 0.041667
0 0.462101 0.531636 0.031250 0.041667
0 0.320493 0.779888 0.031250 0.041667
0 0.437189 0.748419 0.031250 0.041667
0 0.446367 0.729189 0.031250 0.041667
0 0.528972 0.535133 0.031250 0.041667
0 0.570930 0.521147 0.031250 0.041667
0 0.594531 0.494923 0.031250 0.041667
0 0.547328 0.470447 0.031250 0.041667
0 0.742696 0.428489 0.031250 0.041667
0 0.816122 0.440727 0.031250 0.041667
0 0.850213 0.669748 0.031250 0.041667
0 0.708605 0.552615 0.031250 0.041667
0 0.323869 0.486470 0.031250 0.041667