0 0.438741 0.691017 0.031250 0.041667
0 0.454514 0.674193 0.031250 0.041667
0 0.409299 0.526979 0.031250 0.041667
0 0.395629 0.504547 0.031250 0.041667
0 0.411402 0.476506 0.031250 0.041667
0 0.266291 0.573246 0.031250 0.041667
0 0.150624 0.583061 0.031250 0.041667
0 0.010771 0.588669 0.031250 0.041667
0 0.049677 0.469496 0.031250 0.041667
0 0.109614 0.477908 0.031250 0.041667
0 0.516554 0.528381 0.031250 0.041667
0 0.553357 0.524175 0.031250 0.041667
0 0.564924 0.511557 0.031250 0.041667
0 0.542842 0.476506 0.031250 0.041667
0 0.733168 0.475104 0.031250 0.041667
0 0.803620 0.487722 0.031250 0.041667
0 0.902464 0.444259 0.031250 0.041667
0 0.841475 0.193295 0.031250 0.041667
0 0.735271 0.240965 0.031250 0.041667
0 0.655355 0.225542 0.031250 0.041667
0 0.675334 0.215728 0.031250 0.041667
0 0.652201 0.203110 0.031250 0.041667
0 0.675334 0.165255 0.031250 0.041667
0 0.708983 0.161049 0.031250 0.041667
0 0.262085 0.228346 0.031250 0.041667
0 0.244209 0.233954 0.031250 0.041667
0 0.182169 0.159647 0.031250 0.041667
0 0.227385 0.107771 0.031250 0.041667
0 0.273652 0.097957 0.031250 0.041667
0 0.284167 0.093751 0.031250 0.041667
0 0.298889 0.120390 0.031250 0.041667
0 0.323074 0.104967 0.031250 0.041667
0 0.331486 0.106369 0.031250 0.041667
0 0.366186 0.088143 0.031250 0.041667
0 0.383010 0.088143 0.031250 0.041667
0 0.308352 0.163853 0.031250 0.041667
0 0.264188 0.158245 0.031250 0.041667
0 0.453463 0.204512 0.031250 0.041667