0 0.176885 0.364765 0.031250 0.041667
0 0.325637 0.368604 0.031250 0.041667
0 0.330436 0.286710 0.031250 0.041667
0 0.397614 0.267516 0.031250 0.041667
0 0.396655 0.505520 0.031250 0.041667
0 0.409131 0.515757 0.031250 0.041667
0 0.415848 0.487606 0.031250 0.041667
0 0.434083 0.531112 0.031250 0.041667
0 0.512777 0.532392 0.031250 0.041667
0 0.555004 0.523435 0.031250 0.041667
0 0.561722 0.501681 0.031250 0.041667
0 0.547326 0.469692 0.031250 0.041667
0 0.206635 0.203537 0.031250 0.041667
0 0.261338 0.186902 0.031250 0.041667
0 0.250781 0.126761 0.031250 0.041667
0 0.225829 0.115245 0.031250 0.041667
0 0.193200 0.097331 0.031250 0.041667
0 0.244063 0.080696 0.031250 0.041667
0 0.312202 0.103729 0.031250 0.041667
0 0.330436 0.107568 0.031250 0.041667
0 0.447518 0.213774 0.031250 0.041667
0 0.775733 0.167708 0.031250 0.041667
0 0.276693 0.042308 0.031250 0.041667
0 0.344831 0.099890 0.031250 0.041667
0 0.366904 0.092212 0.031250 0.041667