0 0.319919 0.804582 0.031250 0.041667
0 0.471339 0.689615 0.031250 0.041667
0 0.409299 0.521371 0.031250 0.041667
0 0.397732 0.493330 0.031250 0.041667
0 0.416659 0.479310 0.031250 0.041667
0 0.503936 0.533989 0.031250 0.041667
0 0.548100 0.524175 0.031250 0.041667
0 0.563873 0.504547 0.031250 0.041667
0 0.551254 0.475104 0.031250 0.041667
0 0.669025 0.657368 0.031250 0.041667
0 0.753147 0.675595 0.031250 0.041667
0 0.859351 0.517165 0.031250 0.041667
0 0.903515 0.557824 0.031250 0.041667
0 0.706880 0.154039 0.031250 0.041667
0 0.749993 0.123194 0.031250 0.041667
0 0.660613 0.147028 0.031250 0.041667
0 0.628016 0.147028 0.031250 0.041667
0 0.588058 0.155441 0.031250 0.041667
0 0.268394 0.100761 0.031250 0.041667
0 0.282064 0.092349 0.031250 0.041667
0 0.198994 0.062906 0.031250 0.041667
0 0.312558 0.096555 0.031250 0.041667
0 0.328331 0.096555 0.031250 0.041667
0 0.360928 0.090947 0.031250 0.041667
0 0.373547 0.090947 0.031250 0.041667
0 0.198994 0.358735 0.031250 0.041667