0 0.430212 0.190320 0.031250 0.041667
0 0.443341 0.207825 0.031250 0.041667
0 0.550015 0.214390 0.031250 0.041667
0 0.589403 0.255965 0.031250 0.041667
0 0.615661 0.216578 0.031250 0.041667
0 0.658330 0.210013 0.031250 0.041667
0 0.663254 0.188131 0.031250 0.041667
0 0.707565 0.148744 0.031250 0.041667
0 0.732182 0.142180 0.031250 0.041667
0 0.768287 0.492289 0.031250 0.041667
0 0.855267 0.483536 0.031250 0.041667
0 0.742029 0.947431 0.031250 0.041667
0 0.815880 0.951808 0.031250 0.041667
0 0.922554 0.953996 0.031250 0.041667
0 0.991481 0.940867 0.031250 0.041667
0 0.507346 0.536053 0.031250 0.041667
0 0.546733 0.468219 0.031250 0.041667
0 0.389184 0.503230 0.031250 0.041667
0 0.402313 0.525112 0.031250 0.041667
0 0.458112 0.582004 0.031250 0.041667
0 0.446624 0.636709 0.031250 0.041667
0 0.358002 0.794258 0.031250 0.041667
0 0.267740 0.754871 0.031250 0.041667
0 0.244764 0.803011 0.031250 0.041667
0 0.129884 0.426643 0.031250 0.041667
0 0.192247 0.437584 0.031250 0.041667
0 0.228352 0.450713 0.031250 0.041667
0 0.287433 0.409138 0.031250 0.041667
0 0.218506 0.352245 0.031250 0.041667
0 0.164348 0.345681 0.031250 0.041667
0 0.223429 0.231895 0.031250 0.041667
0 0.302204 0.192508 0.031250 0.041667
0 0.307127 0.214390 0.031250 0.041667
0 0.241481 0.170626 0.031250 0.041667
0 0.200453 0.098416 0.031250 0.041667
0 0.308768 0.087475 0.031250 0.041667
0 0.335026 0.102792 0.031250 0.041667