0 0.192685 0.454074 0.031250 0.041667
0 0.181118 0.428837 0.031250 0.041667
0 0.159036 0.395188 0.031250 0.041667
0 0.110666 0.400796 0.031250 0.041667
0 0.185324 0.727470 0.031250 0.041667
0 0.405093 0.519969 0.031250 0.041667
0 0.394577 0.501743 0.031250 0.041667
0 0.414556 0.475104 0.031250 0.041667
0 0.415608 0.301252 0.031250 0.041667
0 0.359877 0.298448 0.031250 0.041667
0 0.298889 0.274613 0.031250 0.041667
0 0.501833 0.532587 0.031250 0.041667
0 0.542842 0.526979 0.031250 0.041667
0 0.569130 0.503145 0.031250 0.041667
0 0.544945 0.462486 0.031250 0.041667
0 0.854094 0.455476 0.031250 0.041667
0 0.825702 0.946187 0.031250 0.041667
0 0.813084 0.902724 0.031250 0.041667
0 0.885639 0.862065 0.031250 0.041667
0 0.769972 0.245171 0.031250 0.041667
0 0.785744 0.225542 0.031250 0.041667
0 0.820445 0.219934 0.031250 0.041667
0 0.717395 0.190491 0.031250 0.041667
0 0.743683 0.145626 0.031250 0.041667
0 0.650098 0.138616 0.031250 0.041667
0 0.279961 0.095153 0.031250 0.041667
0 0.243158 0.102163 0.031250 0.041667
0 0.337795 0.103565 0.031250 0.041667
0 0.358825 0.086741 0.031250 0.041667
0 0.370392 0.083937 0.031250 0.041667
0 0.186375 0.060102 0.031250 0.041667
0 0.188478 0.130204 0.031250 0.041667
0 0.246312 0.177873 0.031250 0.041667
0 0.245261 0.144224 0.031250 0.041667