0 0.187442 0.679545 0.031250 0.041667
0 0.407211 0.532392 0.031250 0.041667
0 0.390896 0.510639 0.031250 0.041667
0 0.392816 0.445379 0.031250 0.041667
0 0.504140 0.531112 0.031250 0.041667
0 0.677845 0.474810 0.031250 0.041667
0 0.677845 0.431304 0.031250 0.041667
0 0.731587 0.459455 0.031250 0.041667
0 0.733507 0.344292 0.031250 0.041667
0 0.832355 0.385239 0.031250 0.041667
0 0.856347 0.382680 0.031250 0.041667
0 0.816040 0.234247 0.031250 0.041667
0 0.771894 0.153633 0.031250 0.041667
0 0.669207 0.216333 0.031250 0.041667
0 0.635618 0.226569 0.031250 0.041667
0 0.625061 0.243204 0.031250 0.041667
0 0.634658 0.130600 0.031250 0.041667
0 0.667288 0.121643 0.031250 0.041667
0 0.358267 0.190741 0.031250 0.041667
0 0.282451 0.183063 0.031250 0.041667
0 0.256539 0.083255 0.031250 0.041667
0 0.237346 0.066621 0.031250 0.041667
0 0.308363 0.093492 0.031250 0.041667
0 0.346751 0.098610 0.031250 0.041667
0 0.447518 0.208655 0.031250 0.041667
0 0.215273 0.038470 0.031250 0.041667
0 0.396655 0.131880 0.031250 0.041667