0 0.176885 0.362206 0.031250 0.041667
0 0.188401 0.192021 0.031250 0.041667
0 0.226789 0.179225 0.031250 0.041667
0 0.236386 0.252161 0.031250 0.041667
0 0.196079 0.168988 0.031250 0.041667
0 0.194159 0.128041 0.031250 0.041667
0 0.225829 0.136998 0.031250 0.041667
0 0.253660 0.144676 0.031250 0.041667
0 0.215273 0.080696 0.031250 0.041667
0 0.188401 0.073019 0.031250 0.041667
0 0.267096 0.097331 0.031250 0.041667
0 0.295887 0.093492 0.031250 0.041667
0 0.310282 0.075578 0.031250 0.041667
0 0.326597 0.084535 0.031250 0.041667
0 0.342912 0.090933 0.031250 0.041667
0 0.364025 0.085815 0.031250 0.041667
0 0.693200 0.115245 0.031250 0.041667
0 0.735426 0.105008 0.031250 0.041667
0 0.601069 0.290549 0.031250 0.041667
0 0.637537 0.280312 0.031250 0.041667
0 0.716232 0.449218 0.031250 0.041667
0 0.782451 0.421067 0.031250 0.041667
0 0.814121 0.482488 0.031250 0.041667
0 0.830436 0.428745 0.031250 0.041667
0 0.548286 0.476090 0.031250 0.041667
0 0.571319 0.496563 0.031250 0.041667
0 0.547326 0.523435 0.031250 0.041667
0 0.496463 0.533671 0.031250 0.041667
0 0.403372 0.520875 0.031250 0.041667
0 0.397614 0.505520 0.031250 0.041667
0 0.418728 0.483767 0.031250 0.041667
0 0.328516 0.358367 0.031250 0.041667
0 0.316040 0.238086 0.031250 0.041667
0 0.337154 0.212494 0.031250 0.041667
0 0.362106 0.225290 0.031250 0.041667
0 0.447518 0.211214 0.031250 0.041667
0 0.411050 0.834375 0.031250 0.041667
0 0.511818 0.872763 0.031250 0.041667
0 0.620263 0.831816 0.031250 0.041667