0 0.103481 0.614189 0.031250 0.041667
0 0.154590 0.609046 0.031250 0.041667
0 0.007049 0.606474 0.031250 0.041667
0 0.003192 0.705478 0.031250 0.041667
0 0.807435 0.810910 0.031250 0.041667
0 0.504639 0.539614 0.031250 0.041667
0 0.402421 0.531900 0.031250 0.041667
0 0.395670 0.497184 0.031250 0.041667
0 0.417850 0.474041 0.031250 0.041667
0 0.327204 0.475326 0.031250 0.041667
0 0.249094 0.456040 0.031250 0.041667
0 0.164234 0.476612 0.031250 0.041667
0 0.184484 0.314606 0.031250 0.041667
0 0.277059 0.377609 0.031250 0.041667
0 0.331061 0.375037 0.031250 0.041667
0 0.320453 0.191173 0.031250 0.041667
0 0.369634 0.187316 0.031250 0.041667
0 0.448708 0.213031 0.031250 0.041667
0 0.271273 0.160315 0.031250 0.041667
0 0.213414 0.170601 0.031250 0.041667
0 0.205699 0.146172 0.031250 0.041667
0 0.284774 0.096027 0.031250 0.041667
0 0.311774 0.097313 0.031250 0.041667
0 0.341668 0.098599 0.031250 0.041667
0 0.258737 0.042025 0.031250 0.041667
0 0.221128 0.040740 0.031250 0.041667
0 0.663751 0.378894 0.031250 0.041667
0 0.720646 0.387895 0.031250 0.041667
0 0.772720 0.418753 0.031250 0.041667
0 0.843115 0.412324 0.031250 0.041667
0 0.827686 0.286320 0.031250 0.041667
0 0.802613 0.223317 0.031250 0.041667
0 0.771755 0.222032 0.031250 0.041667
0 0.725468 0.272176 0.031250 0.041667