0 0.220842 0.173244 0.031250 0.041667
0 0.248377 0.171496 0.031250 0.041667
0 0.275912 0.171496 0.031250 0.041667
0 0.282468 0.099818 0.031250 0.041667
0 0.273290 0.099818 0.031250 0.041667
0 0.303447 0.103314 0.031250 0.041667
0 0.350650 0.085832 0.031250 0.041667
0 0.349339 0.180237 0.031250 0.041667
0 0.333605 0.211706 0.031250 0.041667
0 0.376874 0.209958 0.031250 0.041667
0 0.416210 0.161007 0.031250 0.041667
0 0.443745 0.204713 0.031250 0.041667
0 0.459479 0.211706 0.031250 0.041667
0 0.098902 0.584084 0.031250 0.041667
0 0.157905 0.580587 0.031250 0.041667
0 0.210353 0.722196 0.031250 0.041667
0 0.248377 0.750168 0.031250 0.041667
0 0.392608 0.501916 0.031250 0.041667
0 0.403098 0.535133 0.031250 0.041667
0 0.459479 0.535133 0.031250 0.041667
0 0.527661 0.536881 0.031250 0.041667
0 0.566996 0.522895 0.031250 0.041667
0 0.589286 0.496671 0.031250 0.041667
0 0.549951 0.470447 0.031250 0.041667
0 0.725650 0.594573 0.031250 0.041667
0 0.780720 0.559608 0.031250 0.041667
0 0.852835 0.643524 0.031250 0.041667
0 0.970842 0.830587 0.031250 0.041667
0 0.649601 0.171496 0.031250 0.041667
0 0.598465 0.166251 0.031250 0.041667