0 0.190685 0.122545 0.031250 0.041667
0 0.203797 0.122545 0.031250 0.041667
0 0.223465 0.126042 0.031250 0.041667
0 0.262800 0.096321 0.031250 0.041667
0 0.283780 0.096321 0.031250 0.041667
0 0.310003 0.096321 0.031250 0.041667
0 0.344094 0.080587 0.031250 0.041667
0 0.355895 0.080587 0.031250 0.041667
0 0.286402 0.180237 0.031250 0.041667
0 0.233954 0.222196 0.031250 0.041667
0 0.206419 0.320098 0.031250 0.041667
0 0.201175 0.365552 0.031250 0.041667
0 0.032031 0.596321 0.031250 0.041667
0 0.177573 0.744923 0.031250 0.041667
0 0.209042 0.725692 0.031250 0.041667
0 0.392608 0.508909 0.031250 0.041667
0 0.392608 0.533384 0.031250 0.041667
0 0.462101 0.533384 0.031250 0.041667
0 0.530283 0.542126 0.031250 0.041667
0 0.563063 0.517650 0.031250 0.041667
0 0.601087 0.493175 0.031250 0.041667
0 0.544706 0.463454 0.031250 0.041667
0 0.608954 0.388279 0.031250 0.041667
0 0.664024 0.405762 0.031250 0.041667
0 0.564374 0.248419 0.031250 0.041667
0 0.640423 0.204713 0.031250 0.041667
0 0.673203 0.209958 0.031250 0.041667
0 0.771542 0.286881 0.031250 0.041667
0 0.805633 0.276391 0.031250 0.041667
0 0.888238 0.613804 0.031250 0.041667
0 0.437189 0.204713 0.031250 0.041667
0 0.450300 0.220447 0.031250 0.041667