0 0.094724 0.580439 0.031250 0.041667
0 0.036202 0.579070 0.031250 0.041667
0 0.133738 0.432595 0.031250 0.041667
0 0.175833 0.447654 0.031250 0.041667
0 0.399652 0.780302 0.031250 0.041667
0 0.475627 0.620138 0.031250 0.041667
0 0.487948 0.581808 0.031250 0.041667
0 0.510535 0.536634 0.031250 0.041667
0 0.449960 0.524313 0.031250 0.041667
0 0.379118 0.492828 0.031250 0.041667
0 0.382198 0.476401 0.031250 0.041667
0 0.544416 0.473663 0.031250 0.041667
0 0.673779 0.457236 0.031250 0.041667
0 0.817516 0.395634 0.031250 0.041667
0 0.864744 0.392897 0.031250 0.041667
0 0.353451 0.277907 0.031250 0.041667
0 0.359611 0.213567 0.031250 0.041667
0 0.314436 0.210829 0.031250 0.041667
0 0.256941 0.195771 0.031250 0.041667
0 0.206633 0.151966 0.031250 0.041667
0 0.218954 0.078044 0.031250 0.041667
0 0.239488 0.065723 0.031250 0.041667
0 0.269262 0.098578 0.031250 0.041667
0 0.283635 0.098578 0.031250 0.041667
0 0.293902 0.093102 0.031250 0.041667
0 0.339077 0.093102 0.031250 0.041667
0 0.362691 0.083519 0.031250 0.041667
0 0.448933 0.214936 0.031250 0.041667
0 0.457147 0.202616 0.031250 0.041667
0 0.567003 0.184820 0.031250 0.041667