0 0.278001 0.095122 0.031250 0.041667
0 0.289100 0.090894 0.031250 0.041667
0 0.297029 0.088780 0.031250 0.041667
0 0.335084 0.088780 0.031250 0.041667
0 0.357282 0.088780 0.031250 0.041667
0 0.430221 0.209287 0.031250 0.041667
0 0.439735 0.217744 0.031250 0.041667
0 0.458762 0.194488 0.031250 0.041667
0 0.247874 0.276940 0.031250 0.041667
0 0.236775 0.367849 0.031250 0.041667
0 0.278001 0.382648 0.031250 0.041667
0 0.547557 0.469329 0.031250 0.041667
0 0.181278 0.619435 0.031250 0.041667
0 0.205062 0.651147 0.031250 0.041667
0 0.257388 0.735714 0.031250 0.041667
0 0.593540 0.632120 0.031250 0.041667
0 0.649037 0.604636 0.031250 0.041667
0 0.642695 0.475672 0.031250 0.041667
0 0.631595 0.304424 0.031250 0.041667
0 0.698191 0.291739 0.031250 0.041667
0 0.804428 0.270598 0.031250 0.041667
0 0.767959 0.369963 0.031250 0.041667
0 0.436563 0.989414 0.031250 0.041667