0 0.182385 0.093285 0.031250 0.041667
0 0.268863 0.091188 0.031250 0.041667
0 0.283014 0.091188 0.031250 0.041667
0 0.353769 0.082803 0.031250 0.041667
0 0.264146 0.172949 0.031250 0.041667
0 0.284586 0.210685 0.031250 0.041667
0 0.308171 0.191817 0.031250 0.041667
0 0.344335 0.189721 0.031250 0.041667
0 0.334901 0.240035 0.031250 0.041667
0 0.377354 0.219071 0.031250 0.041667
0 0.386788 0.175046 0.031250 0.041667
0 0.416662 0.170853 0.031250 0.041667
0 0.688674 0.395172 0.031250 0.041667
0 0.779869 0.265193 0.031250 0.041667
0 0.822322 0.284061 0.031250 0.041667
0 0.933957 0.801880 0.031250 0.041667
0 0.922951 0.845905 0.031250 0.041667
0 0.498423 0.774627 0.031250 0.041667
0 0.265718 0.755759 0.031250 0.041667
0 0.198108 0.753662 0.031250 0.041667
0 0.172951 0.426618 0.031250 0.041667
0 0.281442 0.390979 0.031250 0.041667
0 0.375781 0.376304 0.031250 0.041667
0 0.243706 0.290350 0.031250 0.041667
0 0.556599 0.472740 0.031250 0.041667