0 0.307127 0.089663 0.031250 0.041667
0 0.187324 0.157497 0.031250 0.041667
0 0.218506 0.150932 0.031250 0.041667
0 0.257893 0.249401 0.031250 0.041667
0 0.272663 0.242836 0.031250 0.041667
0 0.302204 0.234083 0.031250 0.041667
0 0.443341 0.205637 0.031250 0.041667
0 0.459753 0.205637 0.031250 0.041667
0 0.540169 0.218766 0.031250 0.041667
0 0.556580 0.196884 0.031250 0.041667
0 0.548374 0.472595 0.031250 0.041667
0 0.505705 0.518547 0.031250 0.041667
0 0.384260 0.501042 0.031250 0.041667
0 0.400672 0.531676 0.031250 0.041667
0 0.444983 0.641085 0.031250 0.041667
0 0.467958 0.746118 0.031250 0.041667
0 0.413801 0.750495 0.031250 0.041667
0 0.376055 0.803011 0.031250 0.041667
0 0.461394 0.855527 0.031250 0.041667
0 0.320256 0.785506 0.031250 0.041667
0 0.279228 0.824893 0.031250 0.041667
0 0.198812 0.732989 0.031250 0.041667
0 0.143013 0.757059 0.031250 0.041667
0 0.054392 0.634521 0.031250 0.041667
0 0.008440 0.719860 0.031250 0.041667
0 0.108549 0.623580 0.031250 0.041667
0 0.054392 0.466031 0.031250 0.041667
0 0.175836 0.448525 0.031250 0.041667
0 0.170913 0.579816 0.031250 0.041667
0 0.678024 0.472595 0.031250 0.041667
0 0.745311 0.557934 0.031250 0.041667
0 0.784698 0.481348 0.031250 0.041667