0 0.205970 0.080706 0.031250 0.041667
0 0.240561 0.122635 0.031250 0.041667
0 0.182385 0.149889 0.031250 0.041667
0 0.191819 0.151985 0.031250 0.041667
0 0.253140 0.175046 0.031250 0.041667
0 0.278297 0.177142 0.031250 0.041667
0 0.268863 0.131021 0.031250 0.041667
0 0.311316 0.122635 0.031250 0.041667
0 0.275152 0.093285 0.031250 0.041667
0 0.284586 0.097478 0.031250 0.041667
0 0.347479 0.086996 0.031250 0.041667
0 0.361630 0.086996 0.031250 0.041667
0 0.564460 0.124731 0.031250 0.041667
0 0.628926 0.240035 0.031250 0.041667
0 0.735844 0.120539 0.031250 0.041667
0 0.748423 0.135214 0.031250 0.041667
0 0.816033 0.196010 0.031250 0.041667
0 0.144649 0.734794 0.031250 0.041667
0 0.389932 0.491608 0.031250 0.041667
0 0.556599 0.466450 0.031250 0.041667
0 0.448108 0.640455 0.031250 0.041667
0 0.415950 0.164889 0.031250 0.041667