0 0.157352 0.351829 0.031250 0.041667
0 0.216900 0.309392 0.031250 0.041667
0 0.248728 0.295703 0.031250 0.041667
0 0.168646 0.731021 0.031250 0.041667
0 0.376038 0.503780 0.031250 0.041667
0 0.388358 0.484615 0.031250 0.041667
0 0.446880 0.538003 0.031250 0.041667
0 0.499241 0.539372 0.031250 0.041667
0 0.493081 0.584546 0.031250 0.041667
0 0.467414 0.613294 0.031250 0.041667
0 0.545442 0.479139 0.031250 0.041667
0 0.710740 0.557168 0.031250 0.041667
0 0.713820 0.462712 0.031250 0.041667
0 0.777475 0.507886 0.031250 0.041667
0 0.807249 0.455867 0.031250 0.041667
0 0.813410 0.383314 0.031250 0.041667
0 0.835997 0.239577 0.031250 0.041667
0 0.808276 0.191665 0.031250 0.041667
0 0.772342 0.208092 0.031250 0.041667
0 0.560843 0.205354 0.031250 0.041667
0 0.447907 0.209461 0.031250 0.041667
0 0.436613 0.214936 0.031250 0.041667
0 0.389385 0.231363 0.031250 0.041667
0 0.294929 0.094471 0.031250 0.041667
0 0.267208 0.101315 0.031250 0.041667
0 0.214847 0.079413 0.031250 0.041667
0 0.192260 0.075306 0.031250 0.041667
0 0.198420 0.049296 0.031250 0.041667