0 0.461875 0.838231 0.031250 0.041667
0 0.475545 0.700831 0.031250 0.041667
0 0.410350 0.525577 0.031250 0.041667
0 0.399835 0.504547 0.031250 0.041667
0 0.416659 0.482114 0.031250 0.041667
0 0.503936 0.538196 0.031250 0.041667
0 0.553357 0.521371 0.031250 0.041667
0 0.571233 0.498939 0.031250 0.041667
0 0.539688 0.456878 0.031250 0.041667
0 0.659561 0.578854 0.031250 0.041667
0 0.667974 0.662976 0.031250 0.041667
0 0.786796 0.692419 0.031250 0.041667
0 0.764714 0.567638 0.031250 0.041667
0 0.888794 0.532587 0.031250 0.041667
0 0.855145 0.326489 0.031250 0.041667
0 0.779435 0.291438 0.031250 0.041667
0 0.697416 0.284428 0.031250 0.041667
0 0.712138 0.225542 0.031250 0.041667
0 0.653252 0.214326 0.031250 0.041667
0 0.662716 0.201708 0.031250 0.041667
0 0.641686 0.120390 0.031250 0.041667
0 0.618552 0.114782 0.031250 0.041667
0 0.612243 0.089545 0.031250 0.041667
0 0.836218 0.180677 0.031250 0.041667
0 0.448205 0.219934 0.031250 0.041667
0 0.366186 0.162451 0.031250 0.041667
0 0.304146 0.125998 0.031250 0.041667
0 0.269446 0.127400 0.031250 0.041667
0 0.254724 0.184883 0.031250 0.041667
0 0.231591 0.184883 0.031250 0.041667
0 0.223179 0.110575 0.031250 0.041667
0 0.244209 0.103565 0.031250 0.041667
0 0.188478 0.079731 0.031250 0.041667
0 0.276806 0.100761 0.031250 0.041667
0 0.286270 0.088143 0.031250 0.041667
0 0.318867 0.099359 0.031250 0.041667
0 0.328331 0.102163 0.031250 0.041667
0 0.356722 0.082535 0.031250 0.041667
0 0.366186 0.083937 0.031250 0.041667