0 0.410350 0.541000 0.031250 0.041667
0 0.405093 0.504547 0.031250 0.041667
0 0.419814 0.487722 0.031250 0.041667
0 0.513400 0.541000 0.031250 0.041667
0 0.550203 0.525577 0.031250 0.041667
0 0.561770 0.505949 0.031250 0.041667
0 0.542842 0.473702 0.031250 0.041667
0 0.689004 0.476506 0.031250 0.041667
0 0.740529 0.393786 0.031250 0.041667
0 0.765765 0.405002 0.031250 0.041667
0 0.781538 0.392384 0.031250 0.041667
0 0.855145 0.863467 0.031250 0.041667
0 0.481854 0.685409 0.031250 0.041667
0 0.473442 0.646152 0.031250 0.041667
0 0.378804 0.288634 0.031250 0.041667
0 0.412453 0.297046 0.031250 0.041667
0 0.368289 0.204512 0.031250 0.041667
0 0.454514 0.198904 0.031250 0.041667
0 0.279961 0.095153 0.031250 0.041667
0 0.292579 0.088143 0.031250 0.041667
0 0.246312 0.103565 0.031250 0.041667
0 0.271549 0.048886 0.031250 0.041667
0 0.214767 0.071319 0.031250 0.041667