0 0.191257 0.076438 0.031250 0.041667
0 0.290464 0.105539 0.031250 0.041667
0 0.312289 0.094957 0.031250 0.041667
0 0.344035 0.179613 0.031250 0.041667
0 0.308321 0.184904 0.031250 0.041667
0 0.262686 0.203423 0.031250 0.041667
0 0.455146 0.214005 0.031250 0.041667
0 0.377765 0.274851 0.031250 0.041667
0 0.308321 0.253687 0.031250 0.041667
0 0.296416 0.348925 0.031250 0.041667
0 0.300384 0.378026 0.031250 0.041667
0 0.264670 0.348925 0.031250 0.041667
0 0.165464 0.422999 0.031250 0.041667
0 0.135702 0.425645 0.031250 0.041667
0 0.105940 0.536756 0.031250 0.041667
0 0.201178 0.494428 0.031250 0.041667
0 0.213083 0.745751 0.031250 0.041667
0 0.389670 0.502364 0.031250 0.041667
0 0.407527 0.520883 0.031250 0.041667
0 0.508718 0.539401 0.031250 0.041667
0 0.558321 0.520883 0.031250 0.041667
0 0.594035 0.510301 0.031250 0.041667
0 0.552369 0.467973 0.031250 0.041667
0 0.423400 0.735169 0.031250 0.041667
0 0.476972 0.782788 0.031250 0.041667
0 0.379750 0.801306 0.031250 0.041667
0 0.367845 0.780142 0.031250 0.041667
0 0.340067 0.764269 0.031250 0.041667
0 0.288480 0.801306 0.031250 0.041667
0 0.802369 0.587021 0.031250 0.041667
0 0.901575 0.589666 0.031250 0.041667
0 0.786496 0.235169 0.031250 0.041667
0 0.774591 0.158449 0.031250 0.041667
0 0.707130 0.150513 0.031250 0.041667
0 0.709115 0.174322 0.031250 0.041667
0 0.679353 0.198132 0.031250 0.041667
0 0.548400 0.208714 0.031250 0.041667