0 0.207731 0.077091 0.031250 0.041667
0 0.243133 0.073594 0.031250 0.041667
0 0.216909 0.131286 0.031250 0.041667
0 0.313937 0.091077 0.031250 0.041667
0 0.371629 0.243175 0.031250 0.041667
0 0.370318 0.288629 0.031250 0.041667
0 0.446367 0.195972 0.031250 0.041667
0 0.454234 0.208209 0.031250 0.041667
0 0.530283 0.213454 0.031250 0.041667
0 0.209042 0.267650 0.031250 0.041667
0 0.194619 0.346321 0.031250 0.041667
0 0.235266 0.339328 0.031250 0.041667
0 0.384741 0.505412 0.031250 0.041667
0 0.409654 0.540377 0.031250 0.041667
0 0.505370 0.535133 0.031250 0.041667
0 0.560440 0.535133 0.031250 0.041667
0 0.581419 0.503664 0.031250 0.041667
0 0.574863 0.470447 0.031250 0.041667
0 0.473902 0.704713 0.031250 0.041667
0 0.501437 0.743175 0.031250 0.041667
0 0.454234 0.744923 0.031250 0.041667
0 0.408342 0.799119 0.031250 0.041667
0 0.342783 0.790377 0.031250 0.041667
0 0.281157 0.795622 0.031250 0.041667
0 0.741384 0.930237 0.031250 0.041667
0 0.812189 0.924993 0.031250 0.041667
0 0.787276 0.447720 0.031250 0.041667
0 0.830545 0.452965 0.031250 0.041667
0 0.823989 0.215203 0.031250 0.041667
0 0.772853 0.211706 0.031250 0.041667
0 0.753185 0.168000 0.031250 0.041667
0 0.696804 0.178489 0.031250 0.041667
0 0.758430 0.099818 0.031250 0.041667
0 0.667958 0.085832 0.031250 0.041667
0 0.644356 0.085832 0.031250 0.041667