0 0.087726 0.414361 0.031250 0.041667
0 0.122610 0.416475 0.031250 0.041667
0 0.100411 0.475672 0.031250 0.041667
0 0.143223 0.456644 0.031250 0.041667
0 0.232018 0.482014 0.031250 0.041667
0 0.247874 0.365735 0.031250 0.041667
0 0.281172 0.367849 0.031250 0.041667
0 0.258974 0.837194 0.031250 0.041667
0 0.549143 0.467215 0.031250 0.041667
0 0.190792 0.194488 0.031250 0.041667
0 0.190792 0.162775 0.031250 0.041667
0 0.233604 0.167004 0.031250 0.041667
0 0.276415 0.167004 0.031250 0.041667
0 0.343012 0.084551 0.031250 0.041667
0 0.355697 0.084551 0.031250 0.041667
0 0.270073 0.095122 0.031250 0.041667
0 0.282758 0.090894 0.031250 0.041667
0 0.290686 0.090894 0.031250 0.041667
0 0.579270 0.186031 0.031250 0.041667
0 0.457177 0.194488 0.031250 0.041667
0 0.634766 0.190259 0.031250 0.041667
0 0.683921 0.118378 0.031250 0.041667
0 0.745760 0.215629 0.031250 0.041667
0 0.806014 0.207173 0.031250 0.041667