0 0.387332 0.796730 0.031250 0.041667
0 0.467414 0.617400 0.031250 0.041667
0 0.494108 0.587284 0.031250 0.041667
0 0.500268 0.539372 0.031250 0.041667
0 0.431479 0.521576 0.031250 0.041667
0 0.366798 0.496935 0.031250 0.041667
0 0.379118 0.477770 0.031250 0.041667
0 0.550576 0.472294 0.031250 0.041667
0 0.354477 0.323081 0.031250 0.041667
0 0.722034 0.459974 0.031250 0.041667
0 0.792876 0.454498 0.031250 0.041667
0 0.779529 0.453129 0.031250 0.041667
0 0.737434 0.365518 0.031250 0.041667
0 0.674806 0.147859 0.031250 0.041667
0 0.713820 0.120480 0.031250 0.041667
0 0.231274 0.332664 0.031250 0.041667
0 0.225114 0.256004 0.031250 0.041667
0 0.265155 0.251897 0.031250 0.041667
0 0.204580 0.165655 0.031250 0.041667
0 0.244621 0.132801 0.031250 0.041667
0 0.282609 0.099947 0.031250 0.041667
0 0.293902 0.097209 0.031250 0.041667
0 0.304169 0.164286 0.031250 0.041667
0 0.323677 0.191665 0.031250 0.041667
0 0.442773 0.217674 0.031250 0.041667
0 0.449960 0.206723 0.031250 0.041667
0 0.549549 0.198509 0.031250 0.041667