0 0.263731 0.057067 0.031250 0.041667
0 0.271659 0.095122 0.031250 0.041667
0 0.281172 0.095122 0.031250 0.041667
0 0.290686 0.095122 0.031250 0.041667
0 0.336669 0.088780 0.031250 0.041667
0 0.349354 0.082437 0.031250 0.041667
0 0.358868 0.042268 0.031250 0.041667
0 0.258974 0.143748 0.031250 0.041667
0 0.254217 0.200830 0.031250 0.041667
0 0.349354 0.270598 0.031250 0.041667
0 0.379481 0.245228 0.031250 0.041667
0 0.433392 0.217744 0.031250 0.041667
0 0.457177 0.198716 0.031250 0.041667
0 0.677578 0.167004 0.031250 0.041667
0 0.793329 0.186031 0.031250 0.041667
0 0.832969 0.177574 0.031250 0.041667
0 0.859925 0.348822 0.031250 0.041667
0 0.815528 0.350936 0.031250 0.041667
0 0.707705 0.308653 0.031250 0.041667
0 0.549143 0.467215 0.031250 0.041667
0 0.258974 0.380534 0.031250 0.041667
0 0.206648 0.384763 0.031250 0.041667
0 0.241532 0.725143 0.031250 0.041667
0 0.252631 0.788568 0.031250 0.041667
0 0.254197 0.269712 0.031250 0.041667