0 0.284344 0.090894 0.031250 0.041667
0 0.292272 0.090894 0.031250 0.041667
0 0.306542 0.088780 0.031250 0.041667
0 0.338255 0.088780 0.031250 0.041667
0 0.347769 0.076095 0.031250 0.041667
0 0.368382 0.169118 0.031250 0.041667
0 0.442906 0.207173 0.031250 0.041667
0 0.454005 0.205059 0.031250 0.041667
0 0.458762 0.190259 0.031250 0.041667
0 0.228847 0.240999 0.031250 0.041667
0 0.116268 0.424932 0.031250 0.041667
0 0.200306 0.465101 0.031250 0.041667
0 0.549143 0.467215 0.031250 0.041667
0 0.612568 0.467215 0.031250 0.041667
0 0.439735 0.634234 0.031250 0.041667
0 0.411194 0.801253 0.031250 0.041667
0 0.790158 0.727257 0.031250 0.041667
0 0.902737 0.733600 0.031250 0.041667