0 0.222154 0.066601 0.031250 0.041667
0 0.186752 0.068349 0.031250 0.041667
0 0.211664 0.101566 0.031250 0.041667
0 0.256245 0.099818 0.031250 0.041667
0 0.266734 0.092825 0.031250 0.041667
0 0.277224 0.092825 0.031250 0.041667
0 0.308692 0.096321 0.031250 0.041667
0 0.344094 0.080587 0.031250 0.041667
0 0.350650 0.078839 0.031250 0.041667
0 0.441122 0.208209 0.031250 0.041667
0 0.447678 0.213454 0.031250 0.041667
0 0.266734 0.208209 0.031250 0.041667
0 0.310003 0.257161 0.031250 0.041667
0 0.348028 0.257161 0.031250 0.041667
0 0.375563 0.300867 0.031250 0.041667
0 0.361140 0.337580 0.031250 0.041667
0 0.424077 0.313105 0.031250 0.041667
0 0.626000 0.099818 0.031250 0.041667
0 0.654846 0.094573 0.031250 0.041667
0 0.455545 0.528140 0.031250 0.041667
0 0.532905 0.542126 0.031250 0.041667
0 0.549951 0.458209 0.031250 0.041667
0 0.635178 0.508909 0.031250 0.041667
0 0.784654 0.480937 0.031250 0.041667
0 0.867259 0.332335 0.031250 0.041667
0 0.881682 0.327091 0.031250 0.041667
0 0.699426 0.613804 0.031250 0.041667
0 0.446367 0.744923 0.031250 0.041667
0 0.758430 0.982685 0.031250 0.041667
0 0.012363 0.711706 0.031250 0.041667
0 0.261489 0.743175 0.031250 0.041667
0 0.316559 0.772895 0.031250 0.041667
0 0.346717 0.952965 0.031250 0.041667