0 0.606856 0.151315 0.031250 0.041667
0 0.645429 0.152601 0.031250 0.041667
0 0.547069 0.475326 0.031250 0.041667
0 0.599142 0.521614 0.031250 0.041667
0 0.495960 0.537043 0.031250 0.041667
0 0.410135 0.530614 0.031250 0.041667
0 0.387956 0.512614 0.031250 0.041667
0 0.215342 0.386609 0.031250 0.041667
0 0.234629 0.150029 0.031250 0.041667
0 0.265487 0.164172 0.031250 0.041667
0 0.255844 0.213031 0.031250 0.041667
0 0.284774 0.096027 0.031250 0.041667
0 0.307917 0.097313 0.031250 0.041667
0 0.280916 0.121742 0.031250 0.041667
0 0.347454 0.094741 0.031250 0.041667
0 0.442922 0.209174 0.031250 0.041667
0 0.440993 0.655333 0.031250 0.041667
0 0.333954 0.794195 0.031250 0.041667
0 0.265487 0.764623 0.031250 0.041667
0 0.440029 0.580759 0.031250 0.041667
0 0.395670 0.731193 0.031250 0.041667
0 0.877830 0.966487 0.031250 0.041667
0 0.419778 0.047168 0.031250 0.041667