0 0.175925 0.742244 0.031250 0.041667
0 0.203756 0.721771 0.031250 0.041667
0 0.125061 0.485047 0.031250 0.041667
0 0.162490 0.485047 0.031250 0.041667
0 0.150013 0.351969 0.031250 0.041667
0 0.194159 0.332776 0.031250 0.041667
0 0.208555 0.360927 0.031250 0.041667
0 0.240225 0.362206 0.031250 0.041667
0 0.277653 0.363486 0.031250 0.041667
0 0.375541 0.294388 0.031250 0.041667
0 0.415848 0.287990 0.031250 0.041667
0 0.432163 0.264957 0.031250 0.041667
0 0.444639 0.217612 0.031250 0.041667
0 0.412010 0.485047 0.031250 0.041667
0 0.395695 0.505520 0.031250 0.041667
0 0.412969 0.522155 0.031250 0.041667
0 0.513737 0.515757 0.031250 0.041667
0 0.538689 0.465853 0.031250 0.041667
0 0.760378 0.382680 0.031250 0.041667
0 0.690321 0.156192 0.031250 0.041667
0 0.671127 0.115245 0.031250 0.041667
0 0.762298 0.156192 0.031250 0.041667
0 0.772854 0.111406 0.031250 0.041667
0 0.253660 0.157472 0.031250 0.041667
0 0.280532 0.113966 0.031250 0.041667
0 0.311242 0.097331 0.031250 0.041667
0 0.340992 0.101170 0.031250 0.041667
0 0.184562 0.074298 0.031250 0.041667
0 0.258459 0.113966 0.031250 0.041667
0 0.359227 0.039749 0.031250 0.041667
0 0.340033 0.039749 0.031250 0.041667