0 0.082403 0.662575 0.031250 0.041667
0 0.084457 0.611925 0.031250 0.041667
0 0.080350 0.438071 0.031250 0.041667
0 0.278502 0.375101 0.031250 0.041667
0 0.293902 0.397003 0.031250 0.041667
0 0.350371 0.800836 0.031250 0.041667
0 0.509508 0.651623 0.031250 0.041667
0 0.533122 0.606449 0.031250 0.041667
0 0.479734 0.637934 0.031250 0.041667
0 0.499241 0.538003 0.031250 0.041667
0 0.448933 0.528420 0.031250 0.041667
0 0.554683 0.468187 0.031250 0.041667
0 0.699447 0.839166 0.031250 0.041667
0 0.780555 0.800836 0.031250 0.041667
0 0.893492 0.651623 0.031250 0.041667
0 0.824703 0.432595 0.031250 0.041667
0 0.678913 0.354567 0.031250 0.041667
0 0.656325 0.350460 0.031250 0.041667
0 0.635792 0.308023 0.031250 0.041667
0 0.624498 0.245053 0.031250 0.041667
0 0.687126 0.273800 0.031250 0.041667
0 0.686100 0.213567 0.031250 0.041667
0 0.696366 0.168393 0.031250 0.041667
0 0.744621 0.179344 0.031250 0.041667
0 0.776449 0.213567 0.031250 0.041667
0 0.814436 0.225888 0.031250 0.041667
0 0.294929 0.262849 0.031250 0.041667
0 0.191233 0.303916 0.031250 0.041667
0 0.198420 0.238208 0.031250 0.041667
0 0.211767 0.195771 0.031250 0.041667
0 0.258995 0.177975 0.031250 0.041667
0 0.302116 0.169762 0.031250 0.041667
0 0.354477 0.213567 0.031250 0.041667
0 0.440720 0.220412 0.031250 0.041667
0 0.450987 0.208092 0.031250 0.041667
0 0.184046 0.082150 0.031250 0.041667
0 0.280555 0.094471 0.031250 0.041667
0 0.290822 0.093102 0.031250 0.041667
0 0.556736 0.193033 0.031250 0.041667
0 0.683019 0.243684 0.031250 0.041667