0 0.064909 0.618046 0.031250 0.041667
0 0.117946 0.615474 0.031250 0.041667
0 0.145911 0.600045 0.031250 0.041667
0 0.393742 0.499756 0.031250 0.041667
0 0.412064 0.538329 0.031250 0.041667
0 0.447744 0.646333 0.031250 0.041667
0 0.357098 0.800624 0.031250 0.041667
0 0.300203 0.787766 0.031250 0.041667
0 0.283809 0.755622 0.031250 0.041667
0 0.538390 0.805767 0.031250 0.041667
0 0.548033 0.744050 0.031250 0.041667
0 0.505603 0.525471 0.031250 0.041667
0 0.542247 0.468898 0.031250 0.041667
0 0.594320 0.510042 0.031250 0.041667
0 0.657001 0.611617 0.031250 0.041667
0 0.713896 0.633475 0.031250 0.041667
0 0.750540 0.655333 0.031250 0.041667
0 0.789113 0.533186 0.031250 0.041667
0 0.903867 0.462469 0.031250 0.041667
0 0.902903 0.427753 0.031250 0.041667
0 0.445815 0.209174 0.031250 0.041667
0 0.390849 0.206603 0.031250 0.041667
0 0.336847 0.213031 0.031250 0.041667
0 0.309846 0.096027 0.031250 0.041667
0 0.285738 0.096027 0.031250 0.041667
0 0.346490 0.099884 0.031250 0.041667
0 0.192199 0.070312 0.031250 0.041667