0 0.189374 0.063105 0.031250 0.041667
0 0.226087 0.085832 0.031250 0.041667
0 0.211664 0.185482 0.031250 0.041667
0 0.308692 0.096321 0.031250 0.041667
0 0.340161 0.073594 0.031250 0.041667
0 0.349339 0.073594 0.031250 0.041667
0 0.442433 0.206461 0.031250 0.041667
0 0.454234 0.206461 0.031250 0.041667
0 0.173640 0.327091 0.031250 0.041667
0 0.231332 0.320098 0.031250 0.041667
0 0.299514 0.346321 0.031250 0.041667
0 0.362451 0.344573 0.031250 0.041667
0 0.035965 0.461706 0.031250 0.041667
0 0.092346 0.479189 0.031250 0.041667
0 0.113325 0.685482 0.031250 0.041667
0 0.194619 0.758909 0.031250 0.041667
0 0.392608 0.498419 0.031250 0.041667
0 0.412276 0.522895 0.031250 0.041667
0 0.455545 0.535133 0.031250 0.041667
0 0.523727 0.536881 0.031250 0.041667
0 0.565685 0.524643 0.031250 0.041667
0 0.590598 0.507161 0.031250 0.041667
0 0.551262 0.472196 0.031250 0.041667
0 0.594531 0.140028 0.031250 0.041667
0 0.626000 0.120797 0.031250 0.041667