0 0.213213 0.045668 0.031250 0.041667
0 0.267858 0.082098 0.031250 0.041667
0 0.312940 0.089384 0.031250 0.041667
0 0.400371 0.127635 0.031250 0.041667
0 0.258295 0.144029 0.031250 0.041667
0 0.222776 0.189566 0.031250 0.041667
0 0.233705 0.174994 0.031250 0.041667
0 0.269224 0.169530 0.031250 0.041667
0 0.297912 0.142207 0.031250 0.041667
0 0.330699 0.187745 0.031250 0.041667
0 0.308841 0.207781 0.031250 0.041667
0 0.144907 0.424539 0.031250 0.041667
0 0.179060 0.417253 0.031250 0.041667
0 0.004197 0.548401 0.031250 0.041667
0 0.397639 0.497399 0.031250 0.041667
0 0.405836 0.522900 0.031250 0.041667
0 0.322503 0.756051 0.031250 0.041667
0 0.366218 0.779730 0.031250 0.041667
0 0.394907 0.765158 0.031250 0.041667
0 0.441355 0.777909 0.031250 0.041667
0 0.429060 0.705049 0.031250 0.041667
0 0.546546 0.466433 0.031250 0.041667
0 0.572503 0.493756 0.031250 0.041667
0 0.552011 0.517435 0.031250 0.041667
0 0.684524 0.670441 0.031250 0.041667
0 0.812940 0.593938 0.031250 0.041667
0 0.866218 0.593938 0.031250 0.041667
0 0.756929 0.417253 0.031250 0.041667
0 0.736437 0.284284 0.031250 0.041667
0 0.707748 0.269712 0.031250 0.041667
0 0.647639 0.247854 0.031250 0.041667
0 0.446820 0.200495 0.031250 0.041667
0 0.459115 0.205960 0.031250 0.041667
0 0.617585 0.114885 0.031250 0.041667
0 0.654470 0.129457 0.031250 0.041667
0 0.688623 0.100313 0.031250 0.041667
0 0.720044 0.094849 0.031250 0.041667