0 0.263102 0.139645 0.031250 0.041667
0 0.236408 0.131432 0.031250 0.041667
0 0.248728 0.113636 0.031250 0.041667
0 0.263102 0.105422 0.031250 0.041667
0 0.278502 0.094471 0.031250 0.041667
0 0.294929 0.094471 0.031250 0.041667
0 0.257968 0.246422 0.031250 0.041667
0 0.208687 0.240946 0.031250 0.041667
0 0.185073 0.353198 0.031250 0.041667
0 0.252835 0.399741 0.031250 0.041667
0 0.250781 0.485983 0.031250 0.041667
0 0.314436 0.369625 0.031250 0.041667
0 0.101911 0.517469 0.031250 0.041667
0 0.084457 0.555799 0.031250 0.041667
0 0.006428 0.590022 0.031250 0.041667
0 0.008481 0.565381 0.031250 0.041667
0 0.195340 0.751555 0.031250 0.041667
0 0.136818 0.954156 0.031250 0.041667
0 0.237434 0.974690 0.031250 0.041667
0 0.349344 0.903506 0.031250 0.041667
0 0.504375 0.528420 0.031250 0.041667
0 0.446880 0.513362 0.031250 0.041667
0 0.544416 0.521576 0.031250 0.041667
0 0.563923 0.495566 0.031250 0.041667
0 0.543389 0.465450 0.031250 0.041667
0 0.601911 0.588653 0.031250 0.041667
0 0.613204 0.620138 0.031250 0.041667
0 0.663512 0.603711 0.031250 0.041667
0 0.787742 0.766613 0.031250 0.041667
0 0.846264 0.446285 0.031250 0.041667
0 0.782609 0.186189 0.031250 0.041667
0 0.632711 0.068461 0.031250 0.041667
0 0.610124 0.064354 0.031250 0.041667
0 0.556736 0.188927 0.031250 0.041667
0 0.449960 0.201247 0.031250 0.041667
0 0.441746 0.208092 0.031250 0.041667