0 0.746674 0.639303 0.031250 0.041667
0 0.806223 0.654361 0.031250 0.041667
0 0.747701 0.952787 0.031250 0.041667
0 0.801089 0.952787 0.031250 0.041667
0 0.483841 0.624245 0.031250 0.041667
0 0.494108 0.583177 0.031250 0.041667
0 0.502321 0.553061 0.031250 0.041667
0 0.440720 0.527051 0.031250 0.041667
0 0.370904 0.491459 0.031250 0.041667
0 0.370904 0.461343 0.031250 0.041667
0 0.539282 0.462712 0.031250 0.041667
0 0.217927 0.680371 0.031250 0.041667
0 0.141952 0.679002 0.031250 0.041667
0 0.101911 0.706380 0.031250 0.041667
0 0.077270 0.673526 0.031250 0.041667
0 0.020802 0.643410 0.031250 0.041667
0 0.139898 0.502411 0.031250 0.041667
0 0.139898 0.394265 0.031250 0.041667
0 0.311356 0.265586 0.031250 0.041667
0 0.357557 0.249159 0.031250 0.041667
0 0.338050 0.172500 0.031250 0.041667
0 0.356531 0.168393 0.031250 0.041667
0 0.253861 0.228626 0.031250 0.041667
0 0.232301 0.229994 0.031250 0.041667
0 0.365771 0.083519 0.031250 0.041667
0 0.294929 0.095840 0.031250 0.041667
0 0.175833 0.047927 0.031250 0.041667
0 0.273369 0.101315 0.031250 0.041667
0 0.443800 0.216305 0.031250 0.041667
0 0.450987 0.195771 0.031250 0.041667
0 0.561870 0.183451 0.031250 0.041667