0 0.287515 0.093008 0.031250 0.041667
0 0.295443 0.090894 0.031250 0.041667
0 0.341426 0.088780 0.031250 0.041667
0 0.354111 0.084551 0.031250 0.041667
0 0.422293 0.194488 0.031250 0.041667
0 0.436563 0.217744 0.031250 0.041667
0 0.463519 0.196602 0.031250 0.041667
0 0.625253 0.234657 0.031250 0.041667
0 0.664893 0.224086 0.031250 0.041667
0 0.680750 0.342479 0.031250 0.041667
0 0.745760 0.279054 0.031250 0.041667
0 0.780644 0.262141 0.031250 0.041667
0 0.549143 0.469329 0.031250 0.041667
0 0.415950 0.505270 0.031250 0.041667
0 0.381067 0.522183 0.031250 0.041667
0 0.117853 0.450302 0.031250 0.041667
0 0.182864 0.632120 0.031250 0.041667
0 0.217747 0.661718 0.031250 0.041667
0 0.304957 0.864678 0.031250 0.041667