0 0.195453 0.072991 0.031250 0.041667
0 0.289716 0.151315 0.031250 0.041667
0 0.355289 0.049311 0.031250 0.041667
0 0.386710 0.054776 0.031250 0.041667
0 0.341628 0.034739 0.031250 0.041667
0 0.349825 0.145850 0.031250 0.041667
0 0.342994 0.131278 0.031250 0.041667
0 0.310207 0.160422 0.031250 0.041667
0 0.314306 0.211424 0.031250 0.041667
0 0.281519 0.225996 0.031250 0.041667
0 0.442721 0.205960 0.031250 0.041667
0 0.456382 0.207781 0.031250 0.041667
0 0.150371 0.351679 0.031250 0.041667
0 0.218677 0.342572 0.031250 0.041667
0 0.142175 0.473719 0.031250 0.041667
0 0.174962 0.473719 0.031250 0.041667
0 0.191355 0.568437 0.031250 0.041667
0 0.266492 0.564794 0.031250 0.041667
0 0.394907 0.508328 0.031250 0.041667
0 0.397639 0.542936 0.031250 0.041667
0 0.140809 0.878091 0.031250 0.041667
0 0.228240 0.832554 0.031250 0.041667
0 0.303377 0.752408 0.031250 0.041667
0 0.356656 0.781552 0.031250 0.041667
0 0.408568 0.765158 0.031250 0.041667
0 0.430426 0.765158 0.031250 0.041667
0 0.445453 0.714156 0.031250 0.041667
0 0.513759 0.570258 0.031250 0.041667
0 0.562940 0.532007 0.031250 0.041667
0 0.580699 0.493756 0.031250 0.041667
0 0.547912 0.470076 0.031250 0.041667
0 0.767858 0.766980 0.031250 0.041667
0 0.750098 0.355322 0.031250 0.041667
0 0.770590 0.320714 0.031250 0.041667
0 0.793814 0.309785 0.031250 0.041667
0 0.844360 0.291570 0.031250 0.041667
0 0.888076 0.318892 0.031250 0.041667
0 0.818404 0.189566 0.031250 0.041667
0 0.692721 0.154958 0.031250 0.041667
0 0.669497 0.154958 0.031250 0.041667