0 0.225676 0.069752 0.031250 0.041667
0 0.270073 0.080323 0.031250 0.041667
0 0.282758 0.093008 0.031250 0.041667
0 0.293857 0.093008 0.031250 0.041667
0 0.341426 0.090894 0.031250 0.041667
0 0.360454 0.086665 0.031250 0.041667
0 0.195549 0.128949 0.031250 0.041667
0 0.181278 0.308653 0.031250 0.041667
0 0.232018 0.300196 0.031250 0.041667
0 0.309714 0.331908 0.031250 0.041667
0 0.352525 0.342479 0.031250 0.041667
0 0.656965 0.312881 0.031250 0.041667
0 0.698191 0.295968 0.031250 0.041667
0 0.547557 0.471443 0.031250 0.041667
0 0.693435 0.642691 0.031250 0.041667
0 0.828213 0.640577 0.031250 0.041667
0 0.818699 0.744171 0.031250 0.041667
0 0.777473 0.742056 0.031250 0.041667
0 0.279587 0.748399 0.031250 0.041667
0 0.203477 0.739942 0.031250 0.041667
0 0.162251 0.627892 0.031250 0.041667
0 0.076627 0.613092 0.031250 0.041667