0 0.184272 0.836829 0.031250 0.041667
0 0.449257 0.643348 0.031250 0.041667
0 0.411402 0.529783 0.031250 0.041667
0 0.398783 0.500341 0.031250 0.041667
0 0.415608 0.482114 0.031250 0.041667
0 0.507090 0.535391 0.031250 0.041667
0 0.554409 0.525577 0.031250 0.041667
0 0.565976 0.501743 0.031250 0.041667
0 0.550203 0.475104 0.031250 0.041667
0 0.720550 0.455476 0.031250 0.041667
0 0.777332 0.456878 0.031250 0.041667
0 0.878279 0.430239 0.031250 0.041667
0 0.887742 0.452672 0.031250 0.041667
0 0.751044 0.155441 0.031250 0.041667
0 0.726859 0.145626 0.031250 0.041667
0 0.744735 0.210120 0.031250 0.041667
0 0.702674 0.190491 0.031250 0.041667
0 0.659561 0.186285 0.031250 0.041667
0 0.631170 0.198904 0.031250 0.041667
0 0.453463 0.214326 0.031250 0.041667
0 0.267343 0.102163 0.031250 0.041667
0 0.283116 0.099359 0.031250 0.041667
0 0.208457 0.062906 0.031250 0.041667
0 0.316764 0.093751 0.031250 0.041667
0 0.327280 0.096555 0.031250 0.041667
0 0.352516 0.090947 0.031250 0.041667
0 0.360928 0.083937 0.031250 0.041667
0 0.268394 0.240965 0.031250 0.041667
0 0.355671 0.039072 0.031250 0.041667