0 0.194619 0.063105 0.031250 0.041667
0 0.315248 0.094573 0.031250 0.041667
0 0.336227 0.078839 0.031250 0.041667
0 0.349339 0.078839 0.031250 0.041667
0 0.287713 0.180237 0.031250 0.041667
0 0.443745 0.202965 0.031250 0.041667
0 0.456856 0.218699 0.031250 0.041667
0 0.391297 0.508909 0.031250 0.041667
0 0.409654 0.536881 0.031250 0.041667
0 0.463412 0.538629 0.031250 0.041667
0 0.530283 0.538629 0.031250 0.041667
0 0.572241 0.528140 0.031250 0.041667
0 0.591909 0.503664 0.031250 0.041667
0 0.547328 0.470447 0.031250 0.041667
0 0.698115 0.103314 0.031250 0.041667
0 0.774164 0.180237 0.031250 0.041667
0 0.814811 0.195972 0.031250 0.041667
0 0.847591 0.442475 0.031250 0.041667
0 0.772853 0.449468 0.031250 0.041667
0 0.191996 0.701216 0.031250 0.041667
0 0.202486 0.772895 0.031250 0.041667