0 0.239946 0.038040 0.031250 0.041667
0 0.274830 0.093008 0.031250 0.041667
0 0.285929 0.093008 0.031250 0.041667
0 0.292272 0.086665 0.031250 0.041667
0 0.336669 0.088780 0.031250 0.041667
0 0.365210 0.088780 0.031250 0.041667
0 0.268487 0.162775 0.031250 0.041667
0 0.304957 0.179689 0.031250 0.041667
0 0.257388 0.192374 0.031250 0.041667
0 0.201891 0.224086 0.031250 0.041667
0 0.254217 0.334023 0.031250 0.041667
0 0.303371 0.346708 0.031250 0.041667
0 0.306542 0.452416 0.031250 0.041667
0 0.227261 0.405904 0.031250 0.041667
0 0.170179 0.427046 0.031250 0.041667
0 0.056014 0.443959 0.031250 0.041667
0 0.092483 0.462987 0.031250 0.041667
0 0.346183 0.835080 0.031250 0.041667
0 0.599883 0.213515 0.031250 0.041667
0 0.465105 0.190259 0.031250 0.041667
0 0.691849 0.124720 0.031250 0.041667
0 0.756859 0.194488 0.031250 0.041667
0 0.815528 0.198716 0.031250 0.041667
0 0.547557 0.477786 0.031250 0.041667