0 0.184449 0.088780 0.031250 0.041667
0 0.211405 0.082437 0.031250 0.041667
0 0.268487 0.093008 0.031250 0.041667
0 0.281172 0.093008 0.031250 0.041667
0 0.290686 0.093008 0.031250 0.041667
0 0.333498 0.082437 0.031250 0.041667
0 0.349354 0.069752 0.031250 0.041667
0 0.590369 0.105693 0.031250 0.041667
0 0.587198 0.154319 0.031250 0.041667
0 0.630010 0.154319 0.031250 0.041667
0 0.717219 0.257913 0.031250 0.041667
0 0.693435 0.541211 0.031250 0.041667
0 0.847240 0.615207 0.031250 0.041667
0 0.910665 0.598293 0.031250 0.041667
0 0.251046 0.192374 0.031250 0.041667
0 0.322399 0.179689 0.031250 0.041667
0 0.358868 0.179689 0.031250 0.041667
0 0.458762 0.188145 0.031250 0.041667
0 0.249460 0.279054 0.031250 0.041667
0 0.228847 0.274826 0.031250 0.041667
0 0.298614 0.378420 0.031250 0.041667
0 0.346183 0.372078 0.031250 0.041667
0 0.319227 0.283283 0.031250 0.041667
0 0.549143 0.469329 0.031250 0.041667
0 0.936035 0.923875 0.031250 0.041667
0 0.398509 0.801253 0.031250 0.041667
0 0.311574 0.360787 0.031250 0.041667