0 0.090687 0.576050 0.031250 0.041667
0 0.129593 0.473702 0.031250 0.041667
0 0.164293 0.480712 0.031250 0.041667
0 0.184272 0.529783 0.031250 0.041667
0 0.240003 0.543804 0.031250 0.041667
0 0.233694 0.742892 0.031250 0.041667
0 0.343053 0.787757 0.031250 0.041667
0 0.399835 0.817200 0.031250 0.041667
0 0.441896 0.791964 0.031250 0.041667
0 0.401938 0.528381 0.031250 0.041667
0 0.391423 0.498939 0.031250 0.041667
0 0.385114 0.416219 0.031250 0.041667
0 0.514451 0.535391 0.031250 0.041667
0 0.551254 0.525577 0.031250 0.041667
0 0.562821 0.497537 0.031250 0.041667
0 0.547048 0.466692 0.031250 0.041667
0 0.640634 0.539598 0.031250 0.041667
0 0.635376 0.482114 0.031250 0.041667
0 0.696365 0.545206 0.031250 0.041667
0 0.727911 0.496135 0.031250 0.041667
0 0.812033 0.521371 0.031250 0.041667
0 0.866712 0.428837 0.031250 0.041667
0 0.844630 0.284428 0.031250 0.041667
0 0.798363 0.283026 0.031250 0.041667
0 0.757353 0.267603 0.031250 0.041667
0 0.706880 0.267603 0.031250 0.041667
0 0.698468 0.168059 0.031250 0.041667
0 0.742632 0.137214 0.031250 0.041667
0 0.644840 0.175069 0.031250 0.041667
0 0.587006 0.225542 0.031250 0.041667
0 0.350413 0.245171 0.031250 0.041667
0 0.306249 0.245171 0.031250 0.041667
0 0.328331 0.187687 0.031250 0.041667
0 0.364083 0.184883 0.031250 0.041667
0 0.450308 0.200306 0.031250 0.041667
0 0.197942 0.156843 0.031250 0.041667
0 0.190581 0.092349 0.031250 0.041667
0 0.235797 0.071319 0.031250 0.041667
0 0.276806 0.118988 0.031250 0.041667
0 0.278910 0.093751 0.031250 0.041667
0 0.285219 0.092349 0.031250 0.041667