0 0.059141 0.592875 0.031250 0.041667
0 0.296785 0.790561 0.031250 0.041667
0 0.369341 0.807386 0.031250 0.041667
0 0.418762 0.780747 0.031250 0.041667
0 0.490266 0.787757 0.031250 0.041667
0 0.582800 0.779345 0.031250 0.041667
0 0.666922 0.773737 0.031250 0.041667
0 0.759456 0.664379 0.031250 0.041667
0 0.837269 0.654564 0.031250 0.041667
0 0.544945 0.473702 0.031250 0.041667
0 0.563873 0.497537 0.031250 0.041667
0 0.544945 0.533989 0.031250 0.041667
0 0.503936 0.533989 0.031250 0.041667
0 0.408247 0.528381 0.031250 0.041667
0 0.395629 0.511557 0.031250 0.041667
0 0.413505 0.483516 0.031250 0.041667
0 0.335692 0.274613 0.031250 0.041667
0 0.212663 0.298448 0.031250 0.041667
0 0.218973 0.177873 0.031250 0.041667
0 0.213715 0.158245 0.031250 0.041667
0 0.213715 0.125998 0.031250 0.041667
0 0.282064 0.176471 0.031250 0.041667
0 0.274703 0.099359 0.031250 0.041667
0 0.289425 0.090947 0.031250 0.041667
0 0.317816 0.097957 0.031250 0.041667
0 0.333589 0.096555 0.031250 0.041667
0 0.367238 0.054494 0.031250 0.041667
0 0.399835 0.051690 0.031250 0.041667
0 0.361980 0.096555 0.031250 0.041667
0 0.381959 0.086741 0.031250 0.041667
0 0.188478 0.040474 0.031250 0.041667
0 0.864609 0.245171 0.031250 0.041667
0 0.878279 0.233954 0.031250 0.041667
0 0.557564 0.207316 0.031250 0.041667