0 0.177845 0.296947 0.031250 0.041667
0 0.189361 0.398035 0.031250 0.041667
0 0.277653 0.298227 0.031250 0.041667
0 0.269975 0.468412 0.031250 0.041667
0 0.488785 0.691061 0.031250 0.041667
0 0.269975 0.783191 0.031250 0.041667
0 0.407211 0.524714 0.031250 0.041667
0 0.395695 0.496563 0.031250 0.041667
0 0.415848 0.483767 0.031250 0.041667
0 0.507019 0.543908 0.031250 0.041667
0 0.552125 0.525994 0.031250 0.041667
0 0.560762 0.494004 0.031250 0.041667
0 0.546367 0.467133 0.031250 0.041667
0 0.615465 0.689781 0.031250 0.041667
0 0.767096 0.739685 0.031250 0.041667
0 0.841952 0.740965 0.031250 0.041667
0 0.790129 0.479928 0.031250 0.041667
0 0.735426 0.468412 0.031250 0.041667
0 0.424486 0.227849 0.031250 0.041667
0 0.448478 0.212494 0.031250 0.041667
0 0.617384 0.096051 0.031250 0.041667
0 0.342912 0.078137 0.031250 0.041667
0 0.550205 0.093492 0.031250 0.041667
0 0.274774 0.098610 0.031250 0.041667
0 0.252701 0.098610 0.031250 0.041667
0 0.233507 0.089653 0.031250 0.041667
0 0.205676 0.121643 0.031250 0.041667
0 0.198958 0.058943 0.031250 0.041667
0 0.286290 0.093492 0.031250 0.041667
0 0.301645 0.092212 0.031250 0.041667
0 0.315081 0.080696 0.031250 0.041667
0 0.367864 0.085815 0.031250 0.041667
0 0.363065 0.051266 0.031250 0.041667
0 0.561722 0.172827 0.031250 0.041667