0 0.582441 0.160661 0.031250 0.041667
0 0.623667 0.160661 0.031250 0.041667
0 0.271659 0.088780 0.031250 0.041667
0 0.282758 0.093008 0.031250 0.041667
0 0.297029 0.090894 0.031250 0.041667
0 0.290686 0.122606 0.031250 0.041667
0 0.254217 0.122606 0.031250 0.041667
0 0.265316 0.109921 0.031250 0.041667
0 0.182864 0.109921 0.031250 0.041667
0 0.193963 0.143748 0.031250 0.041667
0 0.201891 0.300196 0.031250 0.041667
0 0.087726 0.619435 0.031250 0.041667
0 0.476204 0.786454 0.031250 0.041667
0 0.598297 0.991528 0.031250 0.041667
0 0.707705 0.961930 0.031250 0.041667
0 0.547557 0.469329 0.031250 0.041667
0 0.691849 0.281169 0.031250 0.041667
0 0.745760 0.279054 0.031250 0.041667
0 0.888466 0.249456 0.031250 0.041667
0 0.331912 0.093008 0.031250 0.041667
0 0.343012 0.093008 0.031250 0.041667
0 0.343012 0.076095 0.031250 0.041667
0 0.457177 0.192374 0.031250 0.041667
0 0.419122 0.050725 0.031250 0.041667