0 0.273244 0.088780 0.031250 0.041667
0 0.281172 0.088780 0.031250 0.041667
0 0.290686 0.088780 0.031250 0.041667
0 0.312885 0.118378 0.031250 0.041667
0 0.338255 0.088780 0.031250 0.041667
0 0.357282 0.086665 0.031250 0.041667
0 0.258974 0.181803 0.031250 0.041667
0 0.442906 0.198716 0.031250 0.041667
0 0.628424 0.179689 0.031250 0.041667
0 0.679164 0.171232 0.031250 0.041667
0 0.739418 0.177574 0.031250 0.041667
0 0.796500 0.171232 0.031250 0.041667
0 0.931278 0.545439 0.031250 0.041667
0 0.861511 0.581380 0.031250 0.041667
0 0.786986 0.701887 0.031250 0.041667
0 0.725147 0.613092 0.031250 0.041667
0 0.661722 0.672289 0.031250 0.041667
0 0.664893 0.744171 0.031250 0.041667
0 0.652208 0.832966 0.031250 0.041667
0 0.544386 0.467215 0.031250 0.041667
0 0.278001 0.754741 0.031250 0.041667
0 0.206648 0.737828 0.031250 0.041667
0 0.182864 0.661718 0.031250 0.041667
0 0.136881 0.632120 0.031250 0.041667