0 0.276415 0.097236 0.031250 0.041667
0 0.285929 0.090894 0.031250 0.041667
0 0.293857 0.090894 0.031250 0.041667
0 0.339840 0.090894 0.031250 0.041667
0 0.346183 0.076095 0.031250 0.041667
0 0.446077 0.213515 0.031250 0.041667
0 0.457177 0.198716 0.031250 0.041667
0 0.298614 0.190259 0.031250 0.041667
0 0.322399 0.181803 0.031250 0.041667
0 0.273244 0.209287 0.031250 0.041667
0 0.179692 0.215629 0.031250 0.041667
0 0.309714 0.213515 0.031250 0.041667
0 0.285929 0.295968 0.031250 0.041667
0 0.222504 0.306538 0.031250 0.041667
0 0.117853 0.414361 0.031250 0.041667
0 0.549143 0.467215 0.031250 0.041667
0 0.444492 0.640577 0.031250 0.041667
0 0.335084 0.788568 0.031250 0.041667
0 0.783815 0.534868 0.031250 0.041667
0 0.832969 0.536982 0.031250 0.041667
0 0.557071 0.215629 0.031250 0.041667
0 0.691849 0.135291 0.031250 0.041667
0 0.728318 0.139519 0.031250 0.041667
0 0.802843 0.171232 0.031250 0.041667