0 0.365861 0.089666 0.031250 0.041667
0 0.221019 0.052629 0.031250 0.041667
0 0.240861 0.057920 0.031250 0.041667
0 0.238876 0.097603 0.031250 0.041667
0 0.236892 0.118767 0.031250 0.041667
0 0.312289 0.354216 0.031250 0.041667
0 0.439273 0.206068 0.031250 0.041667
0 0.457130 0.206068 0.031250 0.041667
0 0.544432 0.206068 0.031250 0.041667
0 0.734908 0.166386 0.031250 0.041667
0 0.794432 0.169031 0.031250 0.041667
0 0.736892 0.195486 0.031250 0.041667
0 0.752765 0.187550 0.031250 0.041667
0 0.627765 0.282788 0.031250 0.041667
0 0.030543 0.565856 0.031250 0.041667
0 0.385702 0.494428 0.031250 0.041667
0 0.403559 0.520883 0.031250 0.041667
0 0.508718 0.528819 0.031250 0.041667
0 0.564273 0.523528 0.031250 0.041667
0 0.578162 0.494428 0.031250 0.041667
0 0.538480 0.467973 0.031250 0.041667
0 0.778559 0.420354 0.031250 0.041667
0 0.816257 0.497073 0.031250 0.041667
0 0.867845 0.523528 0.031250 0.041667
0 0.776575 0.634640 0.031250 0.041667
0 0.433321 0.729878 0.031250 0.041667
0 0.471019 0.727232 0.031250 0.041667
0 0.375781 0.796015 0.031250 0.041667
0 0.355940 0.817179 0.031250 0.041667
0 0.292448 0.801306 0.031250 0.041667
0 0.298400 0.743105 0.031250 0.041667