0 0.594367 0.242367 0.031250 0.041667
0 0.598573 0.298448 0.031250 0.041667
0 0.544945 0.333499 0.031250 0.041667
0 0.511296 0.517165 0.031250 0.041667
0 0.553357 0.514361 0.031250 0.041667
0 0.565976 0.500341 0.031250 0.041667
0 0.544945 0.472300 0.031250 0.041667
0 0.408247 0.518567 0.031250 0.041667
0 0.395629 0.501743 0.031250 0.041667
0 0.388268 0.814396 0.031250 0.041667
0 0.339898 0.770933 0.031250 0.041667
0 0.409299 0.775139 0.031250 0.041667
0 0.237900 0.731676 0.031250 0.041667
0 0.565976 0.776541 0.031250 0.041667
0 0.664819 0.786355 0.031250 0.041667
0 0.743683 0.793366 0.031250 0.041667
0 0.851991 0.880292 0.031250 0.041667
0 0.916134 0.870477 0.031250 0.041667
0 0.773126 0.709244 0.031250 0.041667
0 0.810981 0.675595 0.031250 0.041667
0 0.841475 0.419023 0.031250 0.041667
0 0.870918 0.388178 0.031250 0.041667
0 0.821496 0.222738 0.031250 0.041667
0 0.674283 0.081133 0.031250 0.041667
0 0.450308 0.200306 0.031250 0.041667
0 0.173757 0.461084 0.031250 0.041667
0 0.126438 0.451269 0.031250 0.041667
0 0.116975 0.599885 0.031250 0.041667
0 0.036007 0.571844 0.031250 0.041667
0 0.003410 0.576050 0.031250 0.041667
0 0.298889 0.405002 0.031250 0.041667
0 0.278910 0.252181 0.031250 0.041667
0 0.249467 0.249377 0.031250 0.041667
0 0.261034 0.175069 0.031250 0.041667
0 0.291528 0.165255 0.031250 0.041667
0 0.358825 0.155441 0.031250 0.041667
0 0.395629 0.145626 0.031250 0.041667
0 0.278910 0.109173 0.031250 0.041667
0 0.364083 0.104967 0.031250 0.041667