0 0.274830 0.090894 0.031250 0.041667
0 0.292272 0.090894 0.031250 0.041667
0 0.284344 0.095122 0.031250 0.041667
0 0.336669 0.088780 0.031250 0.041667
0 0.355697 0.084551 0.031250 0.041667
0 0.422293 0.186031 0.031250 0.041667
0 0.436563 0.209287 0.031250 0.041667
0 0.460348 0.192374 0.031250 0.041667
0 0.225676 0.308653 0.031250 0.041667
0 0.260559 0.287511 0.031250 0.041667
0 0.552314 0.469329 0.031250 0.041667
0 0.187621 0.615207 0.031250 0.041667
0 0.224090 0.649033 0.031250 0.041667
0 0.186035 0.750513 0.031250 0.041667
0 0.266902 0.752627 0.031250 0.041667
0 0.576098 0.594065 0.031250 0.041667
0 0.658551 0.543325 0.031250 0.041667
0 0.736246 0.653262 0.031250 0.041667
0 0.801257 0.636348 0.031250 0.041667
0 0.671236 0.792796 0.031250 0.041667