0 0.378091 0.058879 0.031250 0.041667
0 0.339077 0.052034 0.031250 0.041667
0 0.295956 0.145121 0.031250 0.041667
0 0.268235 0.143752 0.031250 0.041667
0 0.254888 0.105422 0.031250 0.041667
0 0.272342 0.097209 0.031250 0.041667
0 0.287742 0.094471 0.031250 0.041667
0 0.323677 0.188927 0.031250 0.041667
0 0.332917 0.266955 0.031250 0.041667
0 0.290822 0.266955 0.031250 0.041667
0 0.226141 0.291596 0.031250 0.041667
0 0.186100 0.264218 0.031250 0.041667
0 0.213820 0.372363 0.031250 0.041667
0 0.249755 0.381945 0.031250 0.041667
0 0.303143 0.390159 0.031250 0.041667
0 0.165566 0.369625 0.031250 0.041667
0 0.197393 0.481877 0.031250 0.041667
0 0.262075 0.476401 0.031250 0.041667
0 0.073163 0.494197 0.031250 0.041667
0 0.100884 0.829584 0.031250 0.041667
0 0.152219 0.856962 0.031250 0.041667
0 0.169672 0.798098 0.031250 0.041667
0 0.329837 0.809050 0.031250 0.041667
0 0.485894 0.620138 0.031250 0.041667
0 0.495134 0.576333 0.031250 0.041667
0 0.497188 0.536634 0.031250 0.041667
0 0.444826 0.521576 0.031250 0.041667
0 0.373985 0.496935 0.031250 0.041667
0 0.387332 0.475032 0.031250 0.041667
0 0.439693 0.213567 0.031250 0.041667
0 0.455093 0.202616 0.031250 0.041667
0 0.548523 0.476401 0.031250 0.041667
0 0.853451 0.669419 0.031250 0.041667
0 0.884251 0.907613 0.031250 0.041667
0 0.785689 0.937729 0.031250 0.041667
0 0.559816 0.184820 0.031250 0.041667