0 0.031801 0.618111 0.031250 0.041667
0 0.183221 0.455476 0.031250 0.041667
0 0.310455 0.784953 0.031250 0.041667
0 0.384062 0.808788 0.031250 0.041667
0 0.405093 0.775139 0.031250 0.041667
0 0.460823 0.684007 0.031250 0.041667
0 0.671128 0.946187 0.031250 0.041667
0 0.749993 0.946187 0.031250 0.041667
0 0.512348 0.541000 0.031250 0.041667
0 0.554409 0.528381 0.031250 0.041667
0 0.560718 0.498939 0.031250 0.041667
0 0.536533 0.465290 0.031250 0.041667
0 0.409299 0.528381 0.031250 0.041667
0 0.392474 0.496135 0.031250 0.041667
0 0.415608 0.470898 0.031250 0.041667
0 0.339898 0.360137 0.031250 0.041667
0 0.232642 0.243769 0.031250 0.041667
0 0.201097 0.183481 0.031250 0.041667
0 0.193736 0.127400 0.031250 0.041667
0 0.183221 0.082535 0.031250 0.041667
0 0.274703 0.095153 0.031250 0.041667
0 0.289425 0.089545 0.031250 0.041667
0 0.313610 0.099359 0.031250 0.041667
0 0.333589 0.102163 0.031250 0.041667
0 0.369341 0.083937 0.031250 0.041667
0 0.286270 0.208718 0.031250 0.041667
0 0.322022 0.214326 0.031250 0.041667
0 0.347259 0.191893 0.031250 0.041667
0 0.684798 0.297046 0.031250 0.041667
0 0.722653 0.266201 0.031250 0.041667
0 0.779435 0.120390 0.031250 0.041667
0 0.553357 0.205914 0.031250 0.041667