0 0.025492 0.490526 0.031250 0.041667
0 0.102253 0.480712 0.031250 0.041667
0 0.264188 0.351725 0.031250 0.041667
0 0.265240 0.238160 0.031250 0.041667
0 0.191633 0.253583 0.031250 0.041667
0 0.181118 0.149832 0.031250 0.041667
0 0.222127 0.113380 0.031250 0.041667
0 0.227385 0.062906 0.031250 0.041667
0 0.244209 0.135812 0.031250 0.041667
0 0.266291 0.110575 0.031250 0.041667
0 0.283116 0.097957 0.031250 0.041667
0 0.315713 0.096555 0.031250 0.041667
0 0.331486 0.097957 0.031250 0.041667
0 0.356722 0.111978 0.031250 0.041667
0 0.363032 0.236758 0.031250 0.041667
0 0.387217 0.207316 0.031250 0.041667
0 0.446102 0.210120 0.031250 0.041667
0 0.400886 0.498939 0.031250 0.041667
0 0.409299 0.529783 0.031250 0.041667
0 0.417711 0.486320 0.031250 0.041667
0 0.508142 0.531185 0.031250 0.041667
0 0.542842 0.529783 0.031250 0.041667
0 0.563873 0.496135 0.031250 0.041667
0 0.549151 0.470898 0.031250 0.041667
0 0.457669 0.700831 0.031250 0.041667
0 0.458720 0.672791 0.031250 0.041667
0 0.920340 0.698027 0.031250 0.041667
0 0.684798 0.285830 0.031250 0.041667
0 0.675334 0.096555 0.031250 0.041667
0 0.719498 0.128802 0.031250 0.041667
0 0.733168 0.120390 0.031250 0.041667
0 0.572285 0.113380 0.031250 0.041667