0 0.130820 0.793428 0.031250 0.041667
0 0.182643 0.863806 0.031250 0.041667
0 0.244063 0.848450 0.031250 0.041667
0 0.428324 0.771675 0.031250 0.041667
0 0.438881 0.533671 0.031250 0.041667
0 0.401453 0.522155 0.031250 0.041667
0 0.399534 0.502961 0.031250 0.041667
0 0.416808 0.481208 0.031250 0.041667
0 0.514697 0.534951 0.031250 0.041667
0 0.552125 0.519596 0.031250 0.041667
0 0.562681 0.491445 0.031250 0.041667
0 0.548286 0.473530 0.031250 0.041667
0 0.265177 0.239365 0.031250 0.041667
0 0.241184 0.281592 0.031250 0.041667
0 0.203756 0.404433 0.031250 0.041667
0 0.259418 0.428745 0.031250 0.041667
0 0.335234 0.276474 0.031250 0.041667
0 0.325637 0.235527 0.031250 0.041667
0 0.380340 0.262398 0.031250 0.041667
0 0.380340 0.225290 0.031250 0.041667
0 0.445599 0.206096 0.031250 0.041667
0 0.312202 0.165149 0.031250 0.041667
0 0.311242 0.113966 0.031250 0.041667
0 0.278612 0.113966 0.031250 0.041667
0 0.258459 0.090933 0.031250 0.041667
0 0.240225 0.088374 0.031250 0.041667
0 0.225829 0.088374 0.031250 0.041667
0 0.219111 0.075578 0.031250 0.041667
0 0.288209 0.071739 0.031250 0.041667
0 0.331395 0.083255 0.031250 0.041667
0 0.368823 0.084535 0.031250 0.041667
0 0.309323 0.093492 0.031250 0.041667
0 0.715273 0.184343 0.031250 0.041667
0 0.715273 0.151074 0.031250 0.041667
0 0.737346 0.128041 0.031250 0.041667
0 0.663449 0.336614 0.031250 0.041667
0 0.787250 0.418508 0.031250 0.041667
0 0.784371 0.820300 0.031250 0.041667