0 0.203650 0.058419 0.031250 0.041667
0 0.311574 0.103956 0.031250 0.041667
0 0.300645 0.043847 0.031250 0.041667
0 0.370317 0.043847 0.031250 0.041667
0 0.362120 0.149493 0.031250 0.041667
0 0.341628 0.162244 0.031250 0.041667
0 0.306109 0.144029 0.031250 0.041667
0 0.300645 0.164065 0.031250 0.041667
0 0.209115 0.171351 0.031250 0.041667
0 0.289716 0.229639 0.031250 0.041667
0 0.392175 0.246033 0.031250 0.041667
0 0.446820 0.211424 0.031250 0.041667
0 0.456382 0.216889 0.031250 0.041667
0 0.643541 0.144029 0.031250 0.041667
0 0.665399 0.140386 0.031250 0.041667
0 0.800645 0.182280 0.031250 0.041667
0 0.832065 0.182280 0.031250 0.041667
0 0.842994 0.164065 0.031250 0.041667
0 0.875781 0.340750 0.031250 0.041667
0 0.907202 0.375359 0.031250 0.041667
0 0.817038 0.373537 0.031250 0.041667
0 0.766492 0.382645 0.031250 0.041667
0 0.747366 0.415431 0.031250 0.041667
0 0.561574 0.528364 0.031250 0.041667
0 0.580699 0.491934 0.031250 0.041667
0 0.546546 0.471898 0.031250 0.041667
0 0.394907 0.502863 0.031250 0.041667
0 0.399005 0.526543 0.031250 0.041667
0 0.084798 0.417253 0.031250 0.041667
0 0.155836 0.420896 0.031250 0.041667
0 0.213213 0.417253 0.031250 0.041667
0 0.243268 0.426360 0.031250 0.041667
0 0.080699 0.561151 0.031250 0.041667
0 0.016492 0.572080 0.031250 0.041667
0 0.312940 0.765158 0.031250 0.041667
0 0.362120 0.787016 0.031250 0.041667
0 0.397639 0.765158 0.031250 0.041667
0 0.433158 0.770623 0.031250 0.041667
0 0.444087 0.717799 0.031250 0.041667
0 0.228240 0.985559 0.031250 0.041667
0 0.359388 0.961880 0.031250 0.041667
0 0.618951 0.655869 0.031250 0.041667
0 0.655836 0.919985 0.031250 0.041667
0 0.874415 0.845304 0.031250 0.041667
0 0.905836 0.912699 0.031250 0.041667