0 0.226972 0.052629 0.031250 0.041667
0 0.226972 0.081729 0.031250 0.041667
0 0.223003 0.142576 0.031250 0.041667
0 0.310305 0.087021 0.031250 0.041667
0 0.373797 0.087021 0.031250 0.041667
0 0.443242 0.203423 0.031250 0.041667
0 0.463083 0.214005 0.031250 0.041667
0 0.542448 0.216650 0.031250 0.041667
0 0.615861 0.224587 0.031250 0.041667
0 0.808321 0.187550 0.031250 0.041667
0 0.812289 0.174322 0.031250 0.041667
0 0.794432 0.266915 0.031250 0.041667
0 0.816257 0.317179 0.031250 0.041667
0 0.784511 0.325116 0.031250 0.041667
0 0.732924 0.391253 0.031250 0.041667
0 0.550384 0.467973 0.031250 0.041667
0 0.582130 0.505010 0.031250 0.041667
0 0.560305 0.523528 0.031250 0.041667
0 0.498797 0.534110 0.031250 0.041667
0 0.389670 0.499719 0.031250 0.041667
0 0.405543 0.534110 0.031250 0.041667
0 0.248797 0.319825 0.031250 0.041667
0 0.191257 0.325116 0.031250 0.041667
0 0.264670 0.756333 0.031250 0.041667
0 0.284511 0.785433 0.031250 0.041667
0 0.357924 0.796015 0.031250 0.041667
0 0.377765 0.782788 0.031250 0.041667
0 0.417448 0.737814 0.031250 0.041667
0 0.453162 0.745751 0.031250 0.041667
0 0.467051 0.748396 0.031250 0.041667