0 0.276725 0.086996 0.031250 0.041667
0 0.286159 0.091188 0.031250 0.041667
0 0.360058 0.078610 0.031250 0.041667
0 0.349052 0.170853 0.031250 0.041667
0 0.301882 0.181335 0.031250 0.041667
0 0.668234 0.164564 0.031250 0.041667
0 0.674523 0.151985 0.031250 0.041667
0 0.800310 0.370014 0.031250 0.041667
0 0.861630 0.376304 0.031250 0.041667
0 0.646222 0.634165 0.031250 0.041667
0 0.396222 0.462258 0.031250 0.041667
0 0.550310 0.468547 0.031250 0.041667
0 0.322322 0.240035 0.031250 0.041667
0 0.281442 0.256807 0.031250 0.041667
0 0.207542 0.267289 0.031250 0.041667
0 0.196536 0.288253 0.031250 0.041667
0 0.204398 0.414040 0.031250 0.041667
0 0.141505 0.485318 0.031250 0.041667
0 0.114775 0.397268 0.031250 0.041667
0 0.009429 0.520958 0.031250 0.041667
0 0.009429 0.481126 0.031250 0.041667
0 0.191819 0.588044 0.031250 0.041667
0 0.201253 0.751566 0.031250 0.041667
0 0.110058 0.822845 0.031250 0.041667
0 0.272008 0.762048 0.031250 0.041667
0 0.439735 0.156433 0.031250 0.041667