0 0.019495 0.519596 0.031250 0.041667
0 0.066520 0.533671 0.031250 0.041667
0 0.162490 0.441541 0.031250 0.041667
0 0.216232 0.444100 0.031250 0.041667
0 0.216232 0.536230 0.031250 0.041667
0 0.230628 0.545188 0.031250 0.041667
0 0.280532 0.790869 0.031250 0.041667
0 0.408171 0.523435 0.031250 0.041667
0 0.398574 0.502961 0.031250 0.041667
0 0.420647 0.482488 0.031250 0.041667
0 0.508939 0.534951 0.031250 0.041667
0 0.542528 0.522155 0.031250 0.041667
0 0.559802 0.496563 0.031250 0.041667
0 0.544447 0.465853 0.031250 0.041667
0 0.696079 0.449218 0.031250 0.041667
0 0.661530 0.225290 0.031250 0.041667
0 0.753660 0.286710 0.031250 0.041667
0 0.802605 0.298227 0.031250 0.041667
0 0.368823 0.273914 0.031250 0.041667
0 0.285330 0.291829 0.031250 0.041667
0 0.235426 0.266237 0.031250 0.041667
0 0.198958 0.184343 0.031250 0.041667
0 0.229668 0.185623 0.031250 0.041667
0 0.262298 0.184343 0.031250 0.041667
0 0.307403 0.176665 0.031250 0.041667
0 0.353468 0.197139 0.031250 0.041667
0 0.392816 0.213774 0.031250 0.041667
0 0.364025 0.171547 0.031250 0.041667
0 0.448478 0.211214 0.031250 0.041667
0 0.591472 0.131880 0.031250 0.041667
0 0.331395 0.092212 0.031250 0.041667
0 0.292048 0.097331 0.031250 0.041667
0 0.269015 0.097331 0.031250 0.041667
0 0.280532 0.067900 0.031250 0.041667
0 0.218152 0.064062 0.031250 0.041667
0 0.197998 0.084535 0.031250 0.041667
0 0.198958 0.044868 0.031250 0.041667
0 0.351549 0.096051 0.031250 0.041667
0 0.367864 0.087094 0.031250 0.041667
0 0.563641 0.130600 0.031250 0.041667