0 0.187289 0.100248 0.031250 0.041667
0 0.201178 0.116121 0.031250 0.041667
0 0.193242 0.110830 0.031250 0.041667
0 0.217051 0.089666 0.031250 0.041667
0 0.306337 0.094957 0.031250 0.041667
0 0.336099 0.116121 0.031250 0.041667
0 0.302369 0.169031 0.031250 0.041667
0 0.302369 0.198132 0.031250 0.041667
0 0.447210 0.203423 0.031250 0.041667
0 0.461099 0.206068 0.031250 0.041667
0 0.536496 0.214005 0.031250 0.041667
0 0.570226 0.094957 0.031250 0.041667
0 0.784511 0.462682 0.031250 0.041667
0 0.840067 0.446809 0.031250 0.041667
0 0.752765 0.634640 0.031250 0.041667
0 0.546416 0.473264 0.031250 0.041667
0 0.592051 0.502364 0.031250 0.041667
0 0.574194 0.536756 0.031250 0.041667
0 0.520623 0.539401 0.031250 0.041667
0 0.395623 0.507655 0.031250 0.041667
0 0.415464 0.528819 0.031250 0.041667
0 0.042448 0.557920 0.031250 0.041667
0 0.092051 0.544692 0.031250 0.041667
0 0.183321 0.729878 0.031250 0.041667
0 0.342051 0.780142 0.031250 0.041667
0 0.397607 0.785433 0.031250 0.041667
0 0.433321 0.743105 0.031250 0.041667
0 0.486892 0.706068 0.031250 0.041667
0 0.542448 0.721941 0.031250 0.041667