0 0.034956 0.466692 0.031250 0.041667
0 0.082274 0.483516 0.031250 0.041667
0 0.191633 0.440053 0.031250 0.041667
0 0.238952 0.447063 0.031250 0.041667
0 0.465029 0.692419 0.031250 0.041667
0 0.492369 0.733078 0.031250 0.041667
0 0.410350 0.538196 0.031250 0.041667
0 0.397732 0.504547 0.031250 0.041667
0 0.413505 0.475104 0.031250 0.041667
0 0.510245 0.533989 0.031250 0.041667
0 0.550203 0.521371 0.031250 0.041667
0 0.563873 0.498939 0.031250 0.041667
0 0.540739 0.462486 0.031250 0.041667
0 0.919288 0.667183 0.031250 0.041667
0 0.736323 0.280221 0.031250 0.041667
0 0.692159 0.239563 0.031250 0.041667
0 0.262085 0.239563 0.031250 0.041667
0 0.234745 0.191893 0.031250 0.041667
0 0.209509 0.131606 0.031250 0.041667
0 0.213715 0.097957 0.031250 0.041667
0 0.262085 0.141420 0.031250 0.041667
0 0.273652 0.097957 0.031250 0.041667
0 0.286270 0.090947 0.031250 0.041667
0 0.254724 0.050288 0.031250 0.041667
0 0.316764 0.093751 0.031250 0.041667
0 0.328331 0.100761 0.031250 0.041667
0 0.363032 0.089545 0.031250 0.041667
0 0.383010 0.085339 0.031250 0.041667
0 0.458720 0.210120 0.031250 0.041667
0 0.560718 0.204512 0.031250 0.041667