0 0.448933 0.744710 0.031250 0.041667
0 0.514642 0.670788 0.031250 0.041667
0 0.455093 0.566750 0.031250 0.041667
0 0.437640 0.527051 0.031250 0.041667
0 0.405812 0.524313 0.031250 0.041667
0 0.390412 0.499673 0.031250 0.041667
0 0.480761 0.506517 0.031250 0.041667
0 0.510535 0.527051 0.031250 0.041667
0 0.548523 0.522944 0.031250 0.041667
0 0.564950 0.496935 0.031250 0.041667
0 0.527989 0.469556 0.031250 0.041667
0 0.765155 0.788516 0.031250 0.041667
0 0.226141 0.468187 0.031250 0.041667
0 0.243594 0.379207 0.031250 0.041667
0 0.176859 0.354567 0.031250 0.041667
0 0.229221 0.349091 0.031250 0.041667
0 0.200473 0.280645 0.031250 0.041667
0 0.249755 0.273800 0.031250 0.041667
0 0.289796 0.250528 0.031250 0.041667
0 0.323677 0.225888 0.031250 0.041667
0 0.365771 0.220412 0.031250 0.041667
0 0.389385 0.191665 0.031250 0.041667
0 0.351397 0.149228 0.031250 0.041667
0 0.450987 0.206723 0.031250 0.041667
0 0.426346 0.258742 0.031250 0.041667
0 0.551603 0.195771 0.031250 0.041667
0 0.616284 0.225888 0.031250 0.041667
0 0.595750 0.068461 0.031250 0.041667
0 0.349344 0.083519 0.031250 0.041667
0 0.324703 0.108160 0.031250 0.041667
0 0.293902 0.090364 0.031250 0.041667
0 0.275422 0.099947 0.031250 0.041667
0 0.230247 0.110898 0.031250 0.041667
0 0.230247 0.065723 0.031250 0.041667
0 0.207660 0.062986 0.031250 0.041667