0 0.264457 0.096228 0.031250 0.041667
0 0.316974 0.100604 0.031250 0.041667
0 0.348155 0.041523 0.031250 0.041667
0 0.374414 0.043711 0.031250 0.041667
0 0.394107 0.072158 0.031250 0.041667
0 0.438418 0.207825 0.031250 0.041667
0 0.458112 0.203449 0.031250 0.041667
0 0.346514 0.223142 0.031250 0.041667
0 0.349797 0.269094 0.031250 0.041667
0 0.274304 0.223142 0.031250 0.041667
0 0.266099 0.129050 0.031250 0.041667
0 0.229994 0.157497 0.031250 0.041667
0 0.200453 0.175002 0.031250 0.041667
0 0.190606 0.229707 0.031250 0.041667
0 0.077368 0.415702 0.031250 0.041667
0 0.243123 0.634521 0.031250 0.041667
0 0.243123 0.702355 0.031250 0.041667
0 0.287433 0.562311 0.031250 0.041667
0 0.392466 0.511983 0.031250 0.041667
0 0.403954 0.533864 0.031250 0.041667
0 0.300562 0.787694 0.031250 0.041667
0 0.320256 0.772376 0.031250 0.041667
0 0.356361 0.798635 0.031250 0.041667
0 0.374414 0.787694 0.031250 0.041667
0 0.415442 0.761436 0.031250 0.041667
0 0.418724 0.732989 0.031250 0.041667
0 0.561503 0.518547 0.031250 0.041667
0 0.582838 0.503230 0.031250 0.041667
0 0.546733 0.474783 0.031250 0.041667
0 0.623867 0.199072 0.031250 0.041667
0 0.659972 0.190320 0.031250 0.041667
0 0.738746 0.343492 0.031250 0.041667
0 0.778134 0.347869 0.031250 0.041667
0 0.886449 0.393821 0.031250 0.041667
0 0.896295 0.522924 0.031250 0.041667
0 0.806033 0.533864 0.031250 0.041667
0 0.536886 0.214390 0.031250 0.041667