0 0.112014 0.411007 0.031250 0.041667
0 0.178884 0.405762 0.031250 0.041667
0 0.219531 0.271147 0.031250 0.041667
0 0.338849 0.181986 0.031250 0.041667
0 0.361140 0.258909 0.031250 0.041667
0 0.405720 0.248419 0.031250 0.041667
0 0.274601 0.096321 0.031250 0.041667
0 0.282468 0.098070 0.031250 0.041667
0 0.311314 0.094573 0.031250 0.041667
0 0.358517 0.084084 0.031250 0.041667
0 0.344094 0.075342 0.031250 0.041667
0 0.194619 0.059608 0.031250 0.041667
0 0.446367 0.202965 0.031250 0.041667
0 0.459479 0.202965 0.031250 0.041667
0 0.451612 0.531636 0.031250 0.041667
0 0.517171 0.538629 0.031250 0.041667
0 0.570930 0.529888 0.031250 0.041667
0 0.597154 0.500168 0.031250 0.041667
0 0.544706 0.472196 0.031250 0.041667
0 0.333605 0.779888 0.031250 0.041667
0 0.438500 0.734433 0.031250 0.041667
0 0.459479 0.713454 0.031250 0.041667
0 0.700738 0.209958 0.031250 0.041667
0 0.740073 0.213454 0.031250 0.041667
0 0.711227 0.267650 0.031250 0.041667
0 0.736140 0.134783 0.031250 0.041667
0 0.764986 0.148769 0.031250 0.041667