0 0.206648 0.069752 0.031250 0.041667
0 0.233604 0.076095 0.031250 0.041667
0 0.192377 0.131063 0.031250 0.041667
0 0.273244 0.088780 0.031250 0.041667
0 0.284344 0.095122 0.031250 0.041667
0 0.293857 0.090894 0.031250 0.041667
0 0.338255 0.090894 0.031250 0.041667
0 0.343012 0.082437 0.031250 0.041667
0 0.309714 0.133177 0.031250 0.041667
0 0.347769 0.150090 0.031250 0.041667
0 0.243117 0.219858 0.031250 0.041667
0 0.281172 0.219858 0.031250 0.041667
0 0.442906 0.205059 0.031250 0.041667
0 0.458762 0.198716 0.031250 0.041667
0 0.454005 0.213515 0.031250 0.041667
0 0.666479 0.152204 0.031250 0.041667
0 0.211405 0.393219 0.031250 0.041667
0 0.144809 0.382648 0.031250 0.041667
0 0.078213 0.391105 0.031250 0.041667
0 0.195549 0.452416 0.031250 0.041667
0 0.258974 0.437617 0.031250 0.041667
0 0.252631 0.570809 0.031250 0.041667
0 0.152737 0.545439 0.031250 0.041667
0 0.063942 0.566581 0.031250 0.041667
0 0.444492 0.630006 0.031250 0.041667
0 0.455591 0.742056 0.031250 0.041667
0 0.298614 0.947130 0.031250 0.041667
0 0.893223 0.934445 0.031250 0.041667
0 0.631595 0.522183 0.031250 0.041667
0 0.564999 0.471443 0.031250 0.041667
0 0.696606 0.524297 0.031250 0.041667
0 0.775887 0.524297 0.031250 0.041667
0 0.829798 0.448188 0.031250 0.041667
0 0.894809 0.427046 0.031250 0.041667
0 0.355697 0.090894 0.031250 0.041667
0 0.366796 0.090894 0.031250 0.041667