0 0.315632 0.310749 0.031250 0.041667
0 0.372527 0.309463 0.031250 0.041667
0 0.267416 0.228461 0.031250 0.041667
0 0.289595 0.187316 0.031250 0.041667
0 0.208592 0.150029 0.031250 0.041667
0 0.241379 0.074169 0.031250 0.041667
0 0.263558 0.040740 0.031250 0.041667
0 0.287666 0.039454 0.031250 0.041667
0 0.307917 0.089598 0.031250 0.041667
0 0.335883 0.097313 0.031250 0.041667
0 0.392777 0.502327 0.031250 0.041667
0 0.401456 0.537043 0.031250 0.041667
0 0.443886 0.589759 0.031250 0.041667
0 0.443886 0.629618 0.031250 0.041667
0 0.502710 0.531900 0.031250 0.041667
0 0.540318 0.471469 0.031250 0.041667
0 0.704253 0.512614 0.031250 0.041667
0 0.370598 0.795481 0.031250 0.041667
0 0.303096 0.789052 0.031250 0.041667
0 0.315632 0.760765 0.031250 0.041667
0 0.602999 0.193745 0.031250 0.041667
0 0.615535 0.182173 0.031250 0.041667
0 0.599142 0.169316 0.031250 0.041667
0 0.666644 0.164172 0.031250 0.041667
0 0.689788 0.156458 0.031250 0.041667
0 0.711967 0.132028 0.031250 0.041667
0 0.711003 0.162887 0.031250 0.041667
0 0.448708 0.210460 0.031250 0.041667