0 0.192652 0.080587 0.031250 0.041667
0 0.214942 0.064853 0.031250 0.041667
0 0.311970 0.085832 0.031250 0.041667
0 0.407687 0.220447 0.031250 0.041667
0 0.449645 0.206461 0.031250 0.041667
0 0.365729 0.232685 0.031250 0.041667
0 0.308036 0.243175 0.031250 0.041667
0 0.268701 0.227440 0.031250 0.041667
0 0.229365 0.222196 0.031250 0.041667
0 0.188718 0.169748 0.031250 0.041667
0 0.175606 0.222196 0.031250 0.041667
0 0.159872 0.449468 0.031250 0.041667
0 0.226743 0.456461 0.031250 0.041667
0 0.209697 0.571846 0.031250 0.041667
0 0.397197 0.505412 0.031250 0.041667
0 0.412932 0.542126 0.031250 0.041667
0 0.562407 0.528140 0.031250 0.041667
0 0.584697 0.505412 0.031250 0.041667
0 0.547984 0.465203 0.031250 0.041667
0 0.572897 0.659258 0.031250 0.041667
0 0.520449 0.874293 0.031250 0.041667
0 0.450956 0.757161 0.031250 0.041667
0 0.422110 0.746671 0.031250 0.041667
0 0.428666 0.811356 0.031250 0.041667
0 0.352617 0.776391 0.031250 0.041667
0 0.309348 0.799119 0.031250 0.041667
0 0.277879 0.751916 0.031250 0.041667
0 0.905939 0.535133 0.031250 0.041667
0 0.904627 0.507161 0.031250 0.041667
0 0.660746 0.279888 0.031250 0.041667
0 0.655502 0.178489 0.031250 0.041667