0 0.024407 0.488184 0.031250 0.041667
0 0.103481 0.456040 0.031250 0.041667
0 0.150733 0.502327 0.031250 0.041667
0 0.280916 0.760765 0.031250 0.041667
0 0.346490 0.781337 0.031250 0.041667
0 0.411099 0.755622 0.031250 0.041667
0 0.438100 0.650190 0.031250 0.041667
0 0.408207 0.528043 0.031250 0.041667
0 0.392777 0.506185 0.031250 0.041667
0 0.501746 0.529328 0.031250 0.041667
0 0.594320 0.517757 0.031250 0.041667
0 0.544176 0.471469 0.031250 0.041667
0 0.679180 0.513899 0.031250 0.041667
0 0.720646 0.542186 0.031250 0.041667
0 0.740897 0.623189 0.031250 0.041667
0 0.791042 0.661762 0.031250 0.041667
0 0.793935 0.801910 0.031250 0.041667
0 0.711003 0.774909 0.031250 0.041667
0 0.876866 0.808338 0.031250 0.041667
0 0.847937 0.321035 0.031250 0.041667
0 0.787184 0.164172 0.031250 0.041667
0 0.752469 0.174459 0.031250 0.041667
0 0.583713 0.120457 0.031250 0.041667
0 0.449672 0.209174 0.031250 0.041667
0 0.298274 0.123028 0.031250 0.041667
0 0.270309 0.124314 0.031250 0.041667
0 0.243308 0.134600 0.031250 0.041667
0 0.286702 0.096027 0.031250 0.041667
0 0.315632 0.092170 0.031250 0.041667
0 0.340704 0.097313 0.031250 0.041667