0 0.224230 0.090947 0.031250 0.041667
0 0.222127 0.071319 0.031250 0.041667
0 0.271549 0.093751 0.031250 0.041667
0 0.286270 0.092349 0.031250 0.041667
0 0.288373 0.069917 0.031250 0.041667
0 0.299940 0.147028 0.031250 0.041667
0 0.266291 0.208718 0.031250 0.041667
0 0.322022 0.228346 0.031250 0.041667
0 0.282064 0.316674 0.031250 0.041667
0 0.221076 0.322282 0.031250 0.041667
0 0.455566 0.200306 0.031250 0.041667
0 0.274703 0.468094 0.031250 0.041667
0 0.393526 0.510155 0.031250 0.041667
0 0.406144 0.526979 0.031250 0.041667
0 0.492369 0.630730 0.031250 0.041667
0 0.509193 0.542402 0.031250 0.041667
0 0.555461 0.528381 0.031250 0.041667
0 0.570182 0.501743 0.031250 0.041667
0 0.551254 0.469496 0.031250 0.041667
0 0.605934 0.332097 0.031250 0.041667
0 0.658510 0.283026 0.031250 0.041667
0 0.732117 0.283026 0.031250 0.041667
0 0.674283 0.081133 0.031250 0.041667
0 0.775229 0.218532 0.031250 0.041667
0 0.795208 0.191893 0.031250 0.041667
0 0.825702 0.224140 0.031250 0.041667
0 0.850939 0.211522 0.031250 0.041667
0 0.824651 0.285830 0.031250 0.041667
0 0.776281 0.292840 0.031250 0.041667
0 0.386165 0.763923 0.031250 0.041667
0 0.363032 0.798974 0.031250 0.041667
0 0.314661 0.768129 0.031250 0.041667
0 0.400886 0.044680 0.031250 0.041667