0 0.134765 0.384683 0.031250 0.041667
0 0.063923 0.778934 0.031250 0.041667
0 0.132711 0.824108 0.031250 0.041667
0 0.174806 0.791254 0.031250 0.041667
0 0.326757 0.793992 0.031250 0.041667
0 0.468440 0.618769 0.031250 0.041667
0 0.491028 0.587284 0.031250 0.041667
0 0.501295 0.539372 0.031250 0.041667
0 0.457147 0.527051 0.031250 0.041667
0 0.543389 0.470925 0.031250 0.041667
0 0.299036 0.310761 0.031250 0.041667
0 0.262075 0.334033 0.031250 0.041667
0 0.254888 0.261480 0.031250 0.041667
0 0.265155 0.232732 0.031250 0.041667
0 0.346264 0.229994 0.031250 0.041667
0 0.440720 0.216305 0.031250 0.041667
0 0.454067 0.206723 0.031250 0.041667
0 0.205607 0.120480 0.031250 0.041667
0 0.223061 0.108160 0.031250 0.041667
0 0.248728 0.110898 0.031250 0.041667
0 0.294929 0.095840 0.031250 0.041667
0 0.293902 0.084888 0.031250 0.041667
0 0.550576 0.191665 0.031250 0.041667
0 0.620391 0.239577 0.031250 0.041667
0 0.639898 0.292965 0.031250 0.041667
0 0.665566 0.262849 0.031250 0.041667
0 0.694313 0.272431 0.031250 0.041667
0 0.722034 0.364149 0.031250 0.041667
0 0.730247 0.176606 0.031250 0.041667
0 0.878091 0.250528 0.031250 0.041667