0 0.216162 0.035925 0.031250 0.041667
0 0.233604 0.035925 0.031250 0.041667
0 0.271659 0.109921 0.031250 0.041667
0 0.281172 0.105693 0.031250 0.041667
0 0.273244 0.090894 0.031250 0.041667
0 0.281172 0.090894 0.031250 0.041667
0 0.292272 0.090894 0.031250 0.041667
0 0.336669 0.090894 0.031250 0.041667
0 0.343998 0.080393 0.031250 0.041667
0 0.431807 0.200830 0.031250 0.041667
0 0.465105 0.198716 0.031250 0.041667
0 0.341426 0.245228 0.031250 0.041667
0 0.319227 0.228314 0.031250 0.041667
0 0.274830 0.245228 0.031250 0.041667
0 0.224090 0.211401 0.031250 0.041667
0 0.228847 0.232543 0.031250 0.041667
0 0.201891 0.221972 0.031250 0.041667
0 0.152737 0.475672 0.031250 0.041667
0 0.217747 0.479900 0.031250 0.041667
0 0.152737 0.564467 0.031250 0.041667
0 0.170179 0.754741 0.031250 0.041667
0 0.706120 0.224086 0.031250 0.041667
0 0.718805 0.289625 0.031250 0.041667
0 0.745760 0.234657 0.031250 0.041667
0 0.760031 0.209287 0.031250 0.041667
0 0.779058 0.181803 0.031250 0.041667
0 0.641109 0.150090 0.031250 0.041667
0 0.593540 0.143748 0.031250 0.041667
0 0.553900 0.469329 0.031250 0.041667