0 0.125525 0.492828 0.031250 0.041667
0 0.142978 0.409324 0.031250 0.041667
0 0.195340 0.391528 0.031250 0.041667
0 0.270288 0.450391 0.031250 0.041667
0 0.296982 0.507886 0.031250 0.041667
0 0.381171 0.492828 0.031250 0.041667
0 0.445853 0.518838 0.031250 0.041667
0 0.502321 0.540741 0.031250 0.041667
0 0.488974 0.603711 0.031250 0.041667
0 0.164539 0.721439 0.031250 0.041667
0 0.548523 0.472294 0.031250 0.041667
0 0.804169 0.592760 0.031250 0.041667
0 0.870904 0.561274 0.031250 0.041667
0 0.718043 0.171677 0.031250 0.041667
0 0.736744 0.170382 0.031250 0.041667
0 0.697974 0.136514 0.031250 0.041667
0 0.689952 0.106211 0.031250 0.041667
0 0.659204 0.086603 0.031250 0.041667
0 0.274177 0.094625 0.031250 0.041667
0 0.292894 0.094625 0.031250 0.041667
0 0.189952 0.128493 0.031250 0.041667
0 0.184605 0.073234 0.031250 0.041667
0 0.437279 0.219402 0.031250 0.041667
0 0.552252 0.190881 0.031250 0.041667
0 0.366423 0.087494 0.031250 0.041667
0 0.668562 0.082147 0.031250 0.041667