0 0.062980 0.454754 0.031250 0.041667
0 0.080338 0.537043 0.031250 0.041667
0 0.014764 0.531900 0.031250 0.041667
0 0.126625 0.508756 0.031250 0.041667
0 0.220164 0.648904 0.031250 0.041667
0 0.317560 0.759479 0.031250 0.041667
0 0.426529 0.800624 0.031250 0.041667
0 0.503674 0.722192 0.031250 0.041667
0 0.503674 0.534471 0.031250 0.041667
0 0.400492 0.530614 0.031250 0.041667
0 0.388920 0.506185 0.031250 0.041667
0 0.416885 0.474041 0.031250 0.041667
0 0.543211 0.470183 0.031250 0.041667
0 0.359991 0.274748 0.031250 0.041667
0 0.320453 0.277319 0.031250 0.041667
0 0.253915 0.245175 0.031250 0.041667
0 0.255844 0.216889 0.031250 0.041667
0 0.215342 0.209174 0.031250 0.041667
0 0.205699 0.160315 0.031250 0.041667
0 0.230772 0.151315 0.031250 0.041667
0 0.194127 0.102456 0.031250 0.041667
0 0.235593 0.090884 0.031250 0.041667
0 0.287666 0.093456 0.031250 0.041667
0 0.234629 0.130743 0.031250 0.041667
0 0.283809 0.117885 0.031250 0.041667
0 0.314667 0.083170 0.031250 0.041667
0 0.343597 0.096027 0.031250 0.041667
0 0.624214 0.210460 0.031250 0.041667
0 0.455458 0.211746 0.031250 0.041667
0 0.343597 0.166744 0.031250 0.041667
0 0.385063 0.178316 0.031250 0.041667
0 0.680145 0.249033 0.031250 0.041667
0 0.778505 0.264462 0.031250 0.041667
0 0.944369 0.844340 0.031250 0.041667
0 0.980048 0.746622 0.031250 0.041667
0 0.858544 0.814767 0.031250 0.041667
0 0.410135 0.047168 0.031250 0.041667