0 0.192377 0.044382 0.031250 0.041667
0 0.212991 0.048610 0.031250 0.041667
0 0.268487 0.044382 0.031250 0.041667
0 0.287515 0.044382 0.031250 0.041667
0 0.336669 0.093008 0.031250 0.041667
0 0.344597 0.078209 0.031250 0.041667
0 0.362039 0.086665 0.031250 0.041667
0 0.257388 0.080323 0.031250 0.041667
0 0.281172 0.099350 0.031250 0.041667
0 0.214576 0.194488 0.031250 0.041667
0 0.293857 0.095122 0.031250 0.041667
0 0.190792 0.105693 0.031250 0.041667
0 0.212991 0.268484 0.031250 0.041667
0 0.255802 0.190259 0.031250 0.041667
0 0.295443 0.221972 0.031250 0.041667
0 0.274830 0.295968 0.031250 0.041667
0 0.314470 0.287511 0.031250 0.041667
0 0.341426 0.226200 0.031250 0.041667
0 0.366796 0.194488 0.031250 0.041667
0 0.403265 0.202944 0.031250 0.041667
0 0.393752 0.279054 0.031250 0.041667
0 0.441320 0.202944 0.031250 0.041667
0 0.461933 0.194488 0.031250 0.041667
0 0.595126 0.221972 0.031250 0.041667
0 0.622081 0.103579 0.031250 0.041667
0 0.656965 0.097236 0.031250 0.041667
0 0.725147 0.228314 0.031250 0.041667
0 0.764788 0.264255 0.031250 0.041667
0 0.798086 0.264255 0.031250 0.041667
0 0.834555 0.240999 0.031250 0.041667
0 0.888466 0.276940 0.031250 0.041667
0 0.777473 0.441845 0.031250 0.041667
0 0.764788 0.365735 0.031250 0.041667
0 0.710876 0.403790 0.031250 0.041667
0 0.723561 0.422818 0.031250 0.041667
0 0.582441 0.355164 0.031250 0.041667
0 0.547557 0.467215 0.031250 0.041667
0 0.390580 0.488357 0.031250 0.041667
0 0.403265 0.509498 0.031250 0.041667
0 0.454005 0.522183 0.031250 0.041667
0 0.522187 0.545439 0.031250 0.041667
0 0.569756 0.744171 0.031250 0.041667
0 0.680750 0.765312 0.031250 0.041667
0 0.200306 0.727257 0.031250 0.041667
0 0.174936 0.706116 0.031250 0.041667
0 0.016373 0.522183 0.031250 0.041667
0 0.200306 0.420703 0.031250 0.041667
0 0.224090 0.386877 0.031250 0.041667