0 0.198812 0.089663 0.031250 0.041667
0 0.359643 0.050276 0.031250 0.041667
0 0.313692 0.142180 0.031250 0.041667
0 0.310409 0.098416 0.031250 0.041667
0 0.358002 0.142180 0.031250 0.041667
0 0.436777 0.201260 0.031250 0.041667
0 0.453188 0.212201 0.031250 0.041667
0 0.546733 0.223142 0.031250 0.041667
0 0.592685 0.166250 0.031250 0.041667
0 0.678024 0.225331 0.031250 0.041667
0 0.717411 0.205637 0.031250 0.041667
0 0.548374 0.476972 0.031250 0.041667
0 0.510628 0.536053 0.031250 0.041667
0 0.508987 0.610451 0.031250 0.041667
0 0.435136 0.654215 0.031250 0.041667
0 0.359643 0.511983 0.031250 0.041667
0 0.382619 0.544805 0.031250 0.041667
0 0.463035 0.743930 0.031250 0.041667
0 0.417083 0.741742 0.031250 0.041667
0 0.379337 0.781129 0.031250 0.041667
0 0.308768 0.778941 0.031250 0.041667
0 0.252969 0.789882 0.031250 0.041667
0 0.251328 0.853339 0.031250 0.041667
0 0.658330 0.951808 0.031250 0.041667
0 0.737105 0.932114 0.031250 0.041667
0 0.013363 0.754871 0.031250 0.041667
0 0.072444 0.669532 0.031250 0.041667
0 0.111832 0.627956 0.031250 0.041667
0 0.129884 0.582004 0.031250 0.041667
0 0.257893 0.389444 0.031250 0.041667
0 0.290716 0.363186 0.031250 0.041667
0 0.248046 0.253777 0.031250 0.041667
0 0.305486 0.223142 0.031250 0.041667