0 0.065561 0.799826 0.031250 0.041667
0 0.261338 0.813902 0.031250 0.041667
0 0.456156 0.717932 0.031250 0.041667
0 0.800685 0.861246 0.031250 0.041667
0 0.881299 0.844612 0.031250 0.041667
0 0.408171 0.524714 0.031250 0.041667
0 0.396655 0.501681 0.031250 0.041667
0 0.416808 0.478649 0.031250 0.041667
0 0.507019 0.538790 0.031250 0.041667
0 0.550205 0.524714 0.031250 0.041667
0 0.566520 0.497843 0.031250 0.041667
0 0.545407 0.467133 0.031250 0.041667
0 0.176885 0.358367 0.031250 0.041667
0 0.237346 0.359647 0.031250 0.041667
0 0.256539 0.293108 0.031250 0.041667
0 0.308363 0.258559 0.031250 0.041667
0 0.301645 0.147235 0.031250 0.041667
0 0.285330 0.101170 0.031250 0.041667
0 0.298766 0.071739 0.031250 0.041667
0 0.274774 0.037190 0.031250 0.041667
0 0.263257 0.097331 0.031250 0.041667
0 0.232547 0.094772 0.031250 0.041667
0 0.191280 0.039749 0.031250 0.041667
0 0.314121 0.076857 0.031250 0.041667
0 0.179764 0.096051 0.031250 0.041667
0 0.340033 0.073019 0.031250 0.041667
0 0.355388 0.084535 0.031250 0.041667
0 0.367864 0.087094 0.031250 0.041667
0 0.370743 0.071739 0.031250 0.041667
0 0.612585 0.158751 0.031250 0.041667
0 0.553085 0.115245 0.031250 0.041667
0 0.439841 0.209935 0.031250 0.041667
0 0.641376 0.163870 0.031250 0.041667
0 0.693200 0.171547 0.031250 0.041667
0 0.732547 0.112686 0.031250 0.041667
0 0.743104 0.235527 0.031250 0.041667
0 0.660570 0.294388 0.031250 0.041667