0 0.224986 0.252890 0.031250 0.041667
0 0.210521 0.182173 0.031250 0.041667
0 0.622286 0.780052 0.031250 0.041667
0 0.663751 0.800624 0.031250 0.041667
0 0.828650 0.879055 0.031250 0.041667
0 0.363848 0.794195 0.031250 0.041667
0 0.294417 0.792909 0.031250 0.041667
0 0.249094 0.753051 0.031250 0.041667
0 0.440029 0.641190 0.031250 0.041667
0 0.442922 0.582045 0.031250 0.041667
0 0.410135 0.534471 0.031250 0.041667
0 0.389884 0.498470 0.031250 0.041667
0 0.502710 0.526757 0.031250 0.041667
0 0.549962 0.470183 0.031250 0.041667
0 0.595285 0.525471 0.031250 0.041667
0 0.429422 0.288891 0.031250 0.041667
0 0.442922 0.210460 0.031250 0.041667
0 0.333954 0.220746 0.031250 0.041667
0 0.305024 0.234889 0.031250 0.041667
0 0.217271 0.263176 0.031250 0.041667
0 0.221128 0.123028 0.031250 0.041667
0 0.201842 0.093456 0.031250 0.041667
0 0.185449 0.132028 0.031250 0.041667
0 0.289595 0.098599 0.031250 0.041667
0 0.314667 0.096027 0.031250 0.041667
0 0.342633 0.099884 0.031250 0.041667
0 0.747647 0.107599 0.031250 0.041667
0 0.761148 0.128171 0.031250 0.041667
0 0.589499 0.121742 0.031250 0.041667
0 0.581784 0.106313 0.031250 0.041667