0 0.179663 0.462469 0.031250 0.041667
0 0.299238 0.303035 0.031250 0.041667
0 0.347454 0.288891 0.031250 0.041667
0 0.335883 0.260605 0.031250 0.041667
0 0.225950 0.254176 0.031250 0.041667
0 0.228843 0.173173 0.031250 0.041667
0 0.221128 0.130743 0.031250 0.041667
0 0.257773 0.114028 0.031250 0.041667
0 0.268380 0.099884 0.031250 0.041667
0 0.286702 0.103742 0.031250 0.041667
0 0.279952 0.134600 0.031250 0.041667
0 0.305989 0.130743 0.031250 0.041667
0 0.311774 0.093456 0.031250 0.041667
0 0.347454 0.101170 0.031250 0.041667
0 0.446779 0.202745 0.031250 0.041667
0 0.396635 0.507470 0.031250 0.041667
0 0.410135 0.525471 0.031250 0.041667
0 0.439065 0.591045 0.031250 0.041667
0 0.440029 0.646333 0.031250 0.041667
0 0.505603 0.534471 0.031250 0.041667
0 0.304060 0.778766 0.031250 0.041667
0 0.369634 0.795481 0.031250 0.041667
0 0.289595 0.741479 0.031250 0.041667
0 0.548997 0.463755 0.031250 0.041667
0 0.602035 0.520328 0.031250 0.041667
0 0.634822 0.405895 0.031250 0.041667
0 0.704253 0.422610 0.031250 0.041667
0 0.729325 0.459897 0.031250 0.041667
0 0.769827 0.427753 0.031250 0.041667
0 0.779470 0.481755 0.031250 0.041667
0 0.789113 0.574330 0.031250 0.041667
0 0.917368 0.463755 0.031250 0.041667
0 0.868187 0.348036 0.031250 0.041667
0 0.742826 0.344179 0.031250 0.041667
0 0.698467 0.308178 0.031250 0.041667
0 0.630000 0.318464 0.031250 0.041667
0 0.634822 0.214317 0.031250 0.041667
0 0.828650 0.237461 0.031250 0.041667
0 0.362883 0.142315 0.031250 0.041667