0 0.088584 0.728872 0.031250 0.041667
0 0.066502 0.662976 0.031250 0.041667
0 0.007616 0.633534 0.031250 0.041667
0 0.069656 0.587267 0.031250 0.041667
0 0.124335 0.612503 0.031250 0.041667
0 0.165345 0.632132 0.031250 0.041667
0 0.186375 0.619513 0.031250 0.041667
0 0.216870 0.622318 0.031250 0.041667
0 0.131696 0.493330 0.031250 0.041667
0 0.094893 0.421827 0.031250 0.041667
0 0.387217 0.501743 0.031250 0.041667
0 0.409299 0.524175 0.031250 0.041667
0 0.442947 0.521371 0.031250 0.041667
0 0.509193 0.535391 0.031250 0.041667
0 0.551254 0.518567 0.031250 0.041667
0 0.563873 0.505949 0.031250 0.041667
0 0.482905 0.597081 0.031250 0.041667
0 0.679540 0.835427 0.031250 0.041667
0 0.781538 0.365745 0.031250 0.041667
0 0.555461 0.186285 0.031250 0.041667
0 0.450308 0.204512 0.031250 0.041667
0 0.394577 0.221336 0.031250 0.041667
0 0.226333 0.154039 0.031250 0.041667
0 0.216870 0.088143 0.031250 0.041667
0 0.183221 0.082535 0.031250 0.041667
0 0.286270 0.099359 0.031250 0.041667
0 0.296785 0.092349 0.031250 0.041667
0 0.317816 0.109173 0.031250 0.041667
0 0.354619 0.078329 0.031250 0.041667