0 0.195930 0.063105 0.031250 0.041667
0 0.189374 0.129538 0.031250 0.041667
0 0.219531 0.101566 0.031250 0.041667
0 0.266734 0.096321 0.031250 0.041667
0 0.285091 0.098070 0.031250 0.041667
0 0.302136 0.098070 0.031250 0.041667
0 0.345405 0.082335 0.031250 0.041667
0 0.351961 0.080587 0.031250 0.041667
0 0.244444 0.213454 0.031250 0.041667
0 0.282468 0.229189 0.031250 0.041667
0 0.323115 0.194223 0.031250 0.041667
0 0.408342 0.223944 0.031250 0.041667
0 0.445056 0.202965 0.031250 0.041667
0 0.459479 0.204713 0.031250 0.041667
0 0.468657 0.528140 0.031250 0.041667
0 0.521105 0.538629 0.031250 0.041667
0 0.566996 0.526391 0.031250 0.041667
0 0.594531 0.489678 0.031250 0.041667
0 0.552573 0.465203 0.031250 0.041667
0 0.728273 0.292126 0.031250 0.041667
0 0.736140 0.746671 0.031250 0.041667
0 0.612888 0.751916 0.031250 0.041667
0 0.454234 0.725692 0.031250 0.041667
0 0.434566 0.741426 0.031250 0.041667
0 0.341472 0.772895 0.031250 0.041667
0 0.405836 0.297034 0.031250 0.041667