0 0.201178 0.065856 0.031250 0.041667
0 0.312289 0.087021 0.031250 0.041667
0 0.183321 0.237814 0.031250 0.041667
0 0.223003 0.317179 0.031250 0.041667
0 0.191257 0.452100 0.031250 0.041667
0 0.286496 0.444163 0.031250 0.041667
0 0.092051 0.486491 0.031250 0.041667
0 0.006734 0.539401 0.031250 0.041667
0 0.276575 0.764269 0.031250 0.041667
0 0.276575 0.817179 0.031250 0.041667
0 0.348003 0.814534 0.031250 0.041667
0 0.373797 0.798661 0.031250 0.041667
0 0.435305 0.756333 0.031250 0.041667
0 0.441257 0.719296 0.031250 0.041667
0 0.401575 0.483846 0.031250 0.041667
0 0.389670 0.499719 0.031250 0.041667
0 0.417448 0.536756 0.031250 0.041667
0 0.449194 0.211359 0.031250 0.041667
0 0.546416 0.195486 0.031250 0.041667
0 0.544432 0.475909 0.031250 0.041667
0 0.580146 0.505010 0.031250 0.041667
0 0.556337 0.539401 0.031250 0.041667