0 0.005158 0.726425 0.031250 0.041667
0 0.049468 0.649838 0.031250 0.041667
0 0.115114 0.625768 0.031250 0.041667
0 0.149578 0.546994 0.031250 0.041667
0 0.187324 0.724236 0.031250 0.041667
0 0.159425 0.781129 0.031250 0.041667
0 0.333385 0.770188 0.031250 0.041667
0 0.315333 0.838022 0.031250 0.041667
0 0.399031 0.796446 0.031250 0.041667
0 0.395748 0.765812 0.031250 0.041667
0 0.456471 0.754871 0.031250 0.041667
0 0.440059 0.851151 0.031250 0.041667
0 0.443341 0.638897 0.031250 0.041667
0 0.390825 0.498853 0.031250 0.041667
0 0.403954 0.531676 0.031250 0.041667
0 0.505705 0.536053 0.031250 0.041667
0 0.550015 0.470407 0.031250 0.041667
0 0.694436 0.404762 0.031250 0.041667
0 0.743670 0.496665 0.031250 0.041667
0 0.771569 0.424455 0.031250 0.041667
0 0.545092 0.220954 0.031250 0.041667
0 0.564786 0.194696 0.031250 0.041667
0 0.441700 0.218766 0.031250 0.041667
0 0.451547 0.212201 0.031250 0.041667
0 0.310409 0.100604 0.031250 0.041667
0 0.246405 0.155309 0.031250 0.041667
0 0.208659 0.168438 0.031250 0.041667
0 0.221788 0.225331 0.031250 0.041667
0 0.282510 0.218766 0.031250 0.041667
0 0.305486 0.212201 0.031250 0.041667
0 0.272663 0.389444 0.031250 0.041667