0 0.275422 0.098578 0.031250 0.041667
0 0.289796 0.093102 0.031250 0.041667
0 0.228194 0.079413 0.031250 0.041667
0 0.202527 0.083519 0.031250 0.041667
0 0.224087 0.151966 0.031250 0.041667
0 0.200473 0.262849 0.031250 0.041667
0 0.234354 0.297072 0.031250 0.041667
0 0.270288 0.331295 0.031250 0.041667
0 0.304169 0.320344 0.031250 0.041667
0 0.371931 0.312130 0.031250 0.041667
0 0.282609 0.245053 0.031250 0.041667
0 0.432506 0.216305 0.031250 0.041667
0 0.444826 0.213567 0.031250 0.041667
0 0.388358 0.505148 0.031250 0.041667
0 0.411972 0.514731 0.031250 0.041667
0 0.441746 0.518838 0.031250 0.041667
0 0.482814 0.521576 0.031250 0.041667
0 0.517722 0.539372 0.031250 0.041667
0 0.552629 0.527051 0.031250 0.041667
0 0.568030 0.501042 0.031250 0.041667
0 0.552629 0.466819 0.031250 0.041667
0 0.598831 0.606449 0.031250 0.041667
0 0.503348 0.714594 0.031250 0.041667
0 0.705607 0.591391 0.031250 0.041667
0 0.794929 0.580439 0.031250 0.041667
0 0.799036 0.662575 0.031250 0.041667
0 0.873985 0.613294 0.031250 0.041667
0 0.924293 0.851487 0.031250 0.041667
0 0.652219 0.068461 0.031250 0.041667
0 0.559816 0.190296 0.031250 0.041667
0 0.379118 0.095840 0.031250 0.041667