0 0.307127 0.087475 0.031250 0.041667
0 0.331744 0.126862 0.031250 0.041667
0 0.369490 0.126862 0.031250 0.041667
0 0.443341 0.205637 0.031250 0.041667
0 0.453188 0.216578 0.031250 0.041667
0 0.545092 0.216578 0.031250 0.041667
0 0.632072 0.413514 0.031250 0.041667
0 0.743670 0.422267 0.031250 0.041667
0 0.794545 0.398197 0.031250 0.041667
0 0.546733 0.468219 0.031250 0.041667
0 0.513910 0.536053 0.031250 0.041667
0 0.394107 0.503230 0.031250 0.041667
0 0.397390 0.518547 0.031250 0.041667
0 0.443341 0.645462 0.031250 0.041667
0 0.441700 0.737366 0.031250 0.041667
0 0.513910 0.778941 0.031250 0.041667
0 0.579556 0.822705 0.031250 0.041667
0 0.397390 0.796446 0.031250 0.041667
0 0.290716 0.785506 0.031250 0.041667
0 0.249687 0.851151 0.031250 0.041667
0 0.185683 0.752683 0.031250 0.041667
0 0.159425 0.717672 0.031250 0.041667
0 0.072444 0.643274 0.031250 0.041667
0 0.115114 0.617015 0.031250 0.041667
0 0.131525 0.584193 0.031250 0.041667
0 0.044545 0.457278 0.031250 0.041667