0 0.266451 0.786480 0.031250 0.041667
0 0.298274 0.753051 0.031250 0.041667
0 0.377348 0.792909 0.031250 0.041667
0 0.534532 0.921485 0.031250 0.041667
0 0.660858 0.826339 0.031250 0.041667
0 0.727396 0.693906 0.031250 0.041667
0 0.742826 0.650190 0.031250 0.041667
0 0.858544 0.679762 0.031250 0.041667
0 0.919296 0.948486 0.031250 0.041667
0 0.979084 0.980630 0.031250 0.041667
0 0.513317 0.526757 0.031250 0.041667
0 0.593356 0.504899 0.031250 0.041667
0 0.546104 0.461183 0.031250 0.041667
0 0.458351 0.564044 0.031250 0.041667
0 0.410135 0.526757 0.031250 0.041667
0 0.393742 0.502327 0.031250 0.041667
0 0.744754 0.326178 0.031250 0.041667
0 0.792006 0.326178 0.031250 0.041667
0 0.280916 0.282462 0.031250 0.041667
0 0.246201 0.183459 0.031250 0.041667
0 0.328168 0.115314 0.031250 0.041667
0 0.297310 0.119171 0.031250 0.041667
0 0.284774 0.088313 0.031250 0.041667
0 0.309846 0.092170 0.031250 0.041667
0 0.339740 0.106313 0.031250 0.041667
0 0.453530 0.205317 0.031250 0.041667