0 0.091644 0.518838 0.031250 0.041667
0 0.138872 0.521576 0.031250 0.041667
0 0.103964 0.461343 0.031250 0.041667
0 0.056736 0.449023 0.031250 0.041667
0 0.125525 0.401110 0.031250 0.041667
0 0.152219 0.431226 0.031250 0.041667
0 0.238461 0.455867 0.031250 0.041667
0 0.245648 0.327188 0.031250 0.041667
0 0.301089 0.349091 0.031250 0.041667
0 0.363718 0.344984 0.031250 0.041667
0 0.409919 0.346353 0.031250 0.041667
0 0.386305 0.476401 0.031250 0.041667
0 0.375011 0.507886 0.031250 0.041667
0 0.452013 0.525682 0.031250 0.041667
0 0.502321 0.543478 0.031250 0.041667
0 0.496161 0.585915 0.031250 0.041667
0 0.472547 0.621507 0.031250 0.041667
0 0.254888 0.822739 0.031250 0.041667
0 0.542362 0.469556 0.031250 0.041667
0 0.443800 0.213567 0.031250 0.041667
0 0.458173 0.193033 0.031250 0.041667
0 0.557763 0.190296 0.031250 0.041667
0 0.318543 0.228626 0.031250 0.041667
0 0.310330 0.169762 0.031250 0.041667
0 0.288769 0.157441 0.031250 0.041667
0 0.284662 0.098578 0.031250 0.041667
0 0.269262 0.097209 0.031250 0.041667
0 0.361664 0.086257 0.031250 0.041667