0 0.217747 0.082437 0.031250 0.041667
0 0.235189 0.086665 0.031250 0.041667
0 0.270073 0.095122 0.031250 0.041667
0 0.279587 0.099350 0.031250 0.041667
0 0.292272 0.095122 0.031250 0.041667
0 0.309714 0.095122 0.031250 0.041667
0 0.339840 0.086665 0.031250 0.041667
0 0.446077 0.285397 0.031250 0.041667
0 0.454005 0.228314 0.031250 0.041667
0 0.447663 0.207173 0.031250 0.041667
0 0.390580 0.268484 0.031250 0.041667
0 0.333498 0.274826 0.031250 0.041667
0 0.285929 0.257913 0.031250 0.041667
0 0.249460 0.243114 0.031250 0.041667
0 0.100411 0.382648 0.031250 0.041667
0 0.157494 0.374192 0.031250 0.041667
0 0.217747 0.369963 0.031250 0.041667
0 0.331912 0.365735 0.031250 0.041667
0 0.392166 0.348822 0.031250 0.041667
0 0.463519 0.526412 0.031250 0.041667
0 0.530115 0.543325 0.031250 0.041667
0 0.568170 0.467215 0.031250 0.041667
0 0.056014 0.720915 0.031250 0.041667
0 0.214576 0.714572 0.031250 0.041667
0 0.236775 0.744171 0.031250 0.041667
0 0.303371 0.784340 0.031250 0.041667
0 0.633181 0.128949 0.031250 0.041667
0 0.693435 0.141634 0.031250 0.041667
0 0.725147 0.099350 0.031250 0.041667
0 0.793329 0.213515 0.031250 0.041667
0 0.890052 0.274826 0.031250 0.041667
0 0.710876 0.437617 0.031250 0.041667
0 0.752103 0.465101 0.031250 0.041667
0 0.782229 0.524297 0.031250 0.041667
0 0.918593 0.706116 0.031250 0.041667