0 0.190247 0.084899 0.031250 0.041667
0 0.180813 0.063935 0.031250 0.041667
0 0.212259 0.061838 0.031250 0.041667
0 0.223266 0.057645 0.031250 0.041667
0 0.273580 0.093285 0.031250 0.041667
0 0.281442 0.091188 0.031250 0.041667
0 0.330184 0.118442 0.031250 0.041667
0 0.355341 0.084899 0.031250 0.041667
0 0.235844 0.158274 0.031250 0.041667
0 0.191819 0.160371 0.031250 0.041667
0 0.201253 0.258903 0.031250 0.041667
0 0.221693 0.246325 0.031250 0.041667
0 0.267291 0.233746 0.031250 0.041667
0 0.281442 0.250518 0.031250 0.041667
0 0.360058 0.244228 0.031250 0.041667
0 0.352196 0.290350 0.031250 0.041667
0 0.404083 0.372111 0.031250 0.041667
0 0.248423 0.571272 0.031250 0.041667
0 0.193391 0.585947 0.031250 0.041667
0 0.147794 0.569176 0.031250 0.041667
0 0.097479 0.550308 0.031250 0.041667
0 0.012574 0.588044 0.031250 0.041667
0 0.229555 0.789302 0.031250 0.041667
0 0.674523 0.531440 0.031250 0.041667
0 0.800310 0.571272 0.031250 0.041667
0 0.798737 0.741084 0.031250 0.041667
0 0.551882 0.460161 0.031250 0.041667
0 0.908800 0.690769 0.031250 0.041667
0 0.823894 0.355339 0.031250 0.041667
0 0.885215 0.319700 0.031250 0.041667
0 0.858486 0.267289 0.031250 0.041667
0 0.746850 0.338568 0.031250 0.041667
0 0.757857 0.439197 0.031250 0.041667
0 0.606913 0.277771 0.031250 0.041667
0 0.621064 0.168757 0.031250 0.041667
0 0.663517 0.168757 0.031250 0.041667