0 0.235593 0.326178 0.031250 0.041667
0 0.323346 0.222032 0.031250 0.041667
0 0.317560 0.186030 0.031250 0.041667
0 0.367705 0.202745 0.031250 0.041667
0 0.448708 0.210460 0.031250 0.041667
0 0.394706 0.512614 0.031250 0.041667
0 0.405314 0.531900 0.031250 0.041667
0 0.440029 0.639904 0.031250 0.041667
0 0.439065 0.606474 0.031250 0.041667
0 0.502710 0.544758 0.031250 0.041667
0 0.605892 0.535757 0.031250 0.041667
0 0.675323 0.477898 0.031250 0.041667
0 0.733182 0.457326 0.031250 0.041667
0 0.763076 0.503613 0.031250 0.041667
0 0.807435 0.571758 0.031250 0.041667
0 0.715825 0.630903 0.031250 0.041667
0 0.812257 0.648904 0.031250 0.041667
0 0.738968 0.750479 0.031250 0.041667
0 0.814185 0.754336 0.031250 0.041667
0 0.836365 0.875198 0.031250 0.041667
0 0.946297 0.702906 0.031250 0.041667
0 0.874937 0.440611 0.031250 0.041667
0 0.765969 0.168030 0.031250 0.041667
0 0.586606 0.159029 0.031250 0.041667
0 0.358062 0.798052 0.031250 0.041667
0 0.319489 0.783909 0.031250 0.041667
0 0.290559 0.746622 0.031250 0.041667
0 0.278023 0.107599 0.031250 0.041667
0 0.247165 0.099884 0.031250 0.041667
0 0.196056 0.105028 0.031250 0.041667
0 0.306953 0.092170 0.031250 0.041667
0 0.346490 0.096027 0.031250 0.041667
0 0.325275 0.110171 0.031250 0.041667
0 0.182556 0.111456 0.031250 0.041667
0 0.288631 0.097313 0.031250 0.041667
0 0.550926 0.476612 0.031250 0.041667