0 0.078068 0.421827 0.031250 0.041667
0 0.123284 0.504547 0.031250 0.041667
0 0.168499 0.406404 0.031250 0.041667
0 0.253673 0.340509 0.031250 0.041667
0 0.249467 0.909734 0.031250 0.041667
0 0.348310 0.827014 0.031250 0.041667
0 0.390371 0.510155 0.031250 0.041667
0 0.409299 0.525577 0.031250 0.041667
0 0.441896 0.524175 0.031250 0.041667
0 0.477648 0.528381 0.031250 0.041667
0 0.513400 0.529783 0.031250 0.041667
0 0.545997 0.522773 0.031250 0.041667
0 0.568079 0.491928 0.031250 0.041667
0 0.553357 0.487722 0.031250 0.041667
0 0.689004 0.632132 0.031250 0.041667
0 0.843578 0.650358 0.031250 0.041667
0 0.837269 0.602689 0.031250 0.041667
0 0.642737 0.231150 0.031250 0.041667
0 0.721601 0.263397 0.031250 0.041667
0 0.638531 0.140018 0.031250 0.041667
0 0.707932 0.161049 0.031250 0.041667
0 0.780487 0.155441 0.031250 0.041667
0 0.779435 0.155441 0.031250 0.041667
0 0.234745 0.187687 0.031250 0.041667
0 0.218973 0.116184 0.031250 0.041667
0 0.187427 0.043278 0.031250 0.041667
0 0.195839 0.046082 0.031250 0.041667
0 0.255776 0.128802 0.031250 0.041667
0 0.264188 0.110575 0.031250 0.041667
0 0.277858 0.096555 0.031250 0.041667
0 0.291528 0.092349 0.031250 0.041667
0 0.325177 0.086741 0.031250 0.041667
0 0.361980 0.089545 0.031250 0.041667
0 0.300992 0.128802 0.031250 0.041667
0 0.395629 0.054494 0.031250 0.041667
0 0.440844 0.193295 0.031250 0.041667
0 0.569130 0.194697 0.031250 0.041667
0 0.747890 0.155441 0.031250 0.041667