0 0.191633 0.107771 0.031250 0.041667
0 0.229488 0.110575 0.031250 0.041667
0 0.251570 0.093751 0.031250 0.041667
0 0.271549 0.106369 0.031250 0.041667
0 0.306249 0.097957 0.031250 0.041667
0 0.334640 0.092349 0.031250 0.041667
0 0.221076 0.138616 0.031250 0.041667
0 0.193736 0.149832 0.031250 0.041667
0 0.302043 0.151234 0.031250 0.041667
0 0.337795 0.158245 0.031250 0.041667
0 0.368289 0.166657 0.031250 0.041667
0 0.459772 0.201708 0.031250 0.041667
0 0.295734 0.257789 0.031250 0.041667
0 0.565976 0.176471 0.031250 0.041667
0 0.584903 0.110575 0.031250 0.041667
0 0.608037 0.085339 0.031250 0.041667
0 0.631170 0.116184 0.031250 0.041667
0 0.388268 0.508753 0.031250 0.041667
0 0.415608 0.525577 0.031250 0.041667
0 0.446102 0.522773 0.031250 0.041667
0 0.508142 0.536794 0.031250 0.041667
0 0.550203 0.524175 0.031250 0.041667
0 0.561770 0.496135 0.031250 0.041667
0 0.548100 0.487722 0.031250 0.041667
0 0.817290 0.876085 0.031250 0.041667
0 0.825702 0.822808 0.031250 0.041667
0 0.428226 0.782149 0.031250 0.041667
0 0.324125 0.821406 0.031250 0.041667
0 0.302043 0.787757 0.031250 0.041667
0 0.154830 0.810190 0.031250 0.041667
0 0.039162 0.734480 0.031250 0.041667