0 0.276415 0.095122 0.031250 0.041667
0 0.292272 0.093008 0.031250 0.041667
0 0.285929 0.097236 0.031250 0.041667
0 0.335084 0.086665 0.031250 0.041667
0 0.363625 0.086665 0.031250 0.041667
0 0.566585 0.099350 0.031250 0.041667
0 0.607811 0.097236 0.031250 0.041667
0 0.591955 0.135291 0.031250 0.041667
0 0.335084 0.266369 0.031250 0.041667
0 0.287515 0.221972 0.031250 0.041667
0 0.252631 0.205059 0.031250 0.041667
0 0.211405 0.207173 0.031250 0.041667
0 0.189206 0.211401 0.031250 0.041667
0 0.430221 0.198716 0.031250 0.041667
0 0.433392 0.215629 0.031250 0.041667
0 0.461933 0.194488 0.031250 0.041667
0 0.553900 0.462987 0.031250 0.041667
0 0.918593 0.477786 0.031250 0.041667
0 0.630010 0.987300 0.031250 0.041667
0 0.300200 0.752627 0.031250 0.041667
0 0.197134 0.746285 0.031250 0.041667
0 0.187621 0.617321 0.031250 0.041667
0 0.209819 0.653262 0.031250 0.041667