0 0.139161 0.543472 0.031250 0.041667
0 0.191234 0.548615 0.031250 0.041667
0 0.249094 0.692620 0.031250 0.041667
0 0.763076 0.647618 0.031250 0.041667
0 0.500781 0.531900 0.031250 0.041667
0 0.544176 0.468898 0.031250 0.041667
0 0.397599 0.502327 0.031250 0.041667
0 0.415921 0.470183 0.031250 0.041667
0 0.410135 0.530614 0.031250 0.041667
0 0.379277 0.407181 0.031250 0.041667
0 0.382170 0.315892 0.031250 0.041667
0 0.329132 0.326178 0.031250 0.041667
0 0.303096 0.387895 0.031250 0.041667
0 0.207628 0.402038 0.031250 0.041667
0 0.183520 0.317178 0.031250 0.041667
0 0.190270 0.166744 0.031250 0.041667
0 0.215342 0.157744 0.031250 0.041667
0 0.229807 0.143600 0.031250 0.041667
0 0.222093 0.184745 0.031250 0.041667
0 0.326239 0.175744 0.031250 0.041667
0 0.357098 0.170601 0.031250 0.041667
0 0.344561 0.097313 0.031250 0.041667
0 0.305989 0.092170 0.031250 0.041667
0 0.283809 0.093456 0.031250 0.041667
0 0.236558 0.058740 0.031250 0.041667
0 0.201842 0.056169 0.031250 0.041667
0 0.448708 0.210460 0.031250 0.041667
0 0.647358 0.330036 0.031250 0.041667
0 0.686895 0.341607 0.031250 0.041667
0 0.746683 0.357037 0.031250 0.041667
0 0.819971 0.345465 0.031250 0.041667
0 0.873009 0.341607 0.031250 0.041667
0 0.819007 0.240032 0.031250 0.041667
0 0.783327 0.236175 0.031250 0.041667
0 0.691717 0.246461 0.031250 0.041667