0 0.043368 0.468094 0.031250 0.041667
0 0.038110 0.447063 0.031250 0.041667
0 0.077017 0.507351 0.031250 0.041667
0 0.160087 0.541000 0.031250 0.041667
0 0.250518 0.269005 0.031250 0.041667
0 0.209509 0.173667 0.031250 0.041667
0 0.185324 0.110575 0.031250 0.041667
0 0.213715 0.072721 0.031250 0.041667
0 0.249467 0.166657 0.031250 0.041667
0 0.289425 0.170863 0.031250 0.041667
0 0.331486 0.170863 0.031250 0.041667
0 0.339898 0.194697 0.031250 0.041667
0 0.380907 0.186285 0.031250 0.041667
0 0.297837 0.121792 0.031250 0.041667
0 0.290476 0.086741 0.031250 0.041667
0 0.334640 0.085339 0.031250 0.041667
0 0.347259 0.124596 0.031250 0.041667
0 0.369341 0.083937 0.031250 0.041667
0 0.513400 0.543804 0.031250 0.041667
0 0.549151 0.522773 0.031250 0.041667
0 0.571233 0.503145 0.031250 0.041667
0 0.549151 0.472300 0.031250 0.041667
0 0.413505 0.531185 0.031250 0.041667
0 0.394577 0.505949 0.031250 0.041667
0 0.411402 0.486320 0.031250 0.041667
0 0.264188 0.768129 0.031250 0.041667
0 0.319919 0.777943 0.031250 0.041667
0 0.378804 0.800376 0.031250 0.041667
0 0.433484 0.798974 0.031250 0.041667
0 0.808878 0.763923 0.031250 0.041667
0 0.778384 0.675595 0.031250 0.041667
0 0.848836 0.305458 0.031250 0.041667
0 0.833063 0.347519 0.031250 0.041667
0 0.732117 0.232552 0.031250 0.041667
0 0.650098 0.113380 0.031250 0.041667