0 0.214576 0.200830 0.031250 0.041667
0 0.224090 0.209287 0.031250 0.041667
0 0.266902 0.202944 0.031250 0.041667
0 0.182864 0.308653 0.031250 0.041667
0 0.222504 0.338251 0.031250 0.041667
0 0.254217 0.439731 0.031250 0.041667
0 0.942377 0.714572 0.031250 0.041667
0 0.184449 0.752627 0.031250 0.041667
0 0.263731 0.750513 0.031250 0.041667
0 0.206648 0.632120 0.031250 0.041667
0 0.545972 0.473558 0.031250 0.041667
0 0.725147 0.209287 0.031250 0.041667
0 0.850411 0.249456 0.031250 0.041667
0 0.675993 0.188145 0.031250 0.041667
0 0.604640 0.224086 0.031250 0.041667
0 0.431807 0.207173 0.031250 0.041667
0 0.417536 0.192374 0.031250 0.041667
0 0.461933 0.190259 0.031250 0.041667
0 0.338255 0.084551 0.031250 0.041667
0 0.357282 0.086665 0.031250 0.041667
0 0.270073 0.086665 0.031250 0.041667
0 0.281172 0.093008 0.031250 0.041667
0 0.293857 0.093008 0.031250 0.041667