0 0.193242 0.121412 0.031250 0.041667
0 0.207130 0.079084 0.031250 0.041667
0 0.242845 0.079084 0.031250 0.041667
0 0.308321 0.092312 0.031250 0.041667
0 0.353956 0.227232 0.031250 0.041667
0 0.365861 0.274851 0.031250 0.041667
0 0.439273 0.203423 0.031250 0.041667
0 0.451178 0.206068 0.031250 0.041667
0 0.223003 0.240460 0.031250 0.041667
0 0.219035 0.372735 0.031250 0.041667
0 0.165464 0.401835 0.031250 0.041667
0 0.385702 0.502364 0.031250 0.041667
0 0.401575 0.528819 0.031250 0.041667
0 0.558321 0.475909 0.031250 0.041667
0 0.584115 0.489137 0.031250 0.041667
0 0.572210 0.523528 0.031250 0.041667
0 0.514670 0.539401 0.031250 0.041667
0 0.478956 0.695486 0.031250 0.041667
0 0.484908 0.732523 0.031250 0.041667
0 0.453162 0.753687 0.031250 0.041667
0 0.405543 0.803952 0.031250 0.041667
0 0.353956 0.782788 0.031250 0.041667
0 0.282527 0.782788 0.031250 0.041667
0 0.625781 0.970618 0.031250 0.041667
0 0.750781 0.796015 0.031250 0.041667
0 0.832130 0.782788 0.031250 0.041667
0 0.768638 0.378026 0.031250 0.041667
0 0.810305 0.383317 0.031250 0.041667
0 0.834115 0.208714 0.031250 0.041667
0 0.826178 0.190195 0.031250 0.041667
0 0.802369 0.179613 0.031250 0.041667
0 0.695226 0.161095 0.031250 0.041667
0 0.713083 0.110830 0.031250 0.041667
0 0.697210 0.102894 0.031250 0.041667
0 0.641654 0.081729 0.031250 0.041667
0 0.611892 0.081729 0.031250 0.041667
0 0.538480 0.206068 0.031250 0.041667