0 0.186035 0.052839 0.031250 0.041667
0 0.233604 0.063410 0.031250 0.041667
0 0.270073 0.088780 0.031250 0.041667
0 0.279587 0.090894 0.031250 0.041667
0 0.295443 0.090894 0.031250 0.041667
0 0.339840 0.084551 0.031250 0.041667
0 0.362039 0.095122 0.031250 0.041667
0 0.271659 0.131063 0.031250 0.041667
0 0.314470 0.122606 0.031250 0.041667
0 0.268487 0.196602 0.031250 0.041667
0 0.300200 0.228314 0.031250 0.041667
0 0.457177 0.196602 0.031250 0.041667
0 0.669650 0.090894 0.031250 0.041667
0 0.547557 0.471443 0.031250 0.041667
0 0.278001 0.788568 0.031250 0.041667
0 0.714048 0.585608 0.031250 0.041667
0 0.815528 0.585608 0.031250 0.041667
0 0.867853 0.682860 0.031250 0.041667
0 0.821870 0.714572 0.031250 0.041667