0 0.683957 0.160371 0.031250 0.041667
0 0.701253 0.139406 0.031250 0.041667
0 0.716976 0.154081 0.031250 0.041667
0 0.735844 0.131021 0.031250 0.041667
0 0.652511 0.225360 0.031250 0.041667
0 0.636788 0.309218 0.031250 0.041667
0 0.871064 0.286157 0.031250 0.041667
0 0.889932 0.281964 0.031250 0.041667
0 0.591190 0.550308 0.031250 0.041667
0 0.646222 0.571272 0.031250 0.041667
0 0.743706 0.600622 0.031250 0.041667
0 0.773580 0.585947 0.031250 0.041667
0 0.819177 0.718023 0.031250 0.041667
0 0.889932 0.812362 0.031250 0.041667
0 0.965404 0.732698 0.031250 0.041667
0 0.479555 0.663515 0.031250 0.041667
0 0.183957 0.678191 0.031250 0.041667
0 0.127354 0.671901 0.031250 0.041667
0 0.253140 0.508379 0.031250 0.041667
0 0.361630 0.428715 0.031250 0.041667
0 0.185530 0.261000 0.031250 0.041667
0 0.221693 0.248421 0.031250 0.041667
0 0.205970 0.219071 0.031250 0.041667
0 0.237416 0.214878 0.031250 0.041667
0 0.257857 0.189721 0.031250 0.041667
0 0.270435 0.162467 0.031250 0.041667
0 0.319177 0.158274 0.031250 0.041667
0 0.323894 0.204396 0.031250 0.041667
0 0.294020 0.204396 0.031250 0.041667
0 0.275152 0.219071 0.031250 0.041667
0 0.257857 0.225360 0.031250 0.041667
0 0.257857 0.261000 0.031250 0.041667
0 0.273580 0.093285 0.031250 0.041667
0 0.284586 0.084899 0.031250 0.041667
0 0.353769 0.082803 0.031250 0.041667
0 0.553454 0.472740 0.031250 0.041667
0 0.403265 0.179689 0.031250 0.041667