0 0.457669 0.710646 0.031250 0.041667
0 0.457669 0.679801 0.031250 0.041667
0 0.412453 0.535391 0.031250 0.041667
0 0.399835 0.510155 0.031250 0.041667
0 0.411402 0.483516 0.031250 0.041667
0 0.504987 0.529783 0.031250 0.041667
0 0.558615 0.522773 0.031250 0.041667
0 0.560718 0.493330 0.031250 0.041667
0 0.545997 0.469496 0.031250 0.041667
0 0.619604 0.326489 0.031250 0.041667
0 0.656407 0.316674 0.031250 0.041667
0 0.708983 0.302654 0.031250 0.041667
0 0.732117 0.326489 0.031250 0.041667
0 0.722653 0.260593 0.031250 0.041667
0 0.749993 0.263397 0.031250 0.041667
0 0.743683 0.193295 0.031250 0.041667
0 0.827805 0.271809 0.031250 0.041667
0 0.862506 0.270407 0.031250 0.041667
0 0.250518 0.127400 0.031250 0.041667
0 0.279961 0.124596 0.031250 0.041667
0 0.269446 0.095153 0.031250 0.041667
0 0.285219 0.096555 0.031250 0.041667
0 0.316764 0.096555 0.031250 0.041667
0 0.329383 0.096555 0.031250 0.041667
0 0.366186 0.085339 0.031250 0.041667
0 0.376701 0.085339 0.031250 0.041667
0 0.191633 0.076927 0.031250 0.041667
0 0.208457 0.041876 0.031250 0.041667
0 0.208457 0.113380 0.031250 0.041667