0 0.077445 0.683620 0.031250 0.041667
0 0.064909 0.816053 0.031250 0.041667
0 0.020550 0.807053 0.031250 0.041667
0 0.149769 0.853340 0.031250 0.041667
0 0.153626 0.701620 0.031250 0.041667
0 0.250058 0.620617 0.031250 0.041667
0 0.249094 0.453469 0.031250 0.041667
0 0.219200 0.382752 0.031250 0.041667
0 0.188342 0.315892 0.031250 0.041667
0 0.309846 0.457326 0.031250 0.041667
0 0.390849 0.507470 0.031250 0.041667
0 0.411099 0.524185 0.031250 0.041667
0 0.418814 0.477898 0.031250 0.041667
0 0.501746 0.535757 0.031250 0.041667
0 0.544176 0.472755 0.031250 0.041667
0 0.559605 0.687477 0.031250 0.041667
0 0.654108 0.710621 0.031250 0.041667
0 0.623250 0.827625 0.031250 0.041667
0 0.714860 0.809624 0.031250 0.041667
0 0.813221 0.812196 0.031250 0.041667
0 0.882652 0.836625 0.031250 0.041667
0 0.819007 0.458612 0.031250 0.041667
0 0.756326 0.186030 0.031250 0.041667
0 0.775612 0.195031 0.031250 0.041667
0 0.724504 0.162887 0.031250 0.041667
0 0.696538 0.157744 0.031250 0.041667
0 0.608785 0.160315 0.031250 0.041667
0 0.574070 0.110171 0.031250 0.041667
0 0.448708 0.207888 0.031250 0.041667
0 0.375420 0.259319 0.031250 0.041667
0 0.343597 0.259319 0.031250 0.041667
0 0.342633 0.224603 0.031250 0.041667
0 0.196056 0.175744 0.031250 0.041667
0 0.181591 0.133314 0.031250 0.041667
0 0.210521 0.116599 0.031250 0.041667
0 0.214378 0.079312 0.031250 0.041667
0 0.304060 0.093456 0.031250 0.041667
0 0.343597 0.101170 0.031250 0.041667