0 0.197210 0.049983 0.031250 0.041667
0 0.306337 0.092312 0.031250 0.041667
0 0.371813 0.089666 0.031250 0.041667
0 0.338083 0.219296 0.031250 0.041667
0 0.260702 0.200777 0.031250 0.041667
0 0.300384 0.245751 0.031250 0.041667
0 0.213083 0.256333 0.031250 0.041667
0 0.207130 0.404481 0.031250 0.041667
0 0.427369 0.274851 0.031250 0.041667
0 0.457130 0.203423 0.031250 0.041667
0 0.530543 0.211359 0.031250 0.041667
0 0.586099 0.203423 0.031250 0.041667
0 0.615861 0.280142 0.031250 0.041667
0 0.661496 0.272206 0.031250 0.041667
0 0.546416 0.465327 0.031250 0.041667
0 0.584115 0.497073 0.031250 0.041667
0 0.562289 0.523528 0.031250 0.041667
0 0.504750 0.542047 0.031250 0.041667
0 0.403559 0.499719 0.031250 0.041667
0 0.395623 0.534110 0.031250 0.041667
0 0.232924 0.666386 0.031250 0.041667
0 0.288480 0.809243 0.031250 0.041667
0 0.334115 0.766915 0.031250 0.041667
0 0.367845 0.793370 0.031250 0.041667
0 0.371813 0.777497 0.031250 0.041667
0 0.409511 0.735169 0.031250 0.041667
0 0.457130 0.732523 0.031250 0.041667
0 0.615861 0.975909 0.031250 0.041667
0 0.800384 0.907126 0.031250 0.041667
0 0.780543 0.965327 0.031250 0.041667
0 0.814273 0.602894 0.031250 0.041667
0 0.869829 0.602894 0.031250 0.041667