0 0.273290 0.092825 0.031250 0.041667
0 0.279846 0.092825 0.031250 0.041667
0 0.308692 0.096321 0.031250 0.041667
0 0.334916 0.098070 0.031250 0.041667
0 0.346717 0.082335 0.031250 0.041667
0 0.361140 0.084084 0.031250 0.041667
0 0.345405 0.127790 0.031250 0.041667
0 0.313937 0.120797 0.031250 0.041667
0 0.257556 0.126042 0.031250 0.041667
0 0.224776 0.204713 0.031250 0.041667
0 0.251000 0.187230 0.031250 0.041667
0 0.226087 0.363804 0.031250 0.041667
0 0.189374 0.582335 0.031250 0.041667
0 0.146105 0.781636 0.031250 0.041667
0 0.265423 0.744923 0.031250 0.041667
0 0.303447 0.760657 0.031250 0.041667
0 0.389986 0.757161 0.031250 0.041667
0 0.365073 0.918000 0.031250 0.041667
0 0.463412 0.535133 0.031250 0.041667
0 0.525038 0.538629 0.031250 0.041667
0 0.608954 0.769398 0.031250 0.041667
0 0.956419 0.993175 0.031250 0.041667
0 0.548640 0.465203 0.031250 0.041667
0 0.860703 0.279888 0.031250 0.041667
0 0.816122 0.174993 0.031250 0.041667
0 0.652224 0.056112 0.031250 0.041667
0 0.658780 0.071846 0.031250 0.041667
0 0.437189 0.202965 0.031250 0.041667
0 0.452923 0.218699 0.031250 0.041667