0 0.268487 0.090894 0.031250 0.041667
0 0.281172 0.093008 0.031250 0.041667
0 0.297029 0.090894 0.031250 0.041667
0 0.336669 0.088780 0.031250 0.041667
0 0.363625 0.088780 0.031250 0.041667
0 0.219333 0.128949 0.031250 0.041667
0 0.254217 0.143748 0.031250 0.041667
0 0.306542 0.135291 0.031250 0.041667
0 0.352525 0.150090 0.031250 0.041667
0 0.363625 0.162775 0.031250 0.041667
0 0.347769 0.384763 0.031250 0.041667
0 0.465105 0.186031 0.031250 0.041667
0 0.553900 0.473558 0.031250 0.041667
0 0.293857 0.340365 0.031250 0.041667
0 0.079798 0.630006 0.031250 0.041667
0 0.008445 0.619435 0.031250 0.041667
0 0.136881 0.634234 0.031250 0.041667
0 0.159079 0.657490 0.031250 0.041667
0 0.203477 0.733600 0.031250 0.041667
0 0.271659 0.752627 0.031250 0.041667
0 0.490475 0.610978 0.031250 0.041667
0 0.610982 0.596179 0.031250 0.041667
0 0.682335 0.323452 0.031250 0.041667
0 0.755274 0.285397 0.031250 0.041667
0 0.788572 0.357278 0.031250 0.041667
0 0.832969 0.338251 0.031250 0.041667
0 0.894809 0.308653 0.031250 0.041667
0 0.669650 0.109921 0.031250 0.041667
0 0.622081 0.116264 0.031250 0.041667