0 0.310409 0.094039 0.031250 0.041667
0 0.338309 0.137803 0.031250 0.041667
0 0.443341 0.201260 0.031250 0.041667
0 0.458112 0.207825 0.031250 0.041667
0 0.269381 0.129050 0.031250 0.041667
0 0.243123 0.124674 0.031250 0.041667
0 0.177477 0.054652 0.031250 0.041667
0 0.259534 0.181567 0.031250 0.041667
0 0.336667 0.306293 0.031250 0.041667
0 0.259534 0.336928 0.031250 0.041667
0 0.215223 0.350057 0.031250 0.041667
0 0.146295 0.380692 0.031250 0.041667
0 0.115114 0.439773 0.031250 0.041667
0 0.072444 0.654215 0.031250 0.041667
0 0.101985 0.619204 0.031250 0.041667
0 0.152860 0.597322 0.031250 0.041667
0 0.231635 0.625768 0.031250 0.041667
0 0.218506 0.748306 0.031250 0.041667
0 0.220147 0.798635 0.031250 0.041667
0 0.335026 0.783317 0.031250 0.041667
0 0.330103 0.827081 0.031250 0.041667
0 0.390825 0.798635 0.031250 0.041667
0 0.422007 0.728613 0.031250 0.041667
0 0.451547 0.746118 0.031250 0.041667
0 0.440059 0.632333 0.031250 0.041667
0 0.382619 0.498853 0.031250 0.041667
0 0.407236 0.522924 0.031250 0.041667
0 0.504064 0.531676 0.031250 0.041667
0 0.541810 0.470407 0.031250 0.041667
0 0.842138 0.579816 0.031250 0.041667
0 0.753516 0.290976 0.031250 0.041667
0 0.792904 0.308481 0.031250 0.041667
0 0.640278 0.194696 0.031250 0.041667
0 0.717411 0.172814 0.031250 0.041667
0 0.765004 0.172814 0.031250 0.041667
0 0.543451 0.216578 0.031250 0.041667
0 0.566427 0.188131 0.031250 0.041667