0 0.012874 0.541000 0.031250 0.041667
0 0.447153 0.769531 0.031250 0.041667
0 0.462926 0.696625 0.031250 0.041667
0 0.520760 0.569040 0.031250 0.041667
0 0.502884 0.526979 0.031250 0.041667
0 0.405093 0.529783 0.031250 0.041667
0 0.396680 0.508753 0.031250 0.041667
0 0.413505 0.487722 0.031250 0.041667
0 0.547048 0.522773 0.031250 0.041667
0 0.567027 0.497537 0.031250 0.041667
0 0.545997 0.475104 0.031250 0.041667
0 0.634325 0.571844 0.031250 0.041667
0 0.705829 0.601287 0.031250 0.041667
0 0.797311 0.619513 0.031250 0.041667
0 0.765765 0.521371 0.031250 0.041667
0 0.868815 0.347519 0.031250 0.041667
0 0.840424 0.180677 0.031250 0.041667
0 0.765765 0.274613 0.031250 0.041667
0 0.682695 0.252181 0.031250 0.041667
0 0.698468 0.224140 0.031250 0.041667
0 0.643789 0.215728 0.031250 0.041667
0 0.657458 0.204512 0.031250 0.041667
0 0.660613 0.135812 0.031250 0.041667
0 0.642737 0.123194 0.031250 0.041667
0 0.653252 0.104967 0.031250 0.041667
0 0.447153 0.215728 0.031250 0.041667
0 0.367238 0.140018 0.031250 0.041667
0 0.281013 0.137214 0.031250 0.041667
0 0.258931 0.116184 0.031250 0.041667
0 0.237900 0.125998 0.031250 0.041667
0 0.226333 0.102163 0.031250 0.041667
0 0.278910 0.099359 0.031250 0.041667
0 0.286270 0.089545 0.031250 0.041667
0 0.309404 0.093751 0.031250 0.041667
0 0.330434 0.103565 0.031250 0.041667
0 0.356722 0.089545 0.031250 0.041667
0 0.370392 0.088143 0.031250 0.041667
0 0.206354 0.039072 0.031250 0.041667
0 0.236849 0.201708 0.031250 0.041667
0 0.261034 0.198904 0.031250 0.041667