0 0.205699 0.263176 0.031250 0.041667
0 0.251987 0.267033 0.031250 0.041667
0 0.281881 0.303035 0.031250 0.041667
0 0.307917 0.269605 0.031250 0.041667
0 0.276095 0.205317 0.031250 0.041667
0 0.228843 0.126885 0.031250 0.041667
0 0.191234 0.114028 0.031250 0.041667
0 0.255844 0.075455 0.031250 0.041667
0 0.306953 0.103742 0.031250 0.041667
0 0.339740 0.106313 0.031250 0.041667
0 0.377348 0.079312 0.031250 0.041667
0 0.392777 0.056169 0.031250 0.041667
0 0.446779 0.206603 0.031250 0.041667
0 0.385063 0.507470 0.031250 0.041667
0 0.411099 0.534471 0.031250 0.041667
0 0.447744 0.654047 0.031250 0.041667
0 0.358062 0.796767 0.031250 0.041667
0 0.326239 0.776194 0.031250 0.041667
0 0.277059 0.777480 0.031250 0.041667
0 0.506567 0.534471 0.031250 0.041667
0 0.543211 0.470183 0.031250 0.041667
0 0.652180 0.274748 0.031250 0.041667
0 0.690752 0.296606 0.031250 0.041667
0 0.734147 0.224603 0.031250 0.041667
0 0.784291 0.215603 0.031250 0.041667
0 0.596249 0.094741 0.031250 0.041667
0 0.607821 0.087027 0.031250 0.041667
0 0.600106 0.063883 0.031250 0.041667
0 0.570212 0.088313 0.031250 0.041667