0 0.193307 0.174993 0.031250 0.041667
0 0.195930 0.211706 0.031250 0.041667
0 0.233954 0.161007 0.031250 0.041667
0 0.268045 0.112056 0.031250 0.041667
0 0.274601 0.096321 0.031250 0.041667
0 0.283780 0.094573 0.031250 0.041667
0 0.313937 0.094573 0.031250 0.041667
0 0.349339 0.084084 0.031250 0.041667
0 0.341472 0.075342 0.031250 0.041667
0 0.439811 0.206461 0.031250 0.041667
0 0.454234 0.206461 0.031250 0.041667
0 0.308692 0.237930 0.031250 0.041667
0 0.240510 0.421496 0.031250 0.041667
0 0.212975 0.437230 0.031250 0.041667
0 0.119881 0.753664 0.031250 0.041667
0 0.319182 0.772895 0.031250 0.041667
0 0.328360 0.515902 0.031250 0.041667
0 0.380807 0.543874 0.031250 0.041667
0 0.451612 0.542126 0.031250 0.041667
0 0.526349 0.542126 0.031250 0.041667
0 0.573552 0.531636 0.031250 0.041667
0 0.589286 0.498419 0.031250 0.041667
0 0.543395 0.461706 0.031250 0.041667
0 0.439811 0.725692 0.031250 0.041667
0 0.412276 0.834084 0.031250 0.041667
0 0.660091 0.577091 0.031250 0.041667
0 0.719094 0.573594 0.031250 0.041667
0 0.753185 0.573594 0.031250 0.041667
0 0.901349 0.489678 0.031250 0.041667
0 0.687626 0.351566 0.031250 0.041667
0 0.783342 0.300867 0.031250 0.041667
0 0.835790 0.316601 0.031250 0.041667
0 0.774164 0.164503 0.031250 0.041667