0 0.210353 0.117300 0.031250 0.041667
0 0.312626 0.098070 0.031250 0.041667
0 0.334916 0.073594 0.031250 0.041667
0 0.348028 0.075342 0.031250 0.041667
0 0.281157 0.166251 0.031250 0.041667
0 0.310003 0.166251 0.031250 0.041667
0 0.344094 0.166251 0.031250 0.041667
0 0.257556 0.281636 0.031250 0.041667
0 0.439811 0.244923 0.031250 0.041667
0 0.447678 0.211706 0.031250 0.041667
0 0.456856 0.209958 0.031250 0.041667
0 0.053010 0.800867 0.031250 0.041667
0 0.205108 0.758909 0.031250 0.041667
0 0.392608 0.508909 0.031250 0.041667
0 0.407031 0.529888 0.031250 0.041667
0 0.460790 0.529888 0.031250 0.041667
0 0.519793 0.531636 0.031250 0.041667
0 0.573552 0.522895 0.031250 0.041667
0 0.590598 0.493175 0.031250 0.041667
0 0.552573 0.472196 0.031250 0.041667
0 0.712538 0.131286 0.031250 0.041667
0 0.682381 0.494923 0.031250 0.041667
0 0.736140 0.475692 0.031250 0.041667
0 0.795143 0.458209 0.031250 0.041667
0 0.830545 0.498419 0.031250 0.041667
0 0.906594 0.515902 0.031250 0.041667
0 0.893482 0.792126 0.031250 0.041667
0 0.914461 0.823594 0.031250 0.041667
0 0.719094 0.662755 0.031250 0.041667
0 0.619444 0.680237 0.031250 0.041667