0 0.183957 0.103767 0.031250 0.041667
0 0.201253 0.114249 0.031250 0.041667
0 0.229555 0.187624 0.031250 0.041667
0 0.257857 0.128924 0.031250 0.041667
0 0.273580 0.093285 0.031250 0.041667
0 0.281442 0.091188 0.031250 0.041667
0 0.619492 0.101671 0.031250 0.041667
0 0.608486 0.143599 0.031250 0.041667
0 0.639932 0.158274 0.031250 0.041667
0 0.660372 0.099574 0.031250 0.041667
0 0.676096 0.078610 0.031250 0.041667
0 0.732699 0.172949 0.031250 0.041667
0 0.768863 0.160371 0.031250 0.041667
0 0.877354 0.277771 0.031250 0.041667
0 0.888360 0.277771 0.031250 0.041667
0 0.654083 0.290350 0.031250 0.041667
0 0.705970 0.279868 0.031250 0.041667
0 0.724838 0.476933 0.031250 0.041667
0 0.801882 0.569176 0.031250 0.041667
0 0.842762 0.615297 0.031250 0.041667
0 0.023580 0.734794 0.031250 0.041667
0 0.073894 0.726409 0.031250 0.041667
0 0.059744 0.766241 0.031250 0.041667
0 0.221693 0.529344 0.031250 0.041667
0 0.209115 0.479029 0.031250 0.041667
0 0.227983 0.453872 0.031250 0.041667
0 0.227983 0.435004 0.031250 0.041667
0 0.055027 0.445486 0.031250 0.041667
0 0.069177 0.422425 0.031250 0.041667
0 0.095907 0.432907 0.031250 0.041667
0 0.111630 0.432907 0.031250 0.041667
0 0.143077 0.458065 0.031250 0.041667
0 0.155655 0.414040 0.031250 0.041667
0 0.171379 0.342761 0.031250 0.041667
0 0.210687 0.349050 0.031250 0.041667
0 0.180813 0.382593 0.031250 0.041667
0 0.227983 0.378400 0.031250 0.041667
0 0.361630 0.435004 0.031250 0.041667
0 0.463832 0.629972 0.031250 0.041667
0 0.413517 0.248421 0.031250 0.041667
0 0.545593 0.464354 0.031250 0.041667
0 0.401680 0.103579 0.031250 0.041667
0 0.400094 0.171232 0.031250 0.041667
0 0.434978 0.059181 0.031250 0.041667