0 0.063347 0.468094 0.031250 0.041667
0 0.087532 0.426033 0.031250 0.041667
0 0.148520 0.371354 0.031250 0.041667
0 0.201097 0.347519 0.031250 0.041667
0 0.272600 0.360137 0.031250 0.041667
0 0.268394 0.770933 0.031250 0.041667
0 0.327280 0.786355 0.031250 0.041667
0 0.392474 0.812994 0.031250 0.041667
0 0.401938 0.759717 0.031250 0.041667
0 0.502884 0.543804 0.031250 0.041667
0 0.550203 0.525577 0.031250 0.041667
0 0.565976 0.496135 0.031250 0.041667
0 0.540739 0.465290 0.031250 0.041667
0 0.409299 0.522773 0.031250 0.041667
0 0.395629 0.503145 0.031250 0.041667
0 0.420865 0.479310 0.031250 0.041667
0 0.743683 0.685409 0.031250 0.041667
0 0.753147 0.557824 0.031250 0.041667
0 0.734220 0.433043 0.031250 0.041667
0 0.686901 0.357333 0.031250 0.041667
0 0.781538 0.444259 0.031250 0.041667
0 0.856197 0.479310 0.031250 0.041667
0 0.916134 0.529783 0.031250 0.041667
0 0.779435 0.190491 0.031250 0.041667
0 0.655355 0.124596 0.031250 0.041667
0 0.611191 0.140018 0.031250 0.041667
0 0.583852 0.141420 0.031250 0.041667
0 0.554409 0.208718 0.031250 0.041667
0 0.439793 0.263397 0.031250 0.041667
0 0.440844 0.212924 0.031250 0.041667
0 0.456617 0.197502 0.031250 0.041667
0 0.372495 0.283026 0.031250 0.041667
0 0.366186 0.261995 0.031250 0.041667
0 0.317816 0.269005 0.031250 0.041667
0 0.284167 0.233954 0.031250 0.041667
0 0.276806 0.219934 0.031250 0.041667
0 0.306249 0.197502 0.031250 0.041667
0 0.242106 0.235356 0.031250 0.041667
0 0.227385 0.116184 0.031250 0.041667
0 0.180066 0.096555 0.031250 0.041667
0 0.279961 0.097957 0.031250 0.041667
0 0.288373 0.092349 0.031250 0.041667
0 0.345156 0.097957 0.031250 0.041667
0 0.363032 0.099359 0.031250 0.041667
0 0.842527 0.184883 0.031250 0.041667