0 0.147840 0.395609 0.031250 0.041667
0 0.280916 0.204031 0.031250 0.041667
0 0.204735 0.072884 0.031250 0.041667
0 0.191234 0.078027 0.031250 0.041667
0 0.282845 0.089598 0.031250 0.041667
0 0.309846 0.093456 0.031250 0.041667
0 0.342633 0.106313 0.031250 0.041667
0 0.390849 0.229746 0.031250 0.041667
0 0.451601 0.210460 0.031250 0.041667
0 0.620357 0.189888 0.031250 0.041667
0 0.672430 0.192459 0.031250 0.041667
0 0.782363 0.187316 0.031250 0.041667
0 0.749576 0.188602 0.031250 0.041667
0 0.858544 0.570473 0.031250 0.041667
0 0.783327 0.574330 0.031250 0.041667
0 0.590463 0.508756 0.031250 0.041667
0 0.551890 0.470183 0.031250 0.041667
0 0.507531 0.535757 0.031250 0.041667
0 0.464137 0.571758 0.031250 0.041667
0 0.403385 0.531900 0.031250 0.041667
0 0.393742 0.507470 0.031250 0.041667
0 0.452565 0.645047 0.031250 0.041667
0 0.356133 0.801910 0.031250 0.041667
0 0.297310 0.785195 0.031250 0.041667
0 0.269344 0.746622 0.031250 0.041667
0 0.587570 0.834054 0.031250 0.041667