0 0.239488 0.223150 0.031250 0.041667
0 0.257968 0.199878 0.031250 0.041667
0 0.213820 0.197140 0.031250 0.041667
0 0.258995 0.288858 0.031250 0.041667
0 0.279529 0.292965 0.031250 0.041667
0 0.229221 0.329926 0.031250 0.041667
0 0.194313 0.412062 0.031250 0.041667
0 0.167619 0.338140 0.031250 0.041667
0 0.072136 0.557168 0.031250 0.041667
0 0.251808 0.791254 0.031250 0.041667
0 0.116284 0.932253 0.031250 0.041667
0 0.387332 0.505148 0.031250 0.041667
0 0.409919 0.524313 0.031250 0.041667
0 0.452013 0.521576 0.031250 0.041667
0 0.479734 0.505148 0.031250 0.041667
0 0.517722 0.532527 0.031250 0.041667
0 0.546469 0.516100 0.031250 0.041667
0 0.557763 0.492828 0.031250 0.041667
0 0.547496 0.464081 0.031250 0.041667
0 0.717927 0.369625 0.031250 0.041667
0 0.617311 0.683109 0.031250 0.041667
0 0.770288 0.776196 0.031250 0.041667
0 0.888358 0.822739 0.031250 0.041667
0 0.608071 0.219043 0.031250 0.041667
0 0.559816 0.201247 0.031250 0.041667
0 0.458173 0.198509 0.031250 0.041667
0 0.340104 0.162917 0.031250 0.041667
0 0.294929 0.153335 0.031250 0.041667
0 0.290822 0.091733 0.031250 0.041667
0 0.282609 0.098578 0.031250 0.041667
0 0.350371 0.093102 0.031250 0.041667
0 0.369878 0.093102 0.031250 0.041667
0 0.214847 0.042452 0.031250 0.041667
0 0.201500 0.039714 0.031250 0.041667