0 0.200045 0.341911 0.031250 0.041667
0 0.186375 0.131606 0.031250 0.041667
0 0.201097 0.138616 0.031250 0.041667
0 0.208457 0.083937 0.031250 0.041667
0 0.262085 0.071319 0.031250 0.041667
0 0.278910 0.093751 0.031250 0.041667
0 0.290476 0.088143 0.031250 0.041667
0 0.285219 0.067112 0.031250 0.041667
0 0.454514 0.193295 0.031250 0.041667
0 0.583852 0.257789 0.031250 0.041667
0 0.391423 0.503145 0.031250 0.041667
0 0.410350 0.535391 0.031250 0.041667
0 0.519709 0.531185 0.031250 0.041667
0 0.554409 0.526979 0.031250 0.041667
0 0.568079 0.498939 0.031250 0.041667
0 0.549151 0.468094 0.031250 0.041667
0 0.788899 0.800376 0.031250 0.041667
0 0.774178 0.752707 0.031250 0.041667
0 0.347259 0.791964 0.031250 0.041667
0 0.020234 0.759717 0.031250 0.041667
0 0.558615 0.186285 0.031250 0.041667