0 0.166162 0.611617 0.031250 0.041667
0 0.142054 0.456040 0.031250 0.041667
0 0.205699 0.448325 0.031250 0.041667
0 0.272237 0.439325 0.031250 0.041667
0 0.503674 0.535757 0.031250 0.041667
0 0.393742 0.508756 0.031250 0.041667
0 0.548033 0.467612 0.031250 0.041667
0 0.640608 0.447040 0.031250 0.041667
0 0.724504 0.510042 0.031250 0.041667
0 0.725468 0.301749 0.031250 0.041667
0 0.774648 0.292749 0.031250 0.041667
0 0.801649 0.417467 0.031250 0.041667
0 0.824793 0.308178 0.031250 0.041667
0 0.283809 0.200174 0.031250 0.041667
0 0.253915 0.183459 0.031250 0.041667
0 0.227879 0.177030 0.031250 0.041667
0 0.185449 0.171887 0.031250 0.041667
0 0.230772 0.102456 0.031250 0.041667
0 0.230772 0.076741 0.031250 0.041667
0 0.272237 0.093456 0.031250 0.041667
0 0.298274 0.110171 0.031250 0.041667
0 0.324311 0.175744 0.031250 0.041667
0 0.286702 0.094741 0.031250 0.041667
0 0.338775 0.101170 0.031250 0.041667
0 0.359026 0.038168 0.031250 0.041667
0 0.345526 0.038168 0.031250 0.041667
0 0.004156 0.574330 0.031250 0.041667
0 0.287666 0.785195 0.031250 0.041667
0 0.327204 0.781337 0.031250 0.041667
0 0.368669 0.799338 0.031250 0.041667
0 0.448708 0.651476 0.031250 0.041667
0 0.384099 0.543472 0.031250 0.041667
0 0.446779 0.209174 0.031250 0.041667