0 0.178107 0.078209 0.031250 0.041667
0 0.224090 0.122606 0.031250 0.041667
0 0.236775 0.122606 0.031250 0.041667
0 0.268487 0.095122 0.031250 0.041667
0 0.279587 0.097236 0.031250 0.041667
0 0.295443 0.097236 0.031250 0.041667
0 0.336669 0.086665 0.031250 0.041667
0 0.349354 0.084551 0.031250 0.041667
0 0.195549 0.175460 0.031250 0.041667
0 0.217747 0.217744 0.031250 0.041667
0 0.241532 0.238885 0.031250 0.041667
0 0.347769 0.181803 0.031250 0.041667
0 0.373139 0.255799 0.031250 0.041667
0 0.422293 0.245228 0.031250 0.041667
0 0.442906 0.207173 0.031250 0.041667
0 0.457177 0.196602 0.031250 0.041667
0 0.377895 0.323452 0.031250 0.041667
0 0.409608 0.484128 0.031250 0.041667
0 0.400094 0.505270 0.031250 0.041667
0 0.468276 0.536982 0.031250 0.041667
0 0.526944 0.541211 0.031250 0.041667
0 0.544386 0.473558 0.031250 0.041667
0 0.482547 0.684974 0.031250 0.041667
0 0.160665 0.725143 0.031250 0.041667
0 0.205062 0.727257 0.031250 0.041667
0 0.650623 0.925989 0.031250 0.041667
0 0.760031 0.615207 0.031250 0.041667
0 0.791743 0.640577 0.031250 0.041667
0 0.883709 0.623663 0.031250 0.041667
0 0.783815 0.270598 0.031250 0.041667
0 0.883709 0.276940 0.031250 0.041667
0 0.777473 0.217744 0.031250 0.041667
0 0.696606 0.224086 0.031250 0.041667
0 0.666479 0.226200 0.031250 0.041667
0 0.630010 0.152204 0.031250 0.041667
0 0.588783 0.152204 0.031250 0.041667