0 0.185683 0.133427 0.031250 0.041667
0 0.187324 0.111545 0.031250 0.041667
0 0.221788 0.113733 0.031250 0.041667
0 0.218506 0.212201 0.031250 0.041667
0 0.441700 0.210013 0.031250 0.041667
0 0.103626 0.544805 0.031250 0.041667
0 0.113473 0.606074 0.031250 0.041667
0 0.059315 0.641085 0.031250 0.041667
0 0.205376 0.739554 0.031250 0.041667
0 0.185683 0.783317 0.031250 0.041667
0 0.315333 0.765812 0.031250 0.041667
0 0.394107 0.509794 0.031250 0.041667
0 0.415442 0.536053 0.031250 0.041667
0 0.449906 0.595134 0.031250 0.041667
0 0.438418 0.647650 0.031250 0.041667
0 0.505705 0.536053 0.031250 0.041667
0 0.541810 0.470407 0.031250 0.041667
0 0.574632 0.566687 0.031250 0.041667
0 0.502422 0.704543 0.031250 0.041667
0 0.592685 0.719860 0.031250 0.041667
0 0.651766 0.630145 0.031250 0.041667
0 0.668177 0.689225 0.031250 0.041667
0 0.733823 0.678285 0.031250 0.041667
0 0.833932 0.719860 0.031250 0.041667
0 0.753516 0.286600 0.031250 0.041667
0 0.807674 0.282223 0.031250 0.041667
0 0.756799 0.196884 0.031250 0.041667
0 0.723976 0.196884 0.031250 0.041667
0 0.666536 0.146556 0.031250 0.041667
0 0.638637 0.168438 0.031250 0.041667
0 0.600891 0.168438 0.031250 0.041667
0 0.550015 0.212201 0.031250 0.041667
0 0.628790 0.218766 0.031250 0.041667
0 0.651766 0.218766 0.031250 0.041667