0 0.034698 0.647650 0.031250 0.041667
0 0.120037 0.627956 0.031250 0.041667
0 0.128243 0.573252 0.031250 0.041667
0 0.100344 0.483536 0.031250 0.041667
0 0.128243 0.468219 0.031250 0.041667
0 0.223429 0.199072 0.031250 0.041667
0 0.231635 0.212201 0.031250 0.041667
0 0.184042 0.061217 0.031250 0.041667
0 0.305486 0.041523 0.031250 0.041667
0 0.310409 0.104980 0.031250 0.041667
0 0.320256 0.139991 0.031250 0.041667
0 0.272663 0.194696 0.031250 0.041667
0 0.359643 0.137803 0.031250 0.041667
0 0.438418 0.201260 0.031250 0.041667
0 0.449906 0.201260 0.031250 0.041667
0 0.543451 0.210013 0.031250 0.041667
0 0.628790 0.207825 0.031250 0.041667
0 0.674742 0.247212 0.031250 0.041667
0 0.725617 0.247212 0.031250 0.041667
0 0.551657 0.474783 0.031250 0.041667
0 0.508987 0.531676 0.031250 0.041667
0 0.400672 0.507606 0.031250 0.041667
0 0.408878 0.533864 0.031250 0.041667
0 0.438418 0.641085 0.031250 0.041667
0 0.436777 0.743930 0.031250 0.041667
0 0.413801 0.752683 0.031250 0.041667
0 0.379337 0.796446 0.031250 0.041667
0 0.320256 0.765812 0.031250 0.041667
0 0.246405 0.800823 0.031250 0.041667
0 0.248046 0.864280 0.031250 0.041667
0 0.466317 0.969313 0.031250 0.041667
0 0.564786 0.943055 0.031250 0.041667