0 0.187621 0.128949 0.031250 0.041667
0 0.212991 0.128949 0.031250 0.041667
0 0.274830 0.097236 0.031250 0.041667
0 0.282758 0.097236 0.031250 0.041667
0 0.290686 0.093008 0.031250 0.041667
0 0.362039 0.040154 0.031250 0.041667
0 0.335084 0.090894 0.031250 0.041667
0 0.341426 0.080323 0.031250 0.041667
0 0.292272 0.152204 0.031250 0.041667
0 0.314470 0.152204 0.031250 0.041667
0 0.243117 0.234657 0.031250 0.041667
0 0.320813 0.196602 0.031250 0.041667
0 0.358868 0.198716 0.031250 0.041667
0 0.444492 0.211401 0.031250 0.041667
0 0.457177 0.196602 0.031250 0.041667
0 0.452420 0.202944 0.031250 0.041667
0 0.198720 0.482014 0.031250 0.041667
0 0.377895 0.342479 0.031250 0.041667
0 0.070284 0.712458 0.031250 0.041667
0 0.392166 0.473558 0.031250 0.041667
0 0.392166 0.509498 0.031250 0.041667
0 0.457177 0.532754 0.031250 0.041667
0 0.520602 0.543325 0.031250 0.041667
0 0.550728 0.469329 0.031250 0.041667
0 0.439735 0.632120 0.031250 0.041667
0 0.312885 0.860450 0.031250 0.041667
0 0.577684 0.970386 0.031250 0.041667
0 0.858339 0.959815 0.031250 0.041667
0 0.718805 0.496813 0.031250 0.041667
0 0.793329 0.490471 0.031250 0.041667
0 0.934449 0.505270 0.031250 0.041667
0 0.652208 0.171232 0.031250 0.041667
0 0.720390 0.147976 0.031250 0.041667
0 0.744174 0.173346 0.031250 0.041667
0 0.769544 0.160661 0.031250 0.041667
0 0.393752 0.065524 0.031250 0.041667