0 0.048515 0.570473 0.031250 0.041667
0 0.016693 0.705478 0.031250 0.041667
0 0.212450 0.515185 0.031250 0.041667
0 0.190270 0.445754 0.031250 0.041667
0 0.395670 0.503613 0.031250 0.041667
0 0.408207 0.519042 0.031250 0.041667
0 0.453530 0.639904 0.031250 0.041667
0 0.371562 0.794195 0.031250 0.041667
0 0.305024 0.778766 0.031250 0.041667
0 0.261630 0.763337 0.031250 0.041667
0 0.593356 0.512614 0.031250 0.041667
0 0.497888 0.539614 0.031250 0.041667
0 0.547069 0.468898 0.031250 0.041667
0 0.661823 0.421325 0.031250 0.041667
0 0.728361 0.597474 0.031250 0.041667
0 0.796828 0.566615 0.031250 0.041667
0 0.811292 0.169316 0.031250 0.041667
0 0.835400 0.178316 0.031250 0.041667
0 0.630000 0.151315 0.031250 0.041667
0 0.593356 0.152601 0.031250 0.041667
0 0.610714 0.101170 0.031250 0.041667
0 0.642536 0.097313 0.031250 0.041667
0 0.283809 0.231032 0.031250 0.041667
0 0.302131 0.247747 0.031250 0.041667
0 0.355169 0.229746 0.031250 0.041667
0 0.368669 0.200174 0.031250 0.041667
0 0.444851 0.209174 0.031250 0.041667
0 0.214378 0.214317 0.031250 0.041667
0 0.189306 0.209174 0.031250 0.041667
0 0.190270 0.148743 0.031250 0.041667
0 0.183520 0.123028 0.031250 0.041667
0 0.192199 0.058740 0.031250 0.041667
0 0.207628 0.051026 0.031250 0.041667
0 0.206664 0.114028 0.031250 0.041667
0 0.260666 0.128171 0.031250 0.041667
0 0.274166 0.108885 0.031250 0.041667
0 0.287666 0.099884 0.031250 0.041667
0 0.298274 0.138457 0.031250 0.041667
0 0.305024 0.097313 0.031250 0.041667
0 0.345526 0.098599 0.031250 0.041667