0 0.205146 0.094957 0.031250 0.041667
0 0.312289 0.108185 0.031250 0.041667
0 0.330146 0.145222 0.031250 0.041667
0 0.363876 0.129349 0.031250 0.041667
0 0.300384 0.161095 0.031250 0.041667
0 0.282527 0.163740 0.031250 0.041667
0 0.205146 0.161095 0.031250 0.041667
0 0.230940 0.174322 0.031250 0.041667
0 0.211099 0.195486 0.031250 0.041667
0 0.211099 0.229878 0.031250 0.041667
0 0.312289 0.253687 0.031250 0.041667
0 0.449194 0.203423 0.031250 0.041667
0 0.169432 0.343634 0.031250 0.041667
0 0.151575 0.452100 0.031250 0.041667
0 0.242845 0.462682 0.031250 0.041667
0 0.415464 0.465327 0.031250 0.041667
0 0.383718 0.499719 0.031250 0.041667
0 0.407527 0.526174 0.031250 0.041667
0 0.482924 0.523528 0.031250 0.041667
0 0.512686 0.534110 0.031250 0.041667
0 0.562289 0.518237 0.031250 0.041667
0 0.566257 0.491782 0.031250 0.041667
0 0.546416 0.470618 0.031250 0.041667
0 0.469035 0.740460 0.031250 0.041667
0 0.425384 0.737814 0.031250 0.041667
0 0.411496 0.814534 0.031250 0.041667
0 0.377765 0.796015 0.031250 0.041667
0 0.336099 0.761624 0.031250 0.041667
0 0.304353 0.803952 0.031250 0.041667
0 0.933321 0.716650 0.031250 0.041667
0 0.764670 0.266915 0.031250 0.041667
0 0.554353 0.208714 0.031250 0.041667
0 0.570226 0.055274 0.031250 0.041667