0 0.199373 0.078687 0.031250 0.041667
0 0.185295 0.083806 0.031250 0.041667
0 0.278725 0.090632 0.031250 0.041667
0 0.292803 0.090632 0.031250 0.041667
0 0.367036 0.082100 0.031250 0.041667
0 0.228810 0.138414 0.031250 0.041667
0 0.210892 0.254455 0.031250 0.041667
0 0.233930 0.288584 0.031250 0.041667
0 0.255687 0.312475 0.031250 0.041667
0 0.303042 0.384147 0.031250 0.041667
0 0.162257 0.322714 0.031250 0.041667
0 0.441268 0.213499 0.031250 0.041667
0 0.457906 0.199847 0.031250 0.041667
0 0.381114 0.469472 0.031250 0.041667
0 0.369595 0.501895 0.031250 0.041667
0 0.447667 0.522373 0.031250 0.041667
0 0.514220 0.534318 0.031250 0.041667
0 0.546216 0.467765 0.031250 0.041667
0 0.486063 0.611110 0.031250 0.041667
0 0.292803 0.795410 0.031250 0.041667
0 0.685722 0.375615 0.031250 0.041667
0 0.738196 0.361963 0.031250 0.041667
0 0.841865 0.310769 0.031250 0.041667
0 0.846984 0.262987 0.031250 0.041667
0 0.570534 0.174250 0.031250 0.041667
0 0.637087 0.165717 0.031250 0.041667
0 0.699800 0.194728 0.031250 0.041667
0 0.663964 0.094045 0.031250 0.041667
0 0.683162 0.085513 0.031250 0.041667