0 0.223465 0.126042 0.031250 0.041667
0 0.254933 0.129538 0.031250 0.041667
0 0.268045 0.103314 0.031250 0.041667
0 0.283780 0.099818 0.031250 0.041667
0 0.302136 0.099818 0.031250 0.041667
0 0.341472 0.078839 0.031250 0.041667
0 0.355895 0.084084 0.031250 0.041667
0 0.362451 0.164503 0.031250 0.041667
0 0.442433 0.211706 0.031250 0.041667
0 0.454234 0.211706 0.031250 0.041667
0 0.367696 0.276391 0.031250 0.041667
0 0.233954 0.281636 0.031250 0.041667
0 0.265423 0.299119 0.031250 0.041667
0 0.460790 0.536881 0.031250 0.041667
0 0.525038 0.543874 0.031250 0.041667
0 0.564374 0.521147 0.031250 0.041667
0 0.585353 0.500168 0.031250 0.041667
0 0.552573 0.473944 0.031250 0.041667
0 0.332293 0.779888 0.031250 0.041667
0 0.433255 0.737930 0.031250 0.041667
0 0.498814 0.730937 0.031250 0.041667
0 0.658780 0.736182 0.031250 0.041667
0 0.778098 0.764154 0.031250 0.041667
0 0.791210 0.928489 0.031250 0.041667
0 0.808255 0.965203 0.031250 0.041667
0 0.654846 0.185482 0.031250 0.041667
0 0.363486 0.222353 0.031250 0.041667