0 0.019585 0.594902 0.031250 0.041667
0 0.006085 0.657904 0.031250 0.041667
0 0.135304 0.549901 0.031250 0.041667
0 0.112160 0.408467 0.031250 0.041667
0 0.091910 0.396895 0.031250 0.041667
0 0.162305 0.407181 0.031250 0.041667
0 0.246201 0.201460 0.031250 0.041667
0 0.280916 0.260605 0.031250 0.041667
0 0.316596 0.255461 0.031250 0.041667
0 0.332990 0.243890 0.031250 0.041667
0 0.290559 0.193745 0.031250 0.041667
0 0.259701 0.146172 0.031250 0.041667
0 0.282845 0.094741 0.031250 0.041667
0 0.310810 0.096027 0.031250 0.041667
0 0.343597 0.098599 0.031250 0.041667
0 0.216307 0.738907 0.031250 0.041667
0 0.292488 0.747908 0.031250 0.041667
0 0.303096 0.778766 0.031250 0.041667
0 0.365776 0.785195 0.031250 0.041667
0 0.453530 0.646333 0.031250 0.041667
0 0.408207 0.528043 0.031250 0.041667
0 0.397599 0.499756 0.031250 0.041667
0 0.504639 0.522900 0.031250 0.041667
0 0.602999 0.521614 0.031250 0.041667
0 0.546104 0.463755 0.031250 0.041667
0 0.697503 0.461183 0.031250 0.041667
0 0.768862 0.638618 0.031250 0.041667
0 0.880723 0.453469 0.031250 0.041667
0 0.829614 0.283748 0.031250 0.041667
0 0.774648 0.308178 0.031250 0.041667
0 0.612642 0.333893 0.031250 0.041667
0 0.646394 0.267033 0.031250 0.041667
0 0.602999 0.238747 0.031250 0.041667
0 0.585641 0.151315 0.031250 0.041667
0 0.705217 0.152601 0.031250 0.041667
0 0.741861 0.233604 0.031250 0.041667
0 0.785256 0.241318 0.031250 0.041667
0 0.396635 0.250318 0.031250 0.041667
0 0.438100 0.206603 0.031250 0.041667
0 0.452565 0.198888 0.031250 0.041667
0 0.266451 0.445754 0.031250 0.041667
0 0.584677 0.130743 0.031250 0.041667
0 0.381206 0.137172 0.031250 0.041667