0 0.811292 0.789052 0.031250 0.041667
0 0.701360 0.528043 0.031250 0.041667
0 0.590463 0.513899 0.031250 0.041667
0 0.540318 0.472755 0.031250 0.041667
0 0.504639 0.538329 0.031250 0.041667
0 0.407242 0.526757 0.031250 0.041667
0 0.384099 0.498470 0.031250 0.041667
0 0.440029 0.664333 0.031250 0.041667
0 0.401456 0.762051 0.031250 0.041667
0 0.334918 0.787766 0.031250 0.041667
0 0.229807 0.772337 0.031250 0.041667
0 0.419778 0.276034 0.031250 0.041667
0 0.443886 0.215603 0.031250 0.041667
0 0.351312 0.177030 0.031250 0.041667
0 0.347454 0.103742 0.031250 0.041667
0 0.308882 0.085741 0.031250 0.041667
0 0.283809 0.092170 0.031250 0.041667
0 0.190270 0.084455 0.031250 0.041667
0 0.191234 0.103742 0.031250 0.041667
0 0.581784 0.133314 0.031250 0.041667
0 0.623250 0.134600 0.031250 0.041667
0 0.626143 0.256747 0.031250 0.041667
0 0.664716 0.272176 0.031250 0.041667
0 0.711003 0.278605 0.031250 0.041667
0 0.853722 0.355751 0.031250 0.041667
0 0.901938 0.369894 0.031250 0.041667
0 0.913510 0.594902 0.031250 0.041667
0 0.957869 0.596188 0.031250 0.041667