0 0.129518 0.602617 0.031250 0.041667
0 0.082266 0.564044 0.031250 0.041667
0 0.250058 0.398181 0.031250 0.041667
0 0.220164 0.309463 0.031250 0.041667
0 0.170019 0.301749 0.031250 0.041667
0 0.278988 0.245175 0.031250 0.041667
0 0.253915 0.201460 0.031250 0.041667
0 0.309846 0.201460 0.031250 0.041667
0 0.322382 0.187316 0.031250 0.041667
0 0.347454 0.170601 0.031250 0.041667
0 0.359026 0.191173 0.031250 0.041667
0 0.387956 0.193745 0.031250 0.041667
0 0.388920 0.295320 0.031250 0.041667
0 0.382170 0.276034 0.031250 0.041667
0 0.448708 0.215603 0.031250 0.041667
0 0.381206 0.507470 0.031250 0.041667
0 0.416885 0.488184 0.031250 0.041667
0 0.414957 0.531900 0.031250 0.041667
0 0.478602 0.576902 0.031250 0.041667
0 0.528747 0.705478 0.031250 0.041667
0 0.278988 0.760765 0.031250 0.041667
0 0.646394 0.174459 0.031250 0.041667
0 0.814185 0.186030 0.031250 0.041667
0 0.542247 0.472755 0.031250 0.041667
0 0.504639 0.538329 0.031250 0.041667
0 0.304060 0.094741 0.031250 0.041667
0 0.288631 0.096027 0.031250 0.041667
0 0.341668 0.096027 0.031250 0.041667
0 0.208592 0.107599 0.031250 0.041667
0 0.189306 0.072884 0.031250 0.041667
0 0.195092 0.057454 0.031250 0.041667
0 0.442922 0.332607 0.031250 0.041667
0 0.403385 0.506185 0.031250 0.041667