0 0.833063 0.787757 0.031250 0.041667
0 0.816239 0.765325 0.031250 0.041667
0 0.840424 0.616709 0.031250 0.041667
0 0.938216 0.592875 0.031250 0.041667
0 0.725808 0.570442 0.031250 0.041667
0 0.675334 0.528381 0.031250 0.041667
0 0.543894 0.470898 0.031250 0.041667
0 0.560718 0.496135 0.031250 0.041667
0 0.551254 0.522773 0.031250 0.041667
0 0.511296 0.532587 0.031250 0.041667
0 0.405093 0.532587 0.031250 0.041667
0 0.393526 0.507351 0.031250 0.041667
0 0.417711 0.483516 0.031250 0.041667
0 0.315713 0.814396 0.031250 0.041667
0 0.174809 0.458280 0.031250 0.041667
0 0.236849 0.476506 0.031250 0.041667
0 0.724756 0.245171 0.031250 0.041667
0 0.742632 0.238160 0.031250 0.041667
0 0.626964 0.254985 0.031250 0.041667
0 0.633273 0.247975 0.031250 0.041667
0 0.695313 0.169461 0.031250 0.041667
0 0.707932 0.134410 0.031250 0.041667
0 0.738426 0.175069 0.031250 0.041667
0 0.348310 0.249377 0.031250 0.041667
0 0.379856 0.240965 0.031250 0.041667
0 0.332537 0.306860 0.031250 0.041667
0 0.414556 0.226944 0.031250 0.041667
0 0.447153 0.207316 0.031250 0.041667
0 0.392474 0.175069 0.031250 0.041667
0 0.271549 0.228346 0.031250 0.041667
0 0.269446 0.259191 0.031250 0.041667
0 0.232642 0.232552 0.031250 0.041667
0 0.218973 0.257789 0.031250 0.041667
0 0.235797 0.191893 0.031250 0.041667
0 0.193736 0.128802 0.031250 0.041667
0 0.252621 0.120390 0.031250 0.041667
0 0.234745 0.065710 0.031250 0.041667
0 0.272600 0.092349 0.031250 0.041667
0 0.291528 0.095153 0.031250 0.041667
0 0.286270 0.118988 0.031250 0.041667
0 0.327280 0.088143 0.031250 0.041667
0 0.354619 0.113380 0.031250 0.041667
0 0.348310 0.086741 0.031250 0.041667
0 0.363032 0.083937 0.031250 0.041667
0 0.345156 0.037670 0.031250 0.041667
0 0.372495 0.043278 0.031250 0.041667
0 0.384062 0.099359 0.031250 0.041667