0 0.269344 0.286320 0.031250 0.041667
0 0.317560 0.128171 0.031250 0.041667
0 0.311774 0.088313 0.031250 0.041667
0 0.340704 0.101170 0.031250 0.041667
0 0.342633 0.124314 0.031250 0.041667
0 0.282845 0.093456 0.031250 0.041667
0 0.236558 0.164172 0.031250 0.041667
0 0.451601 0.207888 0.031250 0.041667
0 0.513317 0.528043 0.031250 0.041667
0 0.545140 0.470183 0.031250 0.041667
0 0.594320 0.503613 0.031250 0.041667
0 0.458351 0.569187 0.031250 0.041667
0 0.387956 0.504899 0.031250 0.041667
0 0.276095 0.781337 0.031250 0.041667
0 0.321418 0.746622 0.031250 0.041667
0 0.359991 0.794195 0.031250 0.041667
0 0.450637 0.647618 0.031250 0.041667
0 0.751504 0.566615 0.031250 0.041667
0 0.767898 0.609046 0.031250 0.041667
0 0.741861 0.907342 0.031250 0.041667
0 0.886509 0.826339 0.031250 0.041667
0 0.950154 0.795481 0.031250 0.041667
0 0.901938 0.575616 0.031250 0.041667
0 0.818043 0.371180 0.031250 0.041667
0 0.761148 0.373751 0.031250 0.041667