0 0.021514 0.669476 0.031250 0.041667
0 0.145911 0.529328 0.031250 0.041667
0 0.391813 0.501042 0.031250 0.041667
0 0.177734 0.459897 0.031250 0.041667
0 0.402421 0.529328 0.031250 0.041667
0 0.446779 0.589759 0.031250 0.041667
0 0.457387 0.629618 0.031250 0.041667
0 0.508496 0.531900 0.031250 0.041667
0 0.544176 0.466326 0.031250 0.041667
0 0.552855 0.785195 0.031250 0.041667
0 0.539354 0.954915 0.031250 0.041667
0 0.612642 0.936914 0.031250 0.041667
0 0.374455 0.789052 0.031250 0.041667
0 0.308882 0.759479 0.031250 0.041667
0 0.275130 0.796767 0.031250 0.041667
0 0.705217 0.305606 0.031250 0.041667
0 0.731254 0.297892 0.031250 0.041667
0 0.751504 0.291463 0.031250 0.041667
0 0.753433 0.215603 0.031250 0.041667
0 0.701360 0.206603 0.031250 0.041667
0 0.614571 0.177030 0.031250 0.041667
0 0.593356 0.183459 0.031250 0.041667
0 0.597213 0.168030 0.031250 0.041667
0 0.410135 0.254176 0.031250 0.041667
0 0.444851 0.209174 0.031250 0.041667
0 0.339740 0.102456 0.031250 0.041667
0 0.306953 0.094741 0.031250 0.041667
0 0.288631 0.237461 0.031250 0.041667
0 0.258737 0.218174 0.031250 0.041667
0 0.241379 0.214317 0.031250 0.041667
0 0.216307 0.170601 0.031250 0.041667
0 0.212450 0.236175 0.031250 0.041667
0 0.213414 0.038168 0.031250 0.041667
0 0.348419 0.036882 0.031250 0.041667
0 0.333954 0.036882 0.031250 0.041667
0 0.822864 0.985773 0.031250 0.041667