0 0.255776 0.358735 0.031250 0.041667
0 0.218973 0.131606 0.031250 0.041667
0 0.247364 0.133008 0.031250 0.041667
0 0.257879 0.121792 0.031250 0.041667
0 0.278910 0.110575 0.031250 0.041667
0 0.309404 0.116184 0.031250 0.041667
0 0.328331 0.109173 0.031250 0.041667
0 0.340949 0.114782 0.031250 0.041667
0 0.367238 0.161049 0.031250 0.041667
0 0.327280 0.182079 0.031250 0.041667
0 0.312558 0.186285 0.031250 0.041667
0 0.450308 0.214326 0.031250 0.041667
0 0.393526 0.501743 0.031250 0.041667
0 0.412453 0.517165 0.031250 0.041667
0 0.443999 0.515763 0.031250 0.041667
0 0.517606 0.529783 0.031250 0.041667
0 0.552306 0.525577 0.031250 0.041667
0 0.560718 0.490526 0.031250 0.041667
0 0.541791 0.462486 0.031250 0.041667
0 0.757353 0.836829 0.031250 0.041667
0 0.554409 0.186285 0.031250 0.041667
0 0.431381 0.800376 0.031250 0.041667
0 0.337795 0.829818 0.031250 0.041667
0 0.310455 0.783551 0.031250 0.041667
0 0.263137 0.960207 0.031250 0.041667
0 0.373547 0.102163 0.031250 0.041667