0 0.436777 0.210013 0.031250 0.041667
0 0.448265 0.203449 0.031250 0.041667
0 0.540169 0.216578 0.031250 0.041667
0 0.568068 0.192508 0.031250 0.041667
0 0.336667 0.107169 0.031250 0.041667
0 0.308768 0.094039 0.031250 0.041667
0 0.307127 0.153120 0.031250 0.041667
0 0.256252 0.113733 0.031250 0.041667
0 0.238199 0.113733 0.031250 0.041667
0 0.200453 0.069969 0.031250 0.041667
0 0.261175 0.039335 0.031250 0.041667
0 0.339950 0.273471 0.031250 0.041667
0 0.426930 0.255965 0.031250 0.041667
0 0.197171 0.350057 0.031250 0.041667
0 0.220147 0.398197 0.031250 0.041667
0 0.185683 0.404762 0.031250 0.041667
0 0.159425 0.402573 0.031250 0.041667
0 0.106908 0.608263 0.031250 0.041667
0 0.079009 0.614827 0.031250 0.041667
0 0.072444 0.652026 0.031250 0.041667
0 0.220147 0.630145 0.031250 0.041667
0 0.207018 0.739554 0.031250 0.041667
0 0.221788 0.765812 0.031250 0.041667
0 0.330103 0.827081 0.031250 0.041667
0 0.351438 0.781129 0.031250 0.041667
0 0.412160 0.803011 0.031250 0.041667
0 0.440059 0.713295 0.031250 0.041667
0 0.477805 0.746118 0.031250 0.041667
0 0.443341 0.638897 0.031250 0.041667
0 0.512269 0.531676 0.031250 0.041667
0 0.415442 0.516359 0.031250 0.041667
0 0.382619 0.505418 0.031250 0.041667
0 0.553298 0.468219 0.031250 0.041667
0 0.888090 0.938678 0.031250 0.041667
0 0.835573 0.479160 0.031250 0.041667
0 0.751875 0.304105 0.031250 0.041667
0 0.799468 0.312858 0.031250 0.041667
0 0.641919 0.225331 0.031250 0.041667
0 0.702641 0.181567 0.031250 0.041667
0 0.755158 0.183755 0.031250 0.041667
0 0.787980 0.168438 0.031250 0.041667
0 0.815880 0.185943 0.031250 0.041667