0 0.207542 0.118442 0.031250 0.041667
0 0.199681 0.175046 0.031250 0.041667
0 0.216976 0.172949 0.031250 0.041667
0 0.286159 0.126828 0.031250 0.041667
0 0.273580 0.091188 0.031250 0.041667
0 0.281442 0.091188 0.031250 0.041667
0 0.358486 0.086996 0.031250 0.041667
0 0.369492 0.149889 0.031250 0.041667
0 0.331756 0.154081 0.031250 0.041667
0 0.261001 0.229553 0.031250 0.041667
0 0.220121 0.307121 0.031250 0.041667
0 0.259429 0.305025 0.031250 0.041667
0 0.331756 0.288253 0.031250 0.041667
0 0.369492 0.258903 0.031250 0.041667
0 0.440247 0.277771 0.031250 0.041667
0 0.438674 0.185528 0.031250 0.041667
0 0.125781 0.430811 0.031250 0.041667
0 0.199681 0.753662 0.031250 0.041667
0 0.275152 0.766241 0.031250 0.041667
0 0.504712 0.653033 0.031250 0.041667
0 0.551882 0.468547 0.031250 0.041667
0 0.674523 0.290350 0.031250 0.041667
0 0.768863 0.231650 0.031250 0.041667
0 0.808171 0.246325 0.031250 0.041667