0 0.007049 0.646333 0.031250 0.041667
0 0.006085 0.520328 0.031250 0.041667
0 0.005121 0.466326 0.031250 0.041667
0 0.054301 0.506185 0.031250 0.041667
0 0.161341 0.494613 0.031250 0.041667
0 0.197985 0.481755 0.031250 0.041667
0 0.143018 0.616760 0.031250 0.041667
0 0.303096 0.746622 0.031250 0.041667
0 0.325275 0.777480 0.031250 0.041667
0 0.368669 0.781337 0.031250 0.041667
0 0.438100 0.561472 0.031250 0.041667
0 0.446779 0.634761 0.031250 0.041667
0 0.403385 0.526757 0.031250 0.041667
0 0.386027 0.502327 0.031250 0.041667
0 0.270309 0.404610 0.031250 0.041667
0 0.187377 0.408467 0.031250 0.041667
0 0.392777 0.310749 0.031250 0.041667
0 0.372527 0.179602 0.031250 0.041667
0 0.342633 0.196316 0.031250 0.041667
0 0.322382 0.198888 0.031250 0.041667
0 0.288631 0.198888 0.031250 0.041667
0 0.278988 0.166744 0.031250 0.041667
0 0.252951 0.174459 0.031250 0.041667
0 0.249094 0.224603 0.031250 0.041667
0 0.184484 0.159029 0.031250 0.041667
0 0.280916 0.097313 0.031250 0.041667
0 0.306953 0.096027 0.031250 0.041667
0 0.341668 0.094741 0.031250 0.041667
0 0.589499 0.130743 0.031250 0.041667
0 0.645429 0.223317 0.031250 0.041667
0 0.657965 0.267033 0.031250 0.041667
0 0.652180 0.247747 0.031250 0.041667
0 0.712932 0.285034 0.031250 0.041667
0 0.733182 0.305606 0.031250 0.041667
0 0.775612 0.303035 0.031250 0.041667
0 0.823829 0.281177 0.031250 0.041667
0 0.831543 0.340322 0.031250 0.041667
0 0.824793 0.394324 0.031250 0.041667
0 0.890367 0.335179 0.031250 0.041667
0 0.609749 0.521614 0.031250 0.041667
0 0.547069 0.474041 0.031250 0.041667
0 0.500781 0.529328 0.031250 0.041667
0 0.761148 0.588473 0.031250 0.041667
0 0.806471 0.403324 0.031250 0.041667