0 0.212991 0.084551 0.031250 0.041667
0 0.276415 0.093008 0.031250 0.041667
0 0.287515 0.093008 0.031250 0.041667
0 0.298614 0.088780 0.031250 0.041667
0 0.336669 0.082437 0.031250 0.041667
0 0.355697 0.082437 0.031250 0.041667
0 0.369967 0.202944 0.031250 0.041667
0 0.330327 0.196602 0.031250 0.041667
0 0.243117 0.179689 0.031250 0.041667
0 0.228847 0.200830 0.031250 0.041667
0 0.251046 0.226200 0.031250 0.041667
0 0.260559 0.243114 0.031250 0.041667
0 0.201891 0.213515 0.031250 0.041667
0 0.211405 0.329794 0.031250 0.041667
0 0.225676 0.226200 0.031250 0.041667
0 0.622081 0.194488 0.031250 0.041667
0 0.653794 0.190259 0.031250 0.041667
0 0.625253 0.754741 0.031250 0.041667
0 0.552314 0.742056 0.031250 0.041667
0 0.282758 0.750513 0.031250 0.041667
0 0.212991 0.746285 0.031250 0.041667
0 0.174936 0.678632 0.031250 0.041667
0 0.094069 0.672289 0.031250 0.041667
0 0.016373 0.672289 0.031250 0.041667
0 0.547557 0.465101 0.031250 0.041667