0 0.249467 0.081133 0.031250 0.041667
0 0.234745 0.085339 0.031250 0.041667
0 0.223179 0.075525 0.031250 0.041667
0 0.281013 0.075525 0.031250 0.041667
0 0.200045 0.107771 0.031250 0.041667
0 0.190581 0.089545 0.031250 0.041667
0 0.240003 0.203110 0.031250 0.041667
0 0.287322 0.183481 0.031250 0.041667
0 0.296785 0.124596 0.031250 0.041667
0 0.320971 0.124596 0.031250 0.041667
0 0.375650 0.141420 0.031250 0.041667
0 0.469236 0.198904 0.031250 0.041667
0 0.714241 0.127400 0.031250 0.041667
0 0.724756 0.162451 0.031250 0.041667
0 0.554409 0.189089 0.031250 0.041667
0 0.428226 0.535391 0.031250 0.041667
0 0.396680 0.531185 0.031250 0.041667
0 0.366186 0.514361 0.031250 0.041667
0 0.513400 0.531185 0.031250 0.041667
0 0.554409 0.515763 0.031250 0.041667
0 0.561770 0.493330 0.031250 0.041667
0 0.551254 0.482114 0.031250 0.041667
0 0.830960 0.702233 0.031250 0.041667
0 0.421917 0.790561 0.031250 0.041667
0 0.356722 0.817200 0.031250 0.041667
0 0.317816 0.775139 0.031250 0.041667
0 0.031801 0.925157 0.031250 0.041667