0 0.275583 0.097603 0.031250 0.041667
0 0.295424 0.094957 0.031250 0.041667
0 0.192974 0.073567 0.031250 0.041667
0 0.196814 0.153772 0.031250 0.041667
0 0.439988 0.218618 0.031250 0.041667
0 0.454066 0.204967 0.031250 0.041667
0 0.365756 0.082100 0.031250 0.041667
0 0.616609 0.146946 0.031250 0.041667
0 0.635807 0.087219 0.031250 0.041667
0 0.565414 0.073567 0.031250 0.041667
0 0.667803 0.080393 0.031250 0.041667
0 0.701080 0.167424 0.031250 0.041667
0 0.565414 0.170837 0.031250 0.041667
0 0.829066 0.276639 0.031250 0.041667
0 0.790670 0.409745 0.031250 0.041667
0 0.703640 0.433636 0.031250 0.041667
0 0.541097 0.464352 0.031250 0.041667
0 0.505261 0.529199 0.031250 0.041667
0 0.436148 0.522373 0.031250 0.041667
0 0.383674 0.476298 0.031250 0.041667
0 0.383674 0.488243 0.031250 0.041667
0 0.500141 0.626468 0.031250 0.041667
0 0.214732 0.774932 0.031250 0.041667
0 0.312001 0.421690 0.031250 0.041667
0 0.263367 0.351724 0.031250 0.041667
0 0.224971 0.319301 0.031250 0.041667
0 0.184015 0.302236 0.031250 0.041667
0 0.143059 0.363670 0.031250 0.041667