0 0.314667 0.177030 0.031250 0.041667
0 0.355169 0.175744 0.031250 0.041667
0 0.342633 0.105028 0.031250 0.041667
0 0.305024 0.096027 0.031250 0.041667
0 0.281881 0.093456 0.031250 0.041667
0 0.206664 0.051026 0.031250 0.041667
0 0.187377 0.038168 0.031250 0.041667
0 0.238486 0.429039 0.031250 0.041667
0 0.312739 0.438039 0.031250 0.041667
0 0.408207 0.474041 0.031250 0.041667
0 0.396635 0.512614 0.031250 0.041667
0 0.414957 0.526757 0.031250 0.041667
0 0.507531 0.534471 0.031250 0.041667
0 0.580820 0.498470 0.031250 0.041667
0 0.539354 0.462469 0.031250 0.041667
0 0.487281 0.583330 0.031250 0.041667
0 0.567319 0.857197 0.031250 0.041667
0 0.895188 0.742765 0.031250 0.041667
0 0.949190 0.724764 0.031250 0.041667
0 0.305024 0.760765 0.031250 0.041667
0 0.172912 0.672048 0.031250 0.041667
0 0.200878 0.598759 0.031250 0.041667
0 0.043693 0.603902 0.031250 0.041667
0 0.452565 0.207888 0.031250 0.041667
0 0.393742 0.043311 0.031250 0.041667
0 0.412064 0.039454 0.031250 0.041667