0 0.220919 0.131063 0.031250 0.041667
0 0.274830 0.090894 0.031250 0.041667
0 0.284344 0.090894 0.031250 0.041667
0 0.297029 0.090894 0.031250 0.041667
0 0.219333 0.173346 0.031250 0.041667
0 0.262145 0.145862 0.031250 0.041667
0 0.293857 0.133177 0.031250 0.041667
0 0.322399 0.133177 0.031250 0.041667
0 0.339840 0.088780 0.031250 0.041667
0 0.344597 0.078209 0.031250 0.041667
0 0.412779 0.209287 0.031250 0.041667
0 0.430221 0.188145 0.031250 0.041667
0 0.463519 0.200830 0.031250 0.041667
0 0.371553 0.124720 0.031250 0.041667
0 0.626838 0.177574 0.031250 0.041667
0 0.675993 0.183917 0.031250 0.041667
0 0.232018 0.403790 0.031250 0.041667
0 0.552314 0.469329 0.031250 0.041667
0 0.460348 0.803367 0.031250 0.041667
0 0.733075 0.361507 0.031250 0.041667
0 0.771130 0.359393 0.031250 0.041667