0 0.110666 0.541000 0.031250 0.041667
0 0.235797 0.402198 0.031250 0.041667
0 0.307301 0.427435 0.031250 0.041667
0 0.408247 0.525577 0.031250 0.041667
0 0.395629 0.505949 0.031250 0.041667
0 0.417711 0.484918 0.031250 0.041667
0 0.510245 0.535391 0.031250 0.041667
0 0.554409 0.518567 0.031250 0.041667
0 0.563873 0.489124 0.031250 0.041667
0 0.538636 0.459682 0.031250 0.041667
0 0.392474 0.762521 0.031250 0.041667
0 0.359877 0.811592 0.031250 0.041667
0 0.311507 0.789159 0.031250 0.041667
0 0.467132 0.692419 0.031250 0.041667
0 0.682695 0.334901 0.031250 0.041667
0 0.704777 0.311066 0.031250 0.041667
0 0.693210 0.118988 0.031250 0.041667
0 0.300992 0.238160 0.031250 0.041667
0 0.269446 0.236758 0.031250 0.041667
0 0.249467 0.224140 0.031250 0.041667
0 0.237900 0.190491 0.031250 0.041667
0 0.256828 0.175069 0.031250 0.041667
0 0.208457 0.187687 0.031250 0.041667
0 0.184272 0.116184 0.031250 0.041667
0 0.204251 0.096555 0.031250 0.041667
0 0.231591 0.123194 0.031250 0.041667
0 0.276806 0.096555 0.031250 0.041667
0 0.291528 0.086741 0.031250 0.041667
0 0.312558 0.097957 0.031250 0.041667
0 0.326228 0.092349 0.031250 0.041667
0 0.367238 0.086741 0.031250 0.041667
0 0.383010 0.089545 0.031250 0.041667
0 0.557564 0.205914 0.031250 0.041667