0 0.184129 0.094573 0.031250 0.041667
0 0.211664 0.091077 0.031250 0.041667
0 0.308692 0.094573 0.031250 0.041667
0 0.349339 0.082335 0.031250 0.041667
0 0.344094 0.073594 0.031250 0.041667
0 0.363762 0.080587 0.031250 0.041667
0 0.212975 0.162755 0.031250 0.041667
0 0.275912 0.243175 0.031250 0.041667
0 0.324426 0.244923 0.031250 0.041667
0 0.443745 0.209958 0.031250 0.041667
0 0.454234 0.209958 0.031250 0.041667
0 0.054321 0.456461 0.031250 0.041667
0 0.108080 0.470447 0.031250 0.041667
0 0.211664 0.774643 0.031250 0.041667
0 0.388675 0.503664 0.031250 0.041667
0 0.408342 0.536881 0.031250 0.041667
0 0.464724 0.533384 0.031250 0.041667
0 0.510615 0.538629 0.031250 0.041667
0 0.559129 0.524643 0.031250 0.041667
0 0.591909 0.500168 0.031250 0.041667
0 0.548640 0.465203 0.031250 0.041667
0 0.707293 0.461706 0.031250 0.041667