0 0.470287 0.779345 0.031250 0.041667
0 0.457669 0.700831 0.031250 0.041667
0 0.405093 0.528381 0.031250 0.041667
0 0.404041 0.504547 0.031250 0.041667
0 0.412453 0.479310 0.031250 0.041667
0 0.338846 0.197502 0.031250 0.041667
0 0.306249 0.169461 0.031250 0.041667
0 0.284167 0.169461 0.031250 0.041667
0 0.235797 0.090947 0.031250 0.041667
0 0.277858 0.096555 0.031250 0.041667
0 0.286270 0.089545 0.031250 0.041667
0 0.315713 0.095153 0.031250 0.041667
0 0.334640 0.093751 0.031250 0.041667
0 0.364083 0.086741 0.031250 0.041667
0 0.373547 0.090947 0.031250 0.041667
0 0.453463 0.217130 0.031250 0.041667
0 0.619604 0.204512 0.031250 0.041667
0 0.660613 0.204512 0.031250 0.041667
0 0.671128 0.228346 0.031250 0.041667
0 0.700571 0.218532 0.031250 0.041667
0 0.781538 0.218532 0.031250 0.041667
0 0.789951 0.204512 0.031250 0.041667
0 0.795208 0.406404 0.031250 0.041667
0 0.828857 0.434445 0.031250 0.041667
0 0.721601 0.420425 0.031250 0.041667
0 0.681644 0.458280 0.031250 0.041667
0 0.543894 0.473702 0.031250 0.041667
0 0.560718 0.501743 0.031250 0.041667
0 0.545997 0.526979 0.031250 0.041667
0 0.509193 0.539598 0.031250 0.041667