0 0.192260 0.209461 0.031250 0.041667
0 0.256941 0.208092 0.031250 0.041667
0 0.264128 0.177975 0.031250 0.041667
0 0.288769 0.175237 0.031250 0.041667
0 0.273369 0.105422 0.031250 0.041667
0 0.288769 0.098578 0.031250 0.041667
0 0.332917 0.138276 0.031250 0.041667
0 0.389385 0.184820 0.031250 0.041667
0 0.415052 0.197140 0.031250 0.041667
0 0.439693 0.214936 0.031250 0.041667
0 0.461254 0.201247 0.031250 0.041667
0 0.361664 0.090364 0.031250 0.041667
0 0.403759 0.472294 0.031250 0.041667
0 0.389385 0.499673 0.031250 0.041667
0 0.448933 0.525682 0.031250 0.041667
0 0.495134 0.532527 0.031250 0.041667
0 0.542362 0.462712 0.031250 0.041667
0 0.653245 0.417537 0.031250 0.041667
0 0.694313 0.423013 0.031250 0.041667
0 0.785689 0.431226 0.031250 0.041667
0 0.872958 0.427120 0.031250 0.041667
0 0.728194 0.138276 0.031250 0.041667
0 0.694313 0.139645 0.031250 0.041667
0 0.570083 0.120480 0.031250 0.041667
0 0.550576 0.177975 0.031250 0.041667
0 0.713820 0.093102 0.031250 0.041667
0 0.667619 0.721439 0.031250 0.041667
0 0.479734 0.611925 0.031250 0.041667
0 0.166592 0.800836 0.031250 0.041667