0 0.228847 0.044382 0.031250 0.041667
0 0.278001 0.086665 0.031250 0.041667
0 0.287515 0.095122 0.031250 0.041667
0 0.297029 0.088780 0.031250 0.041667
0 0.333498 0.088780 0.031250 0.041667
0 0.352525 0.088780 0.031250 0.041667
0 0.239946 0.152204 0.031250 0.041667
0 0.263731 0.141634 0.031250 0.041667
0 0.217747 0.266369 0.031250 0.041667
0 0.266902 0.262141 0.031250 0.041667
0 0.328741 0.255799 0.031250 0.041667
0 0.362039 0.255799 0.031250 0.041667
0 0.622081 0.264255 0.031250 0.041667
0 0.658551 0.236771 0.031250 0.041667
0 0.550728 0.475672 0.031250 0.041667
0 0.032229 0.526412 0.031250 0.041667
0 0.155908 0.619435 0.031250 0.041667
0 0.216162 0.739942 0.031250 0.041667
0 0.278001 0.742056 0.031250 0.041667
0 0.672821 0.875249 0.031250 0.041667
0 0.802843 0.864678 0.031250 0.041667
0 0.842483 0.974615 0.031250 0.041667
0 0.769544 0.980957 0.031250 0.041667