0 0.205146 0.089666 0.031250 0.041667
0 0.236892 0.089666 0.031250 0.041667
0 0.310305 0.102894 0.031250 0.041667
0 0.375781 0.155804 0.031250 0.041667
0 0.324194 0.155804 0.031250 0.041667
0 0.344035 0.214005 0.031250 0.041667
0 0.443242 0.208714 0.031250 0.041667
0 0.455146 0.208714 0.031250 0.041667
0 0.236892 0.237814 0.031250 0.041667
0 0.193242 0.229878 0.031250 0.041667
0 0.248797 0.274851 0.031250 0.041667
0 0.274591 0.303952 0.031250 0.041667
0 0.207130 0.309243 0.031250 0.041667
0 0.040464 0.605539 0.031250 0.041667
0 0.028559 0.690195 0.031250 0.041667
0 0.056337 0.706068 0.031250 0.041667
0 0.139670 0.600248 0.031250 0.041667
0 0.103956 0.518237 0.031250 0.041667
0 0.217051 0.579084 0.031250 0.041667
0 0.262686 0.605539 0.031250 0.041667
0 0.230940 0.658449 0.031250 0.041667
0 0.304353 0.785433 0.031250 0.041667
0 0.328162 0.766915 0.031250 0.041667
0 0.373797 0.785433 0.031250 0.041667
0 0.349988 0.796015 0.031250 0.041667
0 0.417448 0.751042 0.031250 0.041667
0 0.445226 0.740460 0.031250 0.041667
0 0.393638 0.505010 0.031250 0.041667
0 0.407527 0.536756 0.031250 0.041667
0 0.554353 0.526174 0.031250 0.041667
0 0.572210 0.499719 0.031250 0.041667
0 0.554353 0.457391 0.031250 0.041667
0 0.552369 0.203423 0.031250 0.041667
0 0.580146 0.116121 0.031250 0.041667
0 0.590067 0.108185 0.031250 0.041667
0 0.609908 0.163740 0.031250 0.041667
0 0.681337 0.192841 0.031250 0.041667
0 0.713083 0.192841 0.031250 0.041667
0 0.760702 0.348925 0.031250 0.041667
0 0.724988 0.364798 0.031250 0.041667