0 0.197171 0.131239 0.031250 0.041667
0 0.305486 0.091851 0.031250 0.041667
0 0.448265 0.203449 0.031250 0.041667
0 0.456471 0.210013 0.031250 0.041667
0 0.274304 0.273471 0.031250 0.041667
0 0.307127 0.273471 0.031250 0.041667
0 0.376055 0.304105 0.031250 0.041667
0 0.185683 0.328175 0.031250 0.041667
0 0.394107 0.509794 0.031250 0.041667
0 0.415442 0.533864 0.031250 0.041667
0 0.502422 0.538241 0.031250 0.041667
0 0.540169 0.472595 0.031250 0.041667
0 0.679665 0.575440 0.031250 0.041667
0 0.783057 0.684849 0.031250 0.041667
0 0.812597 0.597322 0.031250 0.041667
0 0.438418 0.630145 0.031250 0.041667
0 0.433495 0.737366 0.031250 0.041667
0 0.382619 0.794258 0.031250 0.041667
0 0.348155 0.862092 0.031250 0.041667
0 0.323538 0.794258 0.031250 0.041667
0 0.287433 0.816140 0.031250 0.041667
0 0.218506 0.739554 0.031250 0.041667
0 0.215223 0.689225 0.031250 0.041667
0 0.165989 0.557934 0.031250 0.041667
0 0.124961 0.619204 0.031250 0.041667
0 0.044545 0.630145 0.031250 0.041667
0 0.015004 0.700166 0.031250 0.041667
0 0.541810 0.218766 0.031250 0.041667
0 0.559862 0.185943 0.031250 0.041667