0 0.098660 0.641190 0.031250 0.041667
0 0.143983 0.666905 0.031250 0.041667
0 0.277059 0.763337 0.031250 0.041667
0 0.326239 0.799338 0.031250 0.041667
0 0.412064 0.750479 0.031250 0.041667
0 0.407242 0.534471 0.031250 0.041667
0 0.396635 0.507470 0.031250 0.041667
0 0.448708 0.642475 0.031250 0.041667
0 0.505603 0.540900 0.031250 0.041667
0 0.590463 0.515185 0.031250 0.041667
0 0.547069 0.471469 0.031250 0.041667
0 0.684002 0.661762 0.031250 0.041667
0 0.773684 0.668190 0.031250 0.041667
0 0.698467 0.241318 0.031250 0.041667
0 0.745719 0.237461 0.031250 0.041667
0 0.669537 0.150029 0.031250 0.041667
0 0.646394 0.137172 0.031250 0.041667
0 0.602999 0.171887 0.031250 0.041667
0 0.581784 0.170601 0.031250 0.041667
0 0.336847 0.227175 0.031250 0.041667
0 0.307917 0.233604 0.031250 0.041667
0 0.304060 0.178316 0.031250 0.041667
0 0.277059 0.187316 0.031250 0.041667
0 0.239450 0.175744 0.031250 0.041667
0 0.223057 0.224603 0.031250 0.041667
0 0.184484 0.108885 0.031250 0.041667
0 0.218235 0.081884 0.031250 0.041667
0 0.242343 0.081884 0.031250 0.041667
0 0.187377 0.161601 0.031250 0.041667
0 0.290559 0.098599 0.031250 0.041667
0 0.311774 0.097313 0.031250 0.041667
0 0.345526 0.097313 0.031250 0.041667
0 0.442922 0.211746 0.031250 0.041667
0 0.446779 0.585902 0.031250 0.041667