0 0.032853 0.541000 0.031250 0.041667
0 0.090687 0.552216 0.031250 0.041667
0 0.173757 0.445661 0.031250 0.041667
0 0.290476 0.261995 0.031250 0.041667
0 0.244209 0.246573 0.031250 0.041667
0 0.177963 0.294242 0.031250 0.041667
0 0.359877 0.376962 0.031250 0.041667
0 0.376701 0.294242 0.031250 0.041667
0 0.417711 0.311066 0.031250 0.041667
0 0.510245 0.538196 0.031250 0.041667
0 0.397732 0.505949 0.031250 0.041667
0 0.411402 0.525577 0.031250 0.041667
0 0.373547 0.413415 0.031250 0.041667
0 0.548100 0.522773 0.031250 0.041667
0 0.569130 0.501743 0.031250 0.041667
0 0.533379 0.470898 0.031250 0.041667
0 0.229488 0.707842 0.031250 0.041667
0 0.336743 0.793366 0.031250 0.041667
0 0.408247 0.822808 0.031250 0.041667
0 0.434535 0.780747 0.031250 0.041667
0 0.690056 0.891508 0.031250 0.041667
0 0.774178 0.782149 0.031250 0.041667
0 0.625913 0.292840 0.031250 0.041667
0 0.649046 0.323684 0.031250 0.041667
0 0.692159 0.337705 0.031250 0.041667
0 0.685850 0.311066 0.031250 0.041667
0 0.679540 0.225542 0.031250 0.041667
0 0.693210 0.205914 0.031250 0.041667
0 0.694262 0.187687 0.031250 0.041667
0 0.719498 0.176471 0.031250 0.041667
0 0.757353 0.152636 0.031250 0.041667
0 0.793105 0.210120 0.031250 0.041667
0 0.796260 0.245171 0.031250 0.041667
0 0.845681 0.249377 0.031250 0.041667
0 0.348310 0.193295 0.031250 0.041667
0 0.376701 0.177873 0.031250 0.041667
0 0.453463 0.196100 0.031250 0.041667
0 0.350413 0.125998 0.031250 0.041667
0 0.330434 0.125998 0.031250 0.041667
0 0.287322 0.096555 0.031250 0.041667
0 0.275755 0.096555 0.031250 0.041667
0 0.235797 0.072721 0.031250 0.041667
0 0.224230 0.047484 0.031250 0.041667
0 0.206354 0.055896 0.031250 0.041667