0 0.074914 0.822808 0.031250 0.041667
0 0.114872 0.713450 0.031250 0.041667
0 0.141160 0.691017 0.031250 0.041667
0 0.084377 0.653162 0.031250 0.041667
0 0.020234 0.696625 0.031250 0.041667
0 0.029698 0.632132 0.031250 0.041667
0 0.023389 0.563432 0.031250 0.041667
0 0.092790 0.549412 0.031250 0.041667
0 0.157984 0.362941 0.031250 0.041667
0 0.389320 0.503145 0.031250 0.041667
0 0.408247 0.518567 0.031250 0.041667
0 0.446102 0.518567 0.031250 0.041667
0 0.515503 0.536794 0.031250 0.041667
0 0.548100 0.517165 0.031250 0.041667
0 0.559667 0.497537 0.031250 0.041667
0 0.547048 0.475104 0.031250 0.041667
0 0.521812 0.682605 0.031250 0.041667
0 0.719498 0.832622 0.031250 0.041667
0 0.718447 0.728872 0.031250 0.041667
0 0.296785 0.825612 0.031250 0.041667
0 0.785744 0.318076 0.031250 0.041667
0 0.457669 0.196100 0.031250 0.041667
0 0.565976 0.196100 0.031250 0.041667
0 0.402989 0.203110 0.031250 0.041667
0 0.376701 0.193295 0.031250 0.041667
0 0.296785 0.218532 0.031250 0.041667
0 0.203200 0.138616 0.031250 0.041667
0 0.193736 0.089545 0.031250 0.041667
0 0.238952 0.102163 0.031250 0.041667
0 0.282064 0.095153 0.031250 0.041667
0 0.296785 0.093751 0.031250 0.041667
0 0.327280 0.106369 0.031250 0.041667
0 0.354619 0.082535 0.031250 0.041667