0 0.221019 0.039401 0.031250 0.041667
0 0.224988 0.076438 0.031250 0.041667
0 0.316257 0.092312 0.031250 0.041667
0 0.377765 0.089666 0.031250 0.041667
0 0.262686 0.158449 0.031250 0.041667
0 0.215067 0.237814 0.031250 0.041667
0 0.276575 0.266915 0.031250 0.041667
0 0.322210 0.253687 0.031250 0.041667
0 0.451178 0.208714 0.031250 0.041667
0 0.465067 0.211359 0.031250 0.041667
0 0.433321 0.288079 0.031250 0.041667
0 0.530543 0.214005 0.031250 0.041667
0 0.572210 0.079084 0.031250 0.041667
0 0.619829 0.187550 0.031250 0.041667
0 0.818242 0.179613 0.031250 0.041667
0 0.828162 0.264269 0.031250 0.041667
0 0.788480 0.256333 0.031250 0.041667
0 0.734908 0.306597 0.031250 0.041667
0 0.542448 0.460036 0.031250 0.041667
0 0.584115 0.491782 0.031250 0.041667
0 0.562289 0.515592 0.031250 0.041667
0 0.508718 0.526174 0.031250 0.041667
0 0.397607 0.507655 0.031250 0.041667
0 0.401575 0.536756 0.031250 0.041667
0 0.447210 0.737814 0.031250 0.041667
0 0.417448 0.745751 0.031250 0.041667
0 0.377765 0.782788 0.031250 0.041667
0 0.355940 0.801306 0.031250 0.041667
0 0.300384 0.758978 0.031250 0.041667
0 0.296416 0.801306 0.031250 0.041667
0 0.822210 0.941518 0.031250 0.041667
0 0.921416 0.928290 0.031250 0.041667