0 0.198552 0.094573 0.031250 0.041667
0 0.228710 0.084084 0.031250 0.041667
0 0.268045 0.098070 0.031250 0.041667
0 0.286402 0.101566 0.031250 0.041667
0 0.308692 0.101566 0.031250 0.041667
0 0.341472 0.092825 0.031250 0.041667
0 0.277224 0.054363 0.031250 0.041667
0 0.345405 0.077091 0.031250 0.041667
0 0.233954 0.171496 0.031250 0.041667
0 0.264112 0.181986 0.031250 0.041667
0 0.270668 0.169748 0.031250 0.041667
0 0.249689 0.211706 0.031250 0.041667
0 0.299514 0.208209 0.031250 0.041667
0 0.248377 0.295622 0.031250 0.041667
0 0.282468 0.292126 0.031250 0.041667
0 0.324426 0.253664 0.031250 0.041667
0 0.325738 0.293874 0.031250 0.041667
0 0.389986 0.237930 0.031250 0.041667
0 0.365073 0.327091 0.031250 0.041667
0 0.405720 0.327091 0.031250 0.041667
0 0.447678 0.211706 0.031250 0.041667
0 0.455545 0.211706 0.031250 0.041667
0 0.118570 0.390028 0.031250 0.041667
0 0.138238 0.515902 0.031250 0.041667
0 0.236577 0.706461 0.031250 0.041667
0 0.245755 0.751916 0.031250 0.041667
0 0.315248 0.767650 0.031250 0.041667
0 0.463412 0.540377 0.031250 0.041667
0 0.521105 0.536881 0.031250 0.041667
0 0.552573 0.468699 0.031250 0.041667
0 0.576175 0.650517 0.031250 0.041667
0 0.674514 0.640028 0.031250 0.041667
0 0.755807 0.619049 0.031250 0.041667
0 0.947241 0.661007 0.031250 0.041667
0 0.949863 0.767650 0.031250 0.041667
0 0.646979 0.407510 0.031250 0.041667
0 0.703360 0.395272 0.031250 0.041667
0 0.766297 0.379538 0.031250 0.041667
0 0.771542 0.279888 0.031250 0.041667
0 0.762363 0.194223 0.031250 0.041667
0 0.804321 0.201216 0.031250 0.041667
0 0.871192 0.269398 0.031250 0.041667
0 0.615510 0.091077 0.031250 0.041667
0 0.669269 0.119049 0.031250 0.041667
0 0.707293 0.108559 0.031250 0.041667
0 0.721717 0.099818 0.031250 0.041667