0 0.232547 0.087094 0.031250 0.041667
0 0.243104 0.092212 0.031250 0.041667
0 0.269015 0.097331 0.031250 0.041667
0 0.290129 0.085815 0.031250 0.041667
0 0.279572 0.046147 0.031250 0.041667
0 0.304524 0.078137 0.031250 0.041667
0 0.318919 0.079417 0.031250 0.041667
0 0.333315 0.071739 0.031250 0.041667
0 0.357307 0.079417 0.031250 0.041667
0 0.373622 0.090933 0.031250 0.041667
0 0.324678 0.144676 0.031250 0.041667
0 0.323718 0.217612 0.031250 0.041667
0 0.293967 0.217612 0.031250 0.041667
0 0.204716 0.153633 0.031250 0.041667
0 0.449438 0.206096 0.031250 0.041667
0 0.238305 0.474810 0.031250 0.041667
0 0.008939 0.506800 0.031250 0.041667
0 0.179764 0.715373 0.031250 0.041667
0 0.319879 0.794708 0.031250 0.041667
0 0.475349 0.605328 0.031250 0.041667
0 0.397614 0.529832 0.031250 0.041667
0 0.396655 0.505520 0.031250 0.041667
0 0.417768 0.479928 0.031250 0.041667
0 0.450397 0.332776 0.031250 0.041667
0 0.502221 0.540069 0.031250 0.041667
0 0.550205 0.527273 0.031250 0.041667
0 0.559802 0.504241 0.031250 0.041667
0 0.548286 0.472251 0.031250 0.041667
0 0.777653 0.511918 0.031250 0.041667
0 0.839073 0.514477 0.031250 0.041667
0 0.782451 0.981528 0.031250 0.041667
0 0.958075 0.967452 0.031250 0.041667
0 0.743104 0.327657 0.031250 0.041667
0 0.687442 0.326378 0.031250 0.041667
0 0.740225 0.177945 0.031250 0.041667
0 0.760378 0.179225 0.031250 0.041667
0 0.557883 0.069180 0.031250 0.041667