0 0.190247 0.066031 0.031250 0.041667
0 0.207542 0.057645 0.031250 0.041667
0 0.221693 0.059742 0.031250 0.041667
0 0.273580 0.091188 0.031250 0.041667
0 0.281442 0.093285 0.031250 0.041667
0 0.361630 0.082803 0.031250 0.041667
0 0.356913 0.137310 0.031250 0.041667
0 0.317605 0.181335 0.031250 0.041667
0 0.360058 0.183432 0.031250 0.041667
0 0.349052 0.229553 0.031250 0.041667
0 0.358486 0.250518 0.031250 0.041667
0 0.415089 0.319700 0.031250 0.041667
0 0.316033 0.204396 0.031250 0.041667
0 0.264146 0.208589 0.031250 0.041667
0 0.232699 0.221167 0.031250 0.041667
0 0.235844 0.235843 0.031250 0.041667
0 0.202825 0.223264 0.031250 0.041667
0 0.182385 0.395172 0.031250 0.041667
0 0.267291 0.407750 0.031250 0.041667
0 0.317605 0.399365 0.031250 0.041667
0 0.086473 0.502090 0.031250 0.041667
0 0.066033 0.560790 0.031250 0.041667
0 0.146222 0.772530 0.031250 0.041667
0 0.663517 0.692866 0.031250 0.041667
0 0.828611 0.730601 0.031250 0.041667
0 0.693391 0.525151 0.031250 0.041667
0 0.740561 0.401461 0.031250 0.041667
0 0.724838 0.359532 0.031250 0.041667
0 0.823894 0.414040 0.031250 0.041667
0 0.883643 0.460161 0.031250 0.041667
0 0.551882 0.472740 0.031250 0.041667