0 0.017657 0.628332 0.031250 0.041667
0 0.069730 0.600045 0.031250 0.041667
0 0.087088 0.486898 0.031250 0.041667
0 0.227879 0.337750 0.031250 0.041667
0 0.230772 0.267033 0.031250 0.041667
0 0.277059 0.259319 0.031250 0.041667
0 0.283809 0.345465 0.031250 0.041667
0 0.329132 0.384037 0.031250 0.041667
0 0.198949 0.616760 0.031250 0.041667
0 0.303096 0.771051 0.031250 0.041667
0 0.351312 0.800624 0.031250 0.041667
0 0.436172 0.740193 0.031250 0.041667
0 0.450637 0.642475 0.031250 0.041667
0 0.413028 0.526757 0.031250 0.041667
0 0.395670 0.504899 0.031250 0.041667
0 0.413028 0.477898 0.031250 0.041667
0 0.513317 0.529328 0.031250 0.041667
0 0.548033 0.471469 0.031250 0.041667
0 0.594320 0.507470 0.031250 0.041667
0 0.640608 0.906056 0.031250 0.041667
0 0.753433 0.902199 0.031250 0.041667
0 0.873973 0.882912 0.031250 0.041667
0 0.987763 0.844340 0.031250 0.041667
0 0.756326 0.369894 0.031250 0.041667
0 0.735111 0.292749 0.031250 0.041667
0 0.737040 0.272176 0.031250 0.041667
0 0.796828 0.359608 0.031250 0.041667
0 0.315632 0.206603 0.031250 0.041667
0 0.342633 0.195031 0.031250 0.041667
0 0.371562 0.180887 0.031250 0.041667
0 0.430386 0.191173 0.031250 0.041667
0 0.251022 0.106313 0.031250 0.041667
0 0.235593 0.101170 0.031250 0.041667
0 0.285738 0.092170 0.031250 0.041667
0 0.307917 0.096027 0.031250 0.041667
0 0.347454 0.093456 0.031250 0.041667