0 0.047551 0.583330 0.031250 0.041667
0 0.109267 0.567901 0.031250 0.041667
0 0.134340 0.502327 0.031250 0.041667
0 0.110232 0.453469 0.031250 0.041667
0 0.048515 0.467612 0.031250 0.041667
0 0.051408 0.423896 0.031250 0.041667
0 0.228843 0.470183 0.031250 0.041667
0 0.224021 0.533186 0.031250 0.041667
0 0.229807 0.718335 0.031250 0.041667
0 0.292488 0.768480 0.031250 0.041667
0 0.320453 0.782623 0.031250 0.041667
0 0.366741 0.807053 0.031250 0.041667
0 0.461244 0.629618 0.031250 0.041667
0 0.430386 0.552472 0.031250 0.041667
0 0.415921 0.533186 0.031250 0.041667
0 0.397599 0.504899 0.031250 0.041667
0 0.504639 0.537043 0.031250 0.041667
0 0.603964 0.530614 0.031250 0.041667
0 0.547069 0.470183 0.031250 0.041667
0 0.738968 0.528043 0.031250 0.041667
0 0.827686 0.832768 0.031250 0.041667
0 0.912546 0.754336 0.031250 0.041667
0 0.885545 0.378894 0.031250 0.041667
0 0.813221 0.358322 0.031250 0.041667
0 0.738968 0.360894 0.031250 0.041667
0 0.765005 0.314606 0.031250 0.041667
0 0.739933 0.276034 0.031250 0.041667
0 0.780434 0.274748 0.031250 0.041667
0 0.842151 0.278605 0.031250 0.041667
0 0.669537 0.255461 0.031250 0.041667
0 0.618428 0.251604 0.031250 0.041667
0 0.641572 0.150029 0.031250 0.041667
0 0.284774 0.092170 0.031250 0.041667
0 0.312739 0.094741 0.031250 0.041667
0 0.346490 0.098599 0.031250 0.041667
0 0.326239 0.162887 0.031250 0.041667
0 0.279952 0.179602 0.031250 0.041667
0 0.252951 0.188602 0.031250 0.041667
0 0.251022 0.246461 0.031250 0.041667
0 0.282845 0.233604 0.031250 0.041667
0 0.329132 0.227175 0.031250 0.041667
0 0.332990 0.210460 0.031250 0.041667
0 0.371562 0.273462 0.031250 0.041667
0 0.448708 0.207888 0.031250 0.041667
0 0.583713 0.213031 0.031250 0.041667