0 0.236577 0.098070 0.031250 0.041667
0 0.251000 0.099818 0.031250 0.041667
0 0.216909 0.133035 0.031250 0.041667
0 0.268045 0.166251 0.031250 0.041667
0 0.285091 0.136531 0.031250 0.041667
0 0.329671 0.136531 0.031250 0.041667
0 0.316559 0.101566 0.031250 0.041667
0 0.336227 0.082335 0.031250 0.041667
0 0.349339 0.080587 0.031250 0.041667
0 0.372940 0.176741 0.031250 0.041667
0 0.316559 0.162755 0.031250 0.041667
0 0.328360 0.197720 0.031250 0.041667
0 0.282468 0.225692 0.031250 0.041667
0 0.295580 0.236182 0.031250 0.041667
0 0.333605 0.271147 0.031250 0.041667
0 0.344094 0.253664 0.031250 0.041667
0 0.408342 0.244923 0.031250 0.041667
0 0.178884 0.325342 0.031250 0.041667
0 0.216909 0.306112 0.031250 0.041667
0 0.265423 0.318349 0.031250 0.041667
0 0.307381 0.376042 0.031250 0.041667
0 0.374252 0.365552 0.031250 0.041667
0 0.244444 0.487930 0.031250 0.041667
0 0.420143 0.358559 0.031250 0.041667
0 0.014986 0.563105 0.031250 0.041667
0 0.059566 0.578839 0.031250 0.041667
0 0.197241 0.619049 0.031250 0.041667
0 0.391297 0.505412 0.031250 0.041667
0 0.403098 0.531636 0.031250 0.041667
0 0.450300 0.535133 0.031250 0.041667
0 0.517171 0.536881 0.031250 0.041667
0 0.566996 0.528140 0.031250 0.041667
0 0.597154 0.503664 0.031250 0.041667
0 0.546017 0.473944 0.031250 0.041667
0 0.315248 0.792126 0.031250 0.041667
0 0.519793 0.758909 0.031250 0.041667
0 0.616821 0.617300 0.031250 0.041667
0 0.705982 0.578839 0.031250 0.041667
0 0.671891 0.797370 0.031250 0.041667
0 0.762363 0.772895 0.031250 0.041667
0 0.806944 0.647021 0.031250 0.041667
0 0.913150 0.659258 0.031250 0.041667
0 0.719094 0.105063 0.031250 0.041667
0 0.736140 0.103314 0.031250 0.041667
0 0.439811 0.211706 0.031250 0.041667
0 0.450300 0.208209 0.031250 0.041667