0 0.375541 0.047427 0.031250 0.041667
0 0.388017 0.051266 0.031250 0.041667
0 0.367864 0.084535 0.031250 0.041667
0 0.288209 0.092212 0.031250 0.041667
0 0.268056 0.096051 0.031250 0.041667
0 0.059802 0.625802 0.031250 0.041667
0 0.019495 0.629641 0.031250 0.041667
0 0.017576 0.577177 0.031250 0.041667
0 0.040609 0.803665 0.031250 0.041667
0 0.450397 0.221451 0.031250 0.041667
0 0.413929 0.478649 0.031250 0.041667
0 0.392816 0.506800 0.031250 0.041667
0 0.411050 0.525994 0.031250 0.041667
0 0.506060 0.542628 0.031250 0.041667
0 0.550205 0.525994 0.031250 0.041667
0 0.559802 0.495284 0.031250 0.041667
0 0.544447 0.474810 0.031250 0.041667
0 0.397614 0.793428 0.031250 0.041667
0 0.517576 0.811342 0.031250 0.041667
0 0.585714 0.763998 0.031250 0.041667
0 0.658651 0.798546 0.031250 0.041667
0 0.756539 0.804944 0.031250 0.041667
0 0.767096 0.953377 0.031250 0.041667
0 0.749822 0.541349 0.031250 0.041667
0 0.810282 0.538790 0.031250 0.041667
0 0.843871 0.670587 0.031250 0.041667
0 0.736386 0.299506 0.031250 0.041667
0 0.668248 0.275194 0.031250 0.041667
0 0.854428 0.256000 0.031250 0.041667
0 0.775733 0.111406 0.031250 0.041667
0 0.885138 0.239365 0.031250 0.041667