0 0.245278 0.193914 0.031250 0.041667
0 0.264146 0.235843 0.031250 0.041667
0 0.286159 0.208589 0.031250 0.041667
0 0.317605 0.219071 0.031250 0.041667
0 0.347479 0.219071 0.031250 0.041667
0 0.375781 0.200203 0.031250 0.041667
0 0.432385 0.154081 0.031250 0.041667
0 0.270435 0.091188 0.031250 0.041667
0 0.284586 0.091188 0.031250 0.041667
0 0.352196 0.086996 0.031250 0.041667
0 0.320750 0.399365 0.031250 0.041667
0 0.221693 0.317604 0.031250 0.041667
0 0.097479 0.495801 0.031250 0.041667
0 0.207542 0.741084 0.031250 0.041667
0 0.272008 0.751566 0.031250 0.041667
0 0.371064 0.829134 0.031250 0.041667
0 0.687102 0.460161 0.031250 0.041667
0 0.550310 0.474836 0.031250 0.041667
0 0.781442 0.315507 0.031250 0.041667
0 0.833328 0.317604 0.031250 0.041667