0 0.190792 0.211401 0.031250 0.041667
0 0.173350 0.207173 0.031250 0.041667
0 0.265316 0.133177 0.031250 0.041667
0 0.278001 0.156433 0.031250 0.041667
0 0.328741 0.122606 0.031250 0.041667
0 0.339840 0.118378 0.031250 0.041667
0 0.336669 0.097236 0.031250 0.041667
0 0.344597 0.082437 0.031250 0.041667
0 0.365210 0.084551 0.031250 0.041667
0 0.358868 0.090894 0.031250 0.041667
0 0.295443 0.093008 0.031250 0.041667
0 0.284344 0.093008 0.031250 0.041667
0 0.273244 0.095122 0.031250 0.041667
0 0.422293 0.057067 0.031250 0.041667
0 0.439735 0.205059 0.031250 0.041667
0 0.455591 0.190259 0.031250 0.041667
0 0.454005 0.213515 0.031250 0.041667
0 0.636352 0.167004 0.031250 0.041667
0 0.595126 0.154319 0.031250 0.041667
0 0.587198 0.133177 0.031250 0.041667
0 0.568170 0.133177 0.031250 0.041667
0 0.733075 0.230429 0.031250 0.041667
0 0.763202 0.232543 0.031250 0.041667
0 0.877367 0.281169 0.031250 0.041667
0 0.839312 0.945016 0.031250 0.041667
0 0.675993 0.938674 0.031250 0.041667
0 0.550728 0.754741 0.031250 0.041667
0 0.393752 0.479900 0.031250 0.041667
0 0.392166 0.509498 0.031250 0.041667
0 0.455591 0.534868 0.031250 0.041667
0 0.520602 0.551782 0.031250 0.041667
0 0.552314 0.467215 0.031250 0.041667
0 0.176521 0.720915 0.031250 0.041667
0 0.201891 0.731486 0.031250 0.041667
0 0.157494 0.462987 0.031250 0.041667
0 0.095654 0.471443 0.031250 0.041667
0 0.076627 0.393219 0.031250 0.041667
0 0.119439 0.393219 0.031250 0.041667
0 0.155908 0.346708 0.031250 0.041667
0 0.195549 0.346708 0.031250 0.041667
0 0.244703 0.376306 0.031250 0.041667
0 0.268487 0.384763 0.031250 0.041667