0 0.232547 0.235527 0.031250 0.041667
0 0.201837 0.200978 0.031250 0.041667
0 0.190321 0.156192 0.031250 0.041667
0 0.054044 0.514477 0.031250 0.041667
0 0.295887 0.807504 0.031250 0.041667
0 0.410090 0.522155 0.031250 0.041667
0 0.399534 0.504241 0.031250 0.041667
0 0.415848 0.482488 0.031250 0.041667
0 0.505100 0.537510 0.031250 0.041667
0 0.543488 0.524714 0.031250 0.041667
0 0.566520 0.492724 0.031250 0.041667
0 0.539649 0.473530 0.031250 0.041667
0 0.798766 0.710255 0.031250 0.041667
0 0.880340 0.683383 0.031250 0.041667
0 0.732547 0.103729 0.031250 0.041667
0 0.718152 0.107568 0.031250 0.041667
0 0.450397 0.208655 0.031250 0.041667
0 0.304524 0.097331 0.031250 0.041667
0 0.353468 0.090933 0.031250 0.041667
0 0.325637 0.106288 0.031250 0.041667
0 0.233507 0.094772 0.031250 0.041667
0 0.217192 0.056384 0.031250 0.041667