0 0.261034 0.773737 0.031250 0.041667
0 0.317816 0.779345 0.031250 0.041667
0 0.381959 0.808788 0.031250 0.041667
0 0.388268 0.763923 0.031250 0.041667
0 0.070708 0.639142 0.031250 0.041667
0 0.119078 0.390982 0.031250 0.041667
0 0.265240 0.340509 0.031250 0.041667
0 0.278910 0.225542 0.031250 0.041667
0 0.306249 0.219934 0.031250 0.041667
0 0.238952 0.162451 0.031250 0.041667
0 0.207406 0.111978 0.031250 0.041667
0 0.208457 0.061504 0.031250 0.041667
0 0.217921 0.099359 0.031250 0.041667
0 0.245261 0.110575 0.031250 0.041667
0 0.267343 0.097957 0.031250 0.041667
0 0.257879 0.083937 0.031250 0.041667
0 0.288373 0.090947 0.031250 0.041667
0 0.376701 0.083937 0.031250 0.041667
0 0.366186 0.085339 0.031250 0.041667
0 0.409299 0.517165 0.031250 0.041667
0 0.398783 0.504547 0.031250 0.041667
0 0.414556 0.469496 0.031250 0.041667
0 0.510245 0.541000 0.031250 0.041667
0 0.547048 0.531185 0.031250 0.041667
0 0.568079 0.505949 0.031250 0.041667
0 0.549151 0.472300 0.031250 0.041667
0 0.767869 0.573246 0.031250 0.041667
0 0.830960 0.318076 0.031250 0.041667
0 0.806775 0.295644 0.031250 0.041667
0 0.809930 0.169461 0.031250 0.041667
0 0.580697 0.193295 0.031250 0.041667
0 0.578594 0.118988 0.031250 0.041667
0 0.553357 0.107771 0.031250 0.041667