0 0.083231 0.502327 0.031250 0.041667
0 0.118910 0.471469 0.031250 0.041667
0 0.287666 0.754336 0.031250 0.041667
0 0.318525 0.781337 0.031250 0.041667
0 0.366741 0.796767 0.031250 0.041667
0 0.472816 0.927914 0.031250 0.041667
0 0.396635 0.920199 0.031250 0.041667
0 0.450637 0.651476 0.031250 0.041667
0 0.429422 0.585902 0.031250 0.041667
0 0.403385 0.529328 0.031250 0.041667
0 0.393742 0.507470 0.031250 0.041667
0 0.505603 0.535757 0.031250 0.041667
0 0.592392 0.516471 0.031250 0.041667
0 0.548997 0.475326 0.031250 0.041667
0 0.687859 0.340322 0.031250 0.041667
0 0.686895 0.380180 0.031250 0.041667
0 0.618428 0.155172 0.031250 0.041667
0 0.577927 0.159029 0.031250 0.041667
0 0.218235 0.246461 0.031250 0.041667
0 0.216307 0.210460 0.031250 0.041667
0 0.249094 0.222032 0.031250 0.041667
0 0.264523 0.207888 0.031250 0.041667
0 0.258737 0.153886 0.031250 0.041667
0 0.233665 0.129457 0.031250 0.041667
0 0.203771 0.133314 0.031250 0.041667
0 0.237522 0.063883 0.031250 0.041667
0 0.284774 0.098599 0.031250 0.041667
0 0.311774 0.099884 0.031250 0.041667
0 0.339740 0.108885 0.031250 0.041667
0 0.329132 0.191173 0.031250 0.041667
0 0.362883 0.201460 0.031250 0.041667
0 0.391813 0.187316 0.031250 0.041667
0 0.443886 0.205317 0.031250 0.041667
0 0.746683 0.249033 0.031250 0.041667
0 0.778505 0.260605 0.031250 0.041667
0 0.805506 0.269605 0.031250 0.041667
0 0.793935 0.328750 0.031250 0.041667
0 0.864330 0.421325 0.031250 0.041667
0 0.893260 0.403324 0.031250 0.041667