0 0.089635 0.587267 0.031250 0.041667
0 0.119078 0.503145 0.031250 0.041667
0 0.073862 0.427435 0.031250 0.041667
0 0.133799 0.410611 0.031250 0.041667
0 0.222127 0.553618 0.031250 0.041667
0 0.451360 0.709244 0.031250 0.041667
0 0.469236 0.693821 0.031250 0.041667
0 0.626964 0.941981 0.031250 0.041667
0 0.510245 0.538196 0.031250 0.041667
0 0.545997 0.519969 0.031250 0.041667
0 0.559667 0.483516 0.031250 0.041667
0 0.535482 0.455476 0.031250 0.041667
0 0.410350 0.526979 0.031250 0.041667
0 0.406144 0.501743 0.031250 0.041667
0 0.417711 0.479310 0.031250 0.041667
0 0.737374 0.405002 0.031250 0.041667
0 0.807826 0.431641 0.031250 0.041667
0 0.907721 0.486320 0.031250 0.041667
0 0.636428 0.207316 0.031250 0.041667
0 0.646943 0.200306 0.031250 0.041667
0 0.658510 0.190491 0.031250 0.041667
0 0.621707 0.179275 0.031250 0.041667
0 0.695313 0.175069 0.031250 0.041667
0 0.720550 0.177873 0.031250 0.041667
0 0.719498 0.217130 0.031250 0.041667
0 0.779435 0.172265 0.031250 0.041667
0 0.830960 0.180677 0.031250 0.041667
0 0.257879 0.250779 0.031250 0.041667
0 0.220024 0.250779 0.031250 0.041667
0 0.196891 0.142822 0.031250 0.041667
0 0.289425 0.165255 0.031250 0.041667
0 0.322022 0.175069 0.031250 0.041667
0 0.254724 0.104967 0.031250 0.041667
0 0.273652 0.095153 0.031250 0.041667
0 0.282064 0.085339 0.031250 0.041667
0 0.225282 0.099359 0.031250 0.041667
0 0.315713 0.097957 0.031250 0.041667
0 0.328331 0.103565 0.031250 0.041667
0 0.360928 0.086741 0.031250 0.041667
0 0.372495 0.085339 0.031250 0.041667
0 0.451360 0.215728 0.031250 0.041667