0 0.220071 0.084535 0.031250 0.041667
0 0.221990 0.136998 0.031250 0.041667
0 0.211434 0.126761 0.031250 0.041667
0 0.242144 0.085815 0.031250 0.041667
0 0.266136 0.099890 0.031250 0.041667
0 0.293008 0.098610 0.031250 0.041667
0 0.303564 0.078137 0.031250 0.041667
0 0.317960 0.103729 0.031250 0.041667
0 0.327557 0.090933 0.031250 0.041667
0 0.363065 0.085815 0.031250 0.041667
0 0.217192 0.206096 0.031250 0.041667
0 0.219111 0.183063 0.031250 0.041667
0 0.233507 0.181784 0.031250 0.041667
0 0.236386 0.220172 0.031250 0.041667
0 0.257499 0.199698 0.031250 0.041667
0 0.205676 0.314861 0.031250 0.041667
0 0.209514 0.422347 0.031250 0.041667
0 0.345791 0.250882 0.031250 0.041667
0 0.360186 0.253441 0.031250 0.041667
0 0.445599 0.213774 0.031250 0.041667
0 0.507019 0.532392 0.031250 0.041667
0 0.554044 0.513198 0.031250 0.041667
0 0.561722 0.488886 0.031250 0.041667
0 0.546367 0.470971 0.031250 0.041667
0 0.400493 0.528553 0.031250 0.041667
0 0.394735 0.505520 0.031250 0.041667
0 0.416808 0.482488 0.031250 0.041667
0 0.430244 0.829257 0.031250 0.041667
0 0.504140 0.858687 0.031250 0.041667
0 0.594351 0.802385 0.031250 0.041667
0 0.719111 0.517037 0.031250 0.041667
0 0.764217 0.488886 0.031250 0.041667
0 0.817000 0.546467 0.031250 0.041667
0 0.837154 0.504241 0.031250 0.041667
0 0.761338 0.110127 0.031250 0.041667
0 0.259418 0.277753 0.031250 0.041667
0 0.574198 0.252161 0.031250 0.041667