0 0.449906 0.207825 0.031250 0.041667
0 0.563144 0.113733 0.031250 0.041667
0 0.543451 0.220954 0.031250 0.041667
0 0.656689 0.168438 0.031250 0.041667
0 0.679665 0.159685 0.031250 0.041667
0 0.733823 0.196884 0.031250 0.041667
0 0.773210 0.199072 0.031250 0.041667
0 0.797827 0.315046 0.031250 0.041667
0 0.829009 0.433208 0.031250 0.041667
0 0.755158 0.426643 0.031250 0.041667
0 0.655048 0.437584 0.031250 0.041667
0 0.550015 0.468219 0.031250 0.041667
0 0.646843 0.538241 0.031250 0.041667
0 0.636996 0.768000 0.031250 0.041667
0 0.581197 0.811764 0.031250 0.041667
0 0.495858 0.719860 0.031250 0.041667
0 0.515551 0.527300 0.031250 0.041667
0 0.399031 0.501042 0.031250 0.041667
0 0.415442 0.520735 0.031250 0.041667
0 0.449906 0.586381 0.031250 0.041667
0 0.448265 0.645462 0.031250 0.041667
0 0.486011 0.842398 0.031250 0.041667
0 0.407236 0.818328 0.031250 0.041667
0 0.331744 0.763624 0.031250 0.041667
0 0.182401 0.803011 0.031250 0.041667
0 0.156142 0.757059 0.031250 0.041667
0 0.062597 0.645462 0.031250 0.041667
0 0.118396 0.601698 0.031250 0.041667
0 0.110190 0.546994 0.031250 0.041667