0 0.274830 0.086665 0.031250 0.041667
0 0.289100 0.086665 0.031250 0.041667
0 0.300200 0.086665 0.031250 0.041667
0 0.262145 0.116264 0.031250 0.041667
0 0.239946 0.105693 0.031250 0.041667
0 0.285929 0.156433 0.031250 0.041667
0 0.325570 0.167004 0.031250 0.041667
0 0.341426 0.135291 0.031250 0.041667
0 0.354111 0.133177 0.031250 0.041667
0 0.339840 0.088780 0.031250 0.041667
0 0.352525 0.088780 0.031250 0.041667
0 0.618910 0.141634 0.031250 0.041667
0 0.458762 0.196602 0.031250 0.041667
0 0.669650 0.139519 0.031250 0.041667
0 0.544386 0.462987 0.031250 0.041667
0 0.373139 0.515841 0.031250 0.041667
0 0.317642 0.467215 0.031250 0.041667
0 0.793329 0.253684 0.031250 0.041667
0 0.845654 0.234657 0.031250 0.041667
0 0.817113 0.462987 0.031250 0.041667
0 0.744174 0.393219 0.031250 0.041667
0 0.675993 0.429160 0.031250 0.041667
0 0.907494 0.758970 0.031250 0.041667
0 0.991532 0.767426 0.031250 0.041667
0 0.850411 0.866792 0.031250 0.041667
0 0.737832 0.938674 0.031250 0.041667
0 0.144809 0.632120 0.031250 0.041667
0 0.182864 0.659604 0.031250 0.041667
0 0.209819 0.731486 0.031250 0.041667
0 0.276415 0.746285 0.031250 0.041667
0 0.154322 0.845651 0.031250 0.041667
0 0.082969 0.828737 0.031250 0.041667