0 0.209115 0.113476 0.031250 0.041667
0 0.236892 0.097603 0.031250 0.041667
0 0.274591 0.097603 0.031250 0.041667
0 0.286496 0.097603 0.031250 0.041667
0 0.314273 0.089666 0.031250 0.041667
0 0.423400 0.224587 0.031250 0.041667
0 0.461099 0.211359 0.031250 0.041667
0 0.260702 0.258978 0.031250 0.041667
0 0.238876 0.245751 0.031250 0.041667
0 0.193242 0.224587 0.031250 0.041667
0 0.548400 0.208714 0.031250 0.041667
0 0.407527 0.473264 0.031250 0.041667
0 0.387686 0.486491 0.031250 0.041667
0 0.407527 0.518237 0.031250 0.041667
0 0.566257 0.515592 0.031250 0.041667
0 0.586099 0.483846 0.031250 0.041667
0 0.556337 0.473264 0.031250 0.041667
0 0.615861 0.711359 0.031250 0.041667
0 0.659511 0.711359 0.031250 0.041667
0 0.834115 0.740460 0.031250 0.041667
0 0.439273 0.735169 0.031250 0.041667
0 0.443242 0.758978 0.031250 0.041667
0 0.361892 0.798661 0.031250 0.041667
0 0.338083 0.764269 0.031250 0.041667
0 0.298400 0.809243 0.031250 0.041667
0 0.207130 0.663740 0.031250 0.041667