0 0.294417 0.792909 0.031250 0.041667
0 0.316596 0.760765 0.031250 0.041667
0 0.375420 0.785195 0.031250 0.041667
0 0.404349 0.525471 0.031250 0.041667
0 0.390849 0.498470 0.031250 0.041667
0 0.377348 0.542186 0.031250 0.041667
0 0.502710 0.531900 0.031250 0.041667
0 0.544176 0.474041 0.031250 0.041667
0 0.630000 0.654047 0.031250 0.041667
0 0.701360 0.646333 0.031250 0.041667
0 0.792006 0.652761 0.031250 0.041667
0 0.947261 0.647618 0.031250 0.041667
0 0.823829 0.375037 0.031250 0.041667
0 0.761148 0.376323 0.031250 0.041667
0 0.766934 0.281177 0.031250 0.041667
0 0.813221 0.276034 0.031250 0.041667
0 0.620357 0.175744 0.031250 0.041667
0 0.595285 0.193745 0.031250 0.041667
0 0.595285 0.175744 0.031250 0.041667
0 0.459315 0.205317 0.031250 0.041667
0 0.601071 0.081884 0.031250 0.041667
0 0.575034 0.088313 0.031250 0.041667
0 0.339740 0.098599 0.031250 0.041667
0 0.306953 0.090884 0.031250 0.041667
0 0.231736 0.045883 0.031250 0.041667
0 0.214378 0.070312 0.031250 0.041667
0 0.203771 0.111456 0.031250 0.041667
0 0.179663 0.312035 0.031250 0.041667
0 0.236558 0.315892 0.031250 0.041667
0 0.281881 0.264462 0.031250 0.041667
0 0.317560 0.299177 0.031250 0.041667
0 0.317560 0.341607 0.031250 0.041667
0 0.279952 0.345465 0.031250 0.041667
0 0.293452 0.395609 0.031250 0.041667