0 0.028647 0.532587 0.031250 0.041667
0 0.078068 0.505949 0.031250 0.041667
0 0.124335 0.496135 0.031250 0.041667
0 0.206354 0.503145 0.031250 0.041667
0 0.174809 0.360137 0.031250 0.041667
0 0.222127 0.361539 0.031250 0.041667
0 0.289425 0.406404 0.031250 0.041667
0 0.248415 0.798974 0.031250 0.041667
0 0.336743 0.786355 0.031250 0.041667
0 0.388268 0.817200 0.031250 0.041667
0 0.432432 0.777943 0.031250 0.041667
0 0.517606 0.538196 0.031250 0.041667
0 0.557564 0.522773 0.031250 0.041667
0 0.561770 0.494733 0.031250 0.041667
0 0.544945 0.470898 0.031250 0.041667
0 0.400886 0.526979 0.031250 0.041667
0 0.399835 0.503145 0.031250 0.041667
0 0.412453 0.479310 0.031250 0.041667
0 0.833063 0.839633 0.031250 0.041667
0 0.903515 0.853653 0.031250 0.041667
0 0.749993 0.308262 0.031250 0.041667
0 0.792054 0.348921 0.031250 0.041667
0 0.710035 0.194697 0.031250 0.041667
0 0.669025 0.196100 0.031250 0.041667
0 0.740529 0.148430 0.031250 0.041667
0 0.815187 0.189089 0.031250 0.041667
0 0.596470 0.235356 0.031250 0.041667
0 0.572285 0.269005 0.031250 0.041667
0 0.553357 0.200306 0.031250 0.041667
0 0.570182 0.124596 0.031250 0.041667
0 0.375650 0.242367 0.031250 0.041667
0 0.358825 0.308262 0.031250 0.041667
0 0.331486 0.233954 0.031250 0.041667
0 0.249467 0.211522 0.031250 0.041667
0 0.203200 0.219934 0.031250 0.041667
0 0.245261 0.106369 0.031250 0.041667
0 0.256828 0.107771 0.031250 0.041667
0 0.281013 0.096555 0.031250 0.041667
0 0.289425 0.090947 0.031250 0.041667
0 0.448205 0.201708 0.031250 0.041667