0 0.435587 0.814396 0.031250 0.041667
0 0.593315 0.842437 0.031250 0.041667
0 0.829908 0.915342 0.031250 0.041667
0 0.402989 0.535391 0.031250 0.041667
0 0.394577 0.510155 0.031250 0.041667
0 0.414556 0.484918 0.031250 0.041667
0 0.506039 0.533989 0.031250 0.041667
0 0.549151 0.524175 0.031250 0.041667
0 0.560718 0.501743 0.031250 0.041667
0 0.542842 0.480712 0.031250 0.041667
0 0.454514 0.329293 0.031250 0.041667
0 0.413505 0.327891 0.031250 0.041667
0 0.266291 0.329293 0.031250 0.041667
0 0.258931 0.218532 0.031250 0.041667
0 0.294682 0.204512 0.031250 0.041667
0 0.279961 0.162451 0.031250 0.041667
0 0.308352 0.169461 0.031250 0.041667
0 0.357774 0.207316 0.031250 0.041667
0 0.387217 0.186285 0.031250 0.041667
0 0.430329 0.208718 0.031250 0.041667
0 0.251570 0.067112 0.031250 0.041667
0 0.275755 0.092349 0.031250 0.041667
0 0.294682 0.090947 0.031250 0.041667
0 0.329383 0.090947 0.031250 0.041667
0 0.354619 0.095153 0.031250 0.041667
0 0.374598 0.085339 0.031250 0.041667
0 0.386165 0.050288 0.031250 0.041667
0 0.415608 0.047484 0.031250 0.041667
0 0.602779 0.266201 0.031250 0.041667
0 0.632222 0.229748 0.031250 0.041667
0 0.671128 0.218532 0.031250 0.041667
0 0.636428 0.257789 0.031250 0.041667
0 0.682695 0.196100 0.031250 0.041667
0 0.728962 0.254985 0.031250 0.041667
0 0.763662 0.184883 0.031250 0.041667
0 0.800466 0.189089 0.031250 0.041667
0 0.808878 0.224140 0.031250 0.041667