0 0.279587 0.090894 0.031250 0.041667
0 0.289100 0.090894 0.031250 0.041667
0 0.298614 0.090894 0.031250 0.041667
0 0.336669 0.088780 0.031250 0.041667
0 0.344597 0.078209 0.031250 0.041667
0 0.446077 0.202944 0.031250 0.041667
0 0.455591 0.215629 0.031250 0.041667
0 0.457177 0.194488 0.031250 0.041667
0 0.222504 0.202944 0.031250 0.041667
0 0.209819 0.289625 0.031250 0.041667
0 0.547557 0.467215 0.031250 0.041667
0 0.444492 0.625777 0.031250 0.041667
0 0.193963 0.756856 0.031250 0.041667
0 0.634766 0.462987 0.031250 0.041667
0 0.741003 0.338251 0.031250 0.041667
0 0.786986 0.378420 0.031250 0.041667
0 0.802843 0.344593 0.031250 0.041667
0 0.829798 0.388991 0.031250 0.041667
0 0.829798 0.756856 0.031250 0.041667