0 0.271659 0.097236 0.031250 0.041667
0 0.281172 0.097236 0.031250 0.041667
0 0.289100 0.086665 0.031250 0.041667
0 0.249460 0.099350 0.031250 0.041667
0 0.297029 0.103579 0.031250 0.041667
0 0.328741 0.105693 0.031250 0.041667
0 0.338255 0.093008 0.031250 0.041667
0 0.341426 0.078209 0.031250 0.041667
0 0.362039 0.090894 0.031250 0.041667
0 0.365210 0.080323 0.031250 0.041667
0 0.233604 0.120492 0.031250 0.041667
0 0.217747 0.128949 0.031250 0.041667
0 0.186035 0.141634 0.031250 0.041667
0 0.225676 0.198716 0.031250 0.041667
0 0.189206 0.200830 0.031250 0.041667
0 0.260559 0.202944 0.031250 0.041667
0 0.442906 0.205059 0.031250 0.041667
0 0.455591 0.194488 0.031250 0.041667
0 0.457177 0.209287 0.031250 0.041667
0 0.385824 0.310767 0.031250 0.041667
0 0.319227 0.336137 0.031250 0.041667
0 0.295443 0.336137 0.031250 0.041667
0 0.246289 0.376306 0.031250 0.041667
0 0.190792 0.378420 0.031250 0.041667
0 0.176521 0.386877 0.031250 0.041667
0 0.114682 0.427046 0.031250 0.041667
0 0.079798 0.433388 0.031250 0.041667
0 0.027473 0.505270 0.031250 0.041667
0 0.182864 0.708230 0.031250 0.041667
0 0.205062 0.723029 0.031250 0.041667
0 0.395337 0.482014 0.031250 0.041667
0 0.395337 0.511612 0.031250 0.041667
0 0.461933 0.528526 0.031250 0.041667
0 0.514259 0.541211 0.031250 0.041667
0 0.552314 0.469329 0.031250 0.041667
0 0.641109 0.737828 0.031250 0.041667
0 0.564999 0.995756 0.031250 0.041667
0 0.677578 0.987300 0.031250 0.041667
0 0.760031 0.976729 0.031250 0.041667
0 0.869439 0.695545 0.031250 0.041667
0 0.956648 0.735714 0.031250 0.041667
0 0.986775 0.813938 0.031250 0.041667
0 0.715633 0.260027 0.031250 0.041667
0 0.763202 0.260027 0.031250 0.041667
0 0.891637 0.272712 0.031250 0.041667
0 0.571342 0.139519 0.031250 0.041667
0 0.588783 0.154319 0.031250 0.041667
0 0.642695 0.143748 0.031250 0.041667
0 0.658551 0.150090 0.031250 0.041667