0 0.095311 0.456896 0.031250 0.041667
0 0.247902 0.279033 0.031250 0.041667
0 0.330436 0.230408 0.031250 0.041667
0 0.382259 0.230408 0.031250 0.041667
0 0.368823 0.305904 0.031250 0.041667
0 0.448478 0.211214 0.031250 0.041667
0 0.412010 0.485047 0.031250 0.041667
0 0.391856 0.505520 0.031250 0.041667
0 0.413929 0.520875 0.031250 0.041667
0 0.446559 0.536230 0.031250 0.041667
0 0.503180 0.534951 0.031250 0.041667
0 0.555004 0.528553 0.031250 0.041667
0 0.559802 0.487606 0.031250 0.041667
0 0.543488 0.473530 0.031250 0.041667
0 0.230628 0.151074 0.031250 0.041667
0 0.214313 0.102449 0.031250 0.041667
0 0.190321 0.096051 0.031250 0.041667
0 0.182643 0.042308 0.031250 0.041667
0 0.221990 0.039749 0.031250 0.041667
0 0.279572 0.107568 0.031250 0.041667
0 0.296847 0.101170 0.031250 0.041667
0 0.312202 0.090933 0.031250 0.041667
0 0.345791 0.097331 0.031250 0.041667
0 0.364985 0.093492 0.031250 0.041667
0 0.279572 0.043588 0.031250 0.041667
0 0.831395 0.172827 0.031250 0.041667