0 0.273244 0.086665 0.031250 0.041667
0 0.281172 0.095122 0.031250 0.041667
0 0.293857 0.090894 0.031250 0.041667
0 0.335084 0.086665 0.031250 0.041667
0 0.355697 0.080323 0.031250 0.041667
0 0.251046 0.128949 0.031250 0.041667
0 0.214576 0.198716 0.031250 0.041667
0 0.254217 0.198716 0.031250 0.041667
0 0.254217 0.224086 0.031250 0.041667
0 0.187621 0.279054 0.031250 0.041667
0 0.295443 0.243114 0.031250 0.041667
0 0.290686 0.272712 0.031250 0.041667
0 0.325570 0.228314 0.031250 0.041667
0 0.336669 0.217744 0.031250 0.041667
0 0.343012 0.287511 0.031250 0.041667
0 0.547557 0.473558 0.031250 0.041667
0 0.360454 0.532754 0.031250 0.041667
0 0.404851 0.547553 0.031250 0.041667
0 0.254217 0.511612 0.031250 0.041667
0 0.298614 0.467215 0.031250 0.041667
0 0.220919 0.465101 0.031250 0.041667
0 0.119439 0.763198 0.031250 0.041667
0 0.198720 0.752627 0.031250 0.041667
0 0.273244 0.744171 0.031250 0.041667
0 0.214576 0.928103 0.031250 0.041667
0 0.298614 0.881591 0.031250 0.041667
0 0.804428 0.549667 0.031250 0.041667
0 0.834555 0.539097 0.031250 0.041667
0 0.890052 0.536982 0.031250 0.041667
0 0.863096 0.610978 0.031250 0.041667
0 0.936035 0.602522 0.031250 0.041667
0 0.623667 0.143748 0.031250 0.041667
0 0.593540 0.152204 0.031250 0.041667