0 0.310003 0.096321 0.031250 0.041667
0 0.342783 0.084084 0.031250 0.041667
0 0.236577 0.145272 0.031250 0.041667
0 0.206419 0.168000 0.031250 0.041667
0 0.228710 0.309608 0.031250 0.041667
0 0.445056 0.204713 0.031250 0.041667
0 0.452923 0.206461 0.031250 0.041667
0 0.540773 0.216951 0.031250 0.041667
0 0.744007 0.395272 0.031250 0.041667
0 0.814811 0.370797 0.031250 0.041667
0 0.890860 0.386531 0.031250 0.041667
0 0.900038 0.580587 0.031250 0.041667
0 0.907905 0.793874 0.031250 0.041667
0 0.549951 0.472196 0.031250 0.041667
0 0.582731 0.498419 0.031250 0.041667
0 0.561752 0.528140 0.031250 0.041667
0 0.509304 0.545622 0.031250 0.041667
0 0.476524 0.577091 0.031250 0.041667
0 0.522416 0.662755 0.031250 0.041667
0 0.392608 0.512405 0.031250 0.041667
0 0.401786 0.526391 0.031250 0.041667
0 0.496192 0.744923 0.031250 0.041667
0 0.417521 0.792126 0.031250 0.041667
0 0.420143 0.741426 0.031250 0.041667
0 0.345405 0.781636 0.031250 0.041667
0 0.261489 0.799119 0.031250 0.041667
0 0.254933 0.748419 0.031250 0.041667
0 0.177573 0.685482 0.031250 0.041667