0 0.260178 0.082335 0.031250 0.041667
0 0.275912 0.094573 0.031250 0.041667
0 0.287713 0.096321 0.031250 0.041667
0 0.312626 0.094573 0.031250 0.041667
0 0.340161 0.094573 0.031250 0.041667
0 0.348028 0.084084 0.031250 0.041667
0 0.359828 0.087580 0.031250 0.041667
0 0.190685 0.141776 0.031250 0.041667
0 0.230021 0.257161 0.031250 0.041667
0 0.277224 0.251916 0.031250 0.041667
0 0.307381 0.215203 0.031250 0.041667
0 0.362451 0.211706 0.031250 0.041667
0 0.389986 0.211706 0.031250 0.041667
0 0.312626 0.265902 0.031250 0.041667
0 0.435877 0.204713 0.031250 0.041667
0 0.445056 0.215203 0.031250 0.041667
0 0.252311 0.418000 0.031250 0.041667
0 0.308692 0.424993 0.031250 0.041667
0 0.264112 0.762405 0.031250 0.041667
0 0.304759 0.765902 0.031250 0.041667
0 0.371629 0.816601 0.031250 0.041667
0 0.351961 0.937230 0.031250 0.041667
0 0.526349 0.545622 0.031250 0.041667
0 0.456856 0.538629 0.031250 0.041667
0 0.547328 0.473944 0.031250 0.041667
0 0.761052 0.164503 0.031250 0.041667
0 0.767608 0.129538 0.031250 0.041667
0 0.927573 0.554363 0.031250 0.041667