0 0.602035 0.525471 0.031250 0.041667
0 0.543211 0.467612 0.031250 0.041667
0 0.502710 0.539614 0.031250 0.041667
0 0.442922 0.585902 0.031250 0.041667
0 0.406278 0.531900 0.031250 0.041667
0 0.390849 0.502327 0.031250 0.041667
0 0.440029 0.641190 0.031250 0.041667
0 0.366741 0.800624 0.031250 0.041667
0 0.294417 0.780052 0.031250 0.041667
0 0.262594 0.758194 0.031250 0.041667
0 0.634822 0.926628 0.031250 0.041667
0 0.711967 0.929200 0.031250 0.041667
0 0.788149 0.538329 0.031250 0.041667
0 0.345526 0.382752 0.031250 0.041667
0 0.267416 0.323607 0.031250 0.041667
0 0.229807 0.342893 0.031250 0.041667
0 0.231736 0.161601 0.031250 0.041667
0 0.261630 0.171887 0.031250 0.041667
0 0.290559 0.153886 0.031250 0.041667
0 0.326239 0.106313 0.031250 0.041667
0 0.359026 0.139743 0.031250 0.041667
0 0.342633 0.096027 0.031250 0.041667
0 0.306953 0.085741 0.031250 0.041667
0 0.281881 0.092170 0.031250 0.041667
0 0.194127 0.093456 0.031250 0.041667
0 0.342633 0.036882 0.031250 0.041667
0 0.447744 0.210460 0.031250 0.041667
0 0.677252 0.137172 0.031250 0.041667
0 0.694610 0.121742 0.031250 0.041667
0 0.718718 0.117885 0.031250 0.041667
0 0.759219 0.117885 0.031250 0.041667