0 0.211664 0.159258 0.031250 0.041667
0 0.193307 0.064853 0.031250 0.041667
0 0.275912 0.099818 0.031250 0.041667
0 0.289024 0.101566 0.031250 0.041667
0 0.307381 0.092825 0.031250 0.041667
0 0.338849 0.092825 0.031250 0.041667
0 0.351961 0.080587 0.031250 0.041667
0 0.358517 0.085832 0.031250 0.041667
0 0.292958 0.171496 0.031250 0.041667
0 0.222154 0.218699 0.031250 0.041667
0 0.345405 0.169748 0.031250 0.041667
0 0.369007 0.195972 0.031250 0.041667
0 0.441122 0.206461 0.031250 0.041667
0 0.447678 0.213454 0.031250 0.041667
0 0.303447 0.349818 0.031250 0.041667
0 0.063500 0.570098 0.031250 0.041667
0 0.254933 0.538629 0.031250 0.041667
0 0.258867 0.753664 0.031250 0.041667
0 0.315248 0.771147 0.031250 0.041667
0 0.362451 0.764154 0.031250 0.041667
0 0.333605 0.945972 0.031250 0.041667
0 0.358517 0.533384 0.031250 0.041667
0 0.464724 0.538629 0.031250 0.041667
0 0.525038 0.540377 0.031250 0.041667
0 0.552573 0.463454 0.031250 0.041667
0 0.911839 0.419748 0.031250 0.041667
0 0.761052 0.115552 0.031250 0.041667
0 0.747940 0.145272 0.031250 0.041667