0 0.226789 0.639877 0.031250 0.041667
0 0.587633 0.784471 0.031250 0.041667
0 0.669207 0.679545 0.031250 0.041667
0 0.737346 0.616845 0.031250 0.041667
0 0.697998 0.795987 0.031250 0.041667
0 0.833315 0.934183 0.031250 0.041667
0 0.936962 0.961054 0.031250 0.041667
0 0.882259 0.409551 0.031250 0.041667
0 0.708555 0.348131 0.031250 0.041667
0 0.658651 0.366045 0.031250 0.041667
0 0.509898 0.541349 0.031250 0.041667
0 0.534850 0.469692 0.031250 0.041667
0 0.403372 0.477369 0.031250 0.041667
0 0.393775 0.515757 0.031250 0.041667
0 0.423526 0.534951 0.031250 0.041667
0 0.688401 0.259839 0.031250 0.041667
0 0.734466 0.261118 0.031250 0.041667
0 0.733507 0.184343 0.031250 0.041667
0 0.703756 0.167708 0.031250 0.041667
0 0.763257 0.180504 0.031250 0.041667
0 0.693200 0.120363 0.031250 0.041667
0 0.446559 0.209935 0.031250 0.041667
0 0.370743 0.240645 0.031250 0.041667
0 0.315081 0.234247 0.031250 0.041667
0 0.282451 0.180504 0.031250 0.041667
0 0.229668 0.154912 0.031250 0.041667
0 0.197998 0.177945 0.031250 0.041667
0 0.310282 0.094772 0.031250 0.041667
0 0.340992 0.094772 0.031250 0.041667
0 0.344831 0.038470 0.031250 0.041667
0 0.372662 0.043588 0.031250 0.041667
0 0.294927 0.042308 0.031250 0.041667
0 0.275733 0.042308 0.031250 0.041667
0 0.188401 0.042308 0.031250 0.041667