0 0.186035 0.116264 0.031250 0.041667
0 0.198720 0.109921 0.031250 0.041667
0 0.222504 0.137405 0.031250 0.041667
0 0.247874 0.137405 0.031250 0.041667
0 0.273244 0.097236 0.031250 0.041667
0 0.281172 0.095122 0.031250 0.041667
0 0.295443 0.090894 0.031250 0.041667
0 0.335084 0.086665 0.031250 0.041667
0 0.357282 0.101464 0.031250 0.041667
0 0.222504 0.219858 0.031250 0.041667
0 0.249460 0.213515 0.031250 0.041667
0 0.331912 0.209287 0.031250 0.041667
0 0.414365 0.192374 0.031250 0.041667
0 0.458762 0.190259 0.031250 0.041667
0 0.593540 0.147976 0.031250 0.041667
0 0.636352 0.135291 0.031250 0.041667
0 0.650623 0.164889 0.031250 0.041667
0 0.682335 0.152204 0.031250 0.041667
0 0.728318 0.147976 0.031250 0.041667
0 0.744174 0.147976 0.031250 0.041667
0 0.758445 0.171232 0.031250 0.041667
0 0.701363 0.215629 0.031250 0.041667
0 0.664893 0.221972 0.031250 0.041667
0 0.675993 0.270598 0.031250 0.041667
0 0.710876 0.262141 0.031250 0.041667
0 0.544386 0.473558 0.031250 0.041667
0 0.733075 0.515841 0.031250 0.041667
0 0.208234 0.782226 0.031250 0.041667