0 0.270073 0.095122 0.031250 0.041667
0 0.278001 0.097236 0.031250 0.041667
0 0.287515 0.095122 0.031250 0.041667
0 0.331912 0.090894 0.031250 0.041667
0 0.341426 0.082437 0.031250 0.041667
0 0.362039 0.084551 0.031250 0.041667
0 0.333498 0.116264 0.031250 0.041667
0 0.355697 0.114149 0.031250 0.041667
0 0.455591 0.192374 0.031250 0.041667
0 0.444492 0.211401 0.031250 0.041667
0 0.455591 0.211401 0.031250 0.041667
0 0.343012 0.179689 0.031250 0.041667
0 0.298614 0.173346 0.031250 0.041667
0 0.260559 0.186031 0.031250 0.041667
0 0.227261 0.181803 0.031250 0.041667
0 0.230432 0.329794 0.031250 0.041667
0 0.271659 0.325566 0.031250 0.041667
0 0.331912 0.317109 0.031250 0.041667
0 0.423879 0.325566 0.031250 0.041667
0 0.428635 0.300196 0.031250 0.041667
0 0.458762 0.312881 0.031250 0.041667
0 0.247874 0.412247 0.031250 0.041667
0 0.133709 0.496813 0.031250 0.041667
0 0.181278 0.765312 0.031250 0.041667
0 0.395337 0.484128 0.031250 0.041667
0 0.395337 0.505270 0.031250 0.041667
0 0.450834 0.528526 0.031250 0.041667
0 0.526944 0.547553 0.031250 0.041667
0 0.550728 0.473558 0.031250 0.041667
0 0.579270 0.551782 0.031250 0.041667
0 0.696606 0.583494 0.031250 0.041667
0 0.774301 0.528526 0.031250 0.041667
0 0.848826 0.526412 0.031250 0.041667
0 0.878952 0.469329 0.031250 0.041667
0 0.897980 0.306538 0.031250 0.041667
0 0.661722 0.158547 0.031250 0.041667
0 0.677578 0.133177 0.031250 0.041667
0 0.707705 0.152204 0.031250 0.041667
0 0.728318 0.139519 0.031250 0.041667
0 0.755274 0.122606 0.031250 0.041667