0 0.205108 0.096321 0.031250 0.041667
0 0.247066 0.052615 0.031250 0.041667
0 0.262800 0.035133 0.031250 0.041667
0 0.249689 0.101566 0.031250 0.041667
0 0.275912 0.098070 0.031250 0.041667
0 0.282468 0.096321 0.031250 0.041667
0 0.306070 0.091077 0.031250 0.041667
0 0.342783 0.091077 0.031250 0.041667
0 0.355895 0.077091 0.031250 0.041667
0 0.374252 0.054363 0.031250 0.041667
0 0.422766 0.047370 0.031250 0.041667
0 0.437189 0.215203 0.031250 0.041667
0 0.451612 0.209958 0.031250 0.041667
0 0.325738 0.290377 0.031250 0.041667
0 0.264112 0.339328 0.031250 0.041667
0 0.227398 0.341077 0.031250 0.041667
0 0.009741 0.673244 0.031250 0.041667
0 0.253622 0.758909 0.031250 0.041667
0 0.307381 0.751916 0.031250 0.041667
0 0.460790 0.552615 0.031250 0.041667
0 0.526349 0.540377 0.031250 0.041667
0 0.551262 0.466951 0.031250 0.041667
0 0.578797 0.645272 0.031250 0.041667
0 0.778098 0.431986 0.031250 0.041667
0 0.818745 0.404014 0.031250 0.041667
0 0.850213 0.309608 0.031250 0.041667
0 0.657468 0.304363 0.031250 0.041667
0 0.715161 0.316601 0.031250 0.041667
0 0.729584 0.264154 0.031250 0.041667
0 0.767608 0.262405 0.031250 0.041667
0 0.839724 0.211706 0.031250 0.041667
0 0.673203 0.199468 0.031250 0.041667
0 0.637800 0.188979 0.031250 0.041667
0 0.681792 0.415431 0.031250 0.041667