0 0.139161 0.354465 0.031250 0.041667
0 0.182556 0.367323 0.031250 0.041667
0 0.208592 0.277319 0.031250 0.041667
0 0.392777 0.508756 0.031250 0.041667
0 0.409171 0.525471 0.031250 0.041667
0 0.268380 0.283748 0.031250 0.041667
0 0.287666 0.774909 0.031250 0.041667
0 0.324311 0.786480 0.031250 0.041667
0 0.370598 0.792909 0.031250 0.041667
0 0.453530 0.569187 0.031250 0.041667
0 0.449672 0.641190 0.031250 0.041667
0 0.505603 0.533186 0.031250 0.041667
0 0.547069 0.465040 0.031250 0.041667
0 0.784291 0.606474 0.031250 0.041667
0 0.848901 0.596188 0.031250 0.041667
0 0.908689 0.629618 0.031250 0.041667
0 0.847937 0.776194 0.031250 0.041667
0 0.652180 0.305606 0.031250 0.041667
0 0.687859 0.245175 0.031250 0.041667
0 0.333954 0.238747 0.031250 0.041667
0 0.296345 0.237461 0.031250 0.041667
0 0.306953 0.160315 0.031250 0.041667
0 0.239450 0.166744 0.031250 0.041667
0 0.189306 0.056169 0.031250 0.041667
0 0.285738 0.089598 0.031250 0.041667
0 0.312739 0.099884 0.031250 0.041667
0 0.347454 0.097313 0.031250 0.041667
0 0.381206 0.205317 0.031250 0.041667
0 0.440029 0.204031 0.031250 0.041667