0 0.236849 0.493330 0.031250 0.041667
0 0.070708 0.653162 0.031250 0.041667
0 0.282064 0.775139 0.031250 0.041667
0 0.402989 0.529783 0.031250 0.041667
0 0.393526 0.508753 0.031250 0.041667
0 0.506039 0.536794 0.031250 0.041667
0 0.549151 0.522773 0.031250 0.041667
0 0.562821 0.496135 0.031250 0.041667
0 0.536533 0.461084 0.031250 0.041667
0 0.424020 0.193295 0.031250 0.041667
0 0.453463 0.194697 0.031250 0.041667
0 0.557564 0.191893 0.031250 0.041667
0 0.291528 0.109173 0.031250 0.041667
0 0.286270 0.069917 0.031250 0.041667
0 0.243158 0.099359 0.031250 0.041667
0 0.236849 0.075525 0.031250 0.041667
0 0.266291 0.106369 0.031250 0.041667
0 0.277858 0.097957 0.031250 0.041667
0 0.291528 0.090947 0.031250 0.041667
0 0.372495 0.043278 0.031250 0.041667