0 0.574190 0.123218 0.031250 0.041667
0 0.617311 0.119111 0.031250 0.041667
0 0.415052 0.056141 0.031250 0.041667
0 0.428399 0.054772 0.031250 0.041667
0 0.366798 0.078044 0.031250 0.041667
0 0.348317 0.065723 0.031250 0.041667
0 0.288769 0.091733 0.031250 0.041667
0 0.270288 0.101315 0.031250 0.041667
0 0.419159 0.254635 0.031250 0.041667
0 0.370904 0.256004 0.031250 0.041667
0 0.441746 0.214936 0.031250 0.041667
0 0.454067 0.202616 0.031250 0.041667
0 0.555709 0.195771 0.031250 0.041667
0 0.726141 0.097209 0.031250 0.041667
0 0.713820 0.086257 0.031250 0.041667
0 0.854477 0.249159 0.031250 0.041667
0 0.869878 0.765244 0.031250 0.041667
0 0.512588 0.643410 0.031250 0.041667
0 0.445853 0.609187 0.031250 0.041667
0 0.447907 0.540741 0.031250 0.041667
0 0.391438 0.502411 0.031250 0.041667
0 0.386305 0.481877 0.031250 0.041667
0 0.508481 0.540741 0.031250 0.041667
0 0.549549 0.480508 0.031250 0.041667
0 0.153245 0.600973 0.031250 0.041667
0 0.167619 0.480508 0.031250 0.041667
0 0.102937 0.443547 0.031250 0.041667