0 0.306725 0.085832 0.031250 0.041667
0 0.311970 0.173244 0.031250 0.041667
0 0.259523 0.180237 0.031250 0.041667
0 0.218876 0.178489 0.031250 0.041667
0 0.229365 0.265902 0.031250 0.041667
0 0.272634 0.265902 0.031250 0.041667
0 0.448334 0.209958 0.031250 0.041667
0 0.765641 0.168000 0.031250 0.041667
0 0.839068 0.183734 0.031250 0.041667
0 0.837757 0.334084 0.031250 0.041667
0 0.900694 0.332335 0.031250 0.041667
0 0.814155 0.367300 0.031250 0.041667
0 0.675169 0.318349 0.031250 0.041667
0 0.627967 0.295622 0.031250 0.041667
0 0.546673 0.468699 0.031250 0.041667
0 0.596498 0.505412 0.031250 0.041667
0 0.568963 0.521147 0.031250 0.041667
0 0.397197 0.501916 0.031250 0.041667
0 0.353928 0.501916 0.031250 0.041667
0 0.148071 0.715203 0.031250 0.041667
0 0.077267 0.744923 0.031250 0.041667
0 0.290991 0.744923 0.031250 0.041667
0 0.284435 0.806112 0.031250 0.041667
0 0.355239 0.764154 0.031250 0.041667
0 0.408998 0.757161 0.031250 0.041667
0 0.423421 0.736182 0.031250 0.041667
0 0.439155 0.806112 0.031250 0.041667
0 0.566341 0.652265 0.031250 0.041667
0 0.544050 0.895272 0.031250 0.041667
0 0.656813 0.918000 0.031250 0.041667
0 0.724995 0.669748 0.031250 0.041667
0 0.780064 0.669748 0.031250 0.041667
0 0.829890 0.668000 0.031250 0.041667
0 0.782687 0.764154 0.031250 0.041667
0 0.839068 0.839328 0.031250 0.041667
0 0.898071 0.743175 0.031250 0.041667
0 0.947897 0.797370 0.031250 0.041667