0 0.199863 0.054363 0.031250 0.041667
0 0.253622 0.059608 0.031250 0.041667
0 0.307381 0.096321 0.031250 0.041667
0 0.446367 0.209958 0.031250 0.041667
0 0.456856 0.208209 0.031250 0.041667
0 0.241821 0.154014 0.031250 0.041667
0 0.370318 0.264154 0.031250 0.041667
0 0.367696 0.311356 0.031250 0.041667
0 0.275912 0.290377 0.031250 0.041667
0 0.243133 0.306112 0.031250 0.041667
0 0.193307 0.328839 0.031250 0.041667
0 0.017608 0.895272 0.031250 0.041667
0 0.075300 0.951216 0.031250 0.041667
0 0.393919 0.508909 0.031250 0.041667
0 0.405720 0.528140 0.031250 0.041667
0 0.506682 0.529888 0.031250 0.041667
0 0.566996 0.524643 0.031250 0.041667
0 0.581419 0.498419 0.031250 0.041667
0 0.590598 0.468699 0.031250 0.041667
0 0.527661 0.613804 0.031250 0.041667
0 0.506682 0.727440 0.031250 0.041667
0 0.454234 0.755412 0.031250 0.041667
0 0.396542 0.809608 0.031250 0.041667
0 0.350650 0.799119 0.031250 0.041667
0 0.275912 0.802615 0.031250 0.041667
0 0.803010 0.542126 0.031250 0.041667
0 0.852835 0.540377 0.031250 0.041667
0 0.805633 0.241426 0.031250 0.041667
0 0.759741 0.244923 0.031250 0.041667
0 0.704671 0.211706 0.031250 0.041667
0 0.747940 0.174993 0.031250 0.041667
0 0.662713 0.157510 0.031250 0.041667
0 0.681070 0.096321 0.031250 0.041667
0 0.700738 0.091077 0.031250 0.041667
0 0.544706 0.209958 0.031250 0.041667