0 0.337154 0.224010 0.031250 0.041667
0 0.359227 0.230408 0.031250 0.041667
0 0.181683 0.309743 0.031250 0.041667
0 0.155772 0.522155 0.031250 0.041667
0 0.074198 0.522155 0.031250 0.041667
0 0.063641 0.628361 0.031250 0.041667
0 0.291088 0.758879 0.031250 0.041667
0 0.842912 0.845891 0.031250 0.041667
0 0.501261 0.538790 0.031250 0.041667
0 0.410090 0.528553 0.031250 0.041667
0 0.405292 0.506800 0.031250 0.041667
0 0.412010 0.478649 0.031250 0.041667
0 0.551165 0.513198 0.031250 0.041667
0 0.557883 0.492724 0.031250 0.041667
0 0.534850 0.468412 0.031250 0.041667
0 0.713353 0.180504 0.031250 0.041667
0 0.721990 0.151074 0.031250 0.041667
0 0.447518 0.211214 0.031250 0.041667
0 0.419687 0.202257 0.031250 0.041667
0 0.396655 0.200978 0.031250 0.041667
0 0.297806 0.152353 0.031250 0.041667
0 0.254620 0.149794 0.031250 0.041667
0 0.206635 0.174106 0.031250 0.041667
0 0.298766 0.096051 0.031250 0.041667
0 0.341952 0.096051 0.031250 0.041667
0 0.357307 0.087094 0.031250 0.041667