0 0.011818 0.491445 0.031250 0.041667
0 0.022374 0.464573 0.031250 0.041667
0 0.157691 0.442820 0.031250 0.041667
0 0.193200 0.440261 0.031250 0.041667
0 0.235426 0.414669 0.031250 0.041667
0 0.262298 0.400594 0.031250 0.041667
0 0.175925 0.725610 0.031250 0.041667
0 0.200877 0.707696 0.031250 0.041667
0 0.203756 0.326378 0.031250 0.041667
0 0.255580 0.289269 0.031250 0.041667
0 0.296847 0.290549 0.031250 0.041667
0 0.304524 0.229129 0.031250 0.041667
0 0.261338 0.227849 0.031250 0.041667
0 0.361146 0.262398 0.031250 0.041667
0 0.391856 0.494004 0.031250 0.041667
0 0.412969 0.474810 0.031250 0.041667
0 0.406251 0.522155 0.031250 0.041667
0 0.491664 0.532392 0.031250 0.041667
0 0.548286 0.469692 0.031250 0.041667
0 0.293008 0.152353 0.031250 0.041667
0 0.271894 0.143396 0.031250 0.041667
0 0.283411 0.105008 0.031250 0.041667
0 0.312202 0.105008 0.031250 0.041667
0 0.310282 0.084535 0.031250 0.041667
0 0.349630 0.090933 0.031250 0.041667
0 0.191280 0.067900 0.031250 0.041667
0 0.447518 0.203537 0.031250 0.041667
0 0.617384 0.220172 0.031250 0.041667
0 0.581875 0.129321 0.031250 0.041667
0 0.668248 0.112686 0.031250 0.041667
0 0.743104 0.131880 0.031250 0.041667
0 0.723910 0.179225 0.031250 0.041667
0 0.705676 0.218892 0.031250 0.041667
0 0.798766 0.226569 0.031250 0.041667
0 0.423526 0.048706 0.031250 0.041667