0 0.208659 0.039335 0.031250 0.041667
0 0.218506 0.039335 0.031250 0.041667
0 0.244764 0.074346 0.031250 0.041667
0 0.271022 0.069969 0.031250 0.041667
0 0.289074 0.063405 0.031250 0.041667
0 0.231635 0.085287 0.031250 0.041667
0 0.246405 0.113733 0.031250 0.041667
0 0.195530 0.107169 0.031250 0.041667
0 0.193888 0.150932 0.031250 0.041667
0 0.228352 0.135615 0.031250 0.041667
0 0.362926 0.124674 0.031250 0.041667
0 0.385902 0.153120 0.031250 0.041667
0 0.313692 0.159685 0.031250 0.041667
0 0.446624 0.205637 0.031250 0.041667
0 0.546733 0.214390 0.031250 0.041667
0 0.566427 0.194696 0.031250 0.041667
0 0.653407 0.135615 0.031250 0.041667
0 0.701000 0.282223 0.031250 0.041667
0 0.684589 0.297541 0.031250 0.041667
0 0.799468 0.249401 0.031250 0.041667
0 0.861832 0.376315 0.031250 0.041667
0 0.804392 0.367562 0.031250 0.041667
0 0.837215 0.619204 0.031250 0.041667
0 0.896295 0.625768 0.031250 0.041667
0 0.751875 0.741742 0.031250 0.041667
0 0.742029 0.844587 0.031250 0.041667
0 0.661613 0.838022 0.031250 0.041667
0 0.505705 0.531676 0.031250 0.041667
0 0.540169 0.468219 0.031250 0.041667
0 0.395748 0.496665 0.031250 0.041667
0 0.403954 0.527300 0.031250 0.041667
0 0.256252 0.463843 0.031250 0.041667
0 0.221788 0.470407 0.031250 0.041667
0 0.236558 0.485724 0.031250 0.041667
0 0.252969 0.544805 0.031250 0.041667
0 0.441700 0.654215 0.031250 0.041667
0 0.484370 0.732989 0.031250 0.041667
0 0.420365 0.792070 0.031250 0.041667
0 0.333385 0.805199 0.031250 0.041667
0 0.290716 0.805199 0.031250 0.041667
0 0.198812 0.763624 0.031250 0.041667
0 0.193888 0.732989 0.031250 0.041667
0 0.052751 0.647650 0.031250 0.041667
0 0.047827 0.551370 0.031250 0.041667
0 0.029775 0.485724 0.031250 0.041667
0 0.111832 0.553558 0.031250 0.041667
0 0.106908 0.601698 0.031250 0.041667