0 0.211405 0.114149 0.031250 0.041667
0 0.268487 0.099350 0.031250 0.041667
0 0.282758 0.097236 0.031250 0.041667
0 0.300200 0.097236 0.031250 0.041667
0 0.287515 0.112035 0.031250 0.041667
0 0.303371 0.120492 0.031250 0.041667
0 0.327155 0.122606 0.031250 0.041667
0 0.279587 0.133177 0.031250 0.041667
0 0.254217 0.133177 0.031250 0.041667
0 0.189206 0.156433 0.031250 0.041667
0 0.184449 0.088780 0.031250 0.041667
0 0.333498 0.090894 0.031250 0.041667
0 0.343012 0.084551 0.031250 0.041667
0 0.357282 0.226200 0.031250 0.041667
0 0.436563 0.200830 0.031250 0.041667
0 0.457177 0.196602 0.031250 0.041667
0 0.300200 0.361507 0.031250 0.041667
0 0.206648 0.359393 0.031250 0.041667
0 0.159079 0.714572 0.031250 0.041667
0 0.205062 0.716686 0.031250 0.041667
0 0.392166 0.488357 0.031250 0.041667
0 0.396923 0.505270 0.031250 0.041667
0 0.463519 0.545439 0.031250 0.041667
0 0.520602 0.547553 0.031250 0.041667
0 0.544386 0.477786 0.031250 0.041667
0 0.620496 0.824509 0.031250 0.041667
0 0.702948 0.811824 0.031250 0.041667
0 0.890052 0.566581 0.031250 0.041667
0 0.872610 0.532754 0.031250 0.041667
0 0.675993 0.317109 0.031250 0.041667
0 0.737832 0.342479 0.031250 0.041667
0 0.894809 0.276940 0.031250 0.041667
0 0.626838 0.164889 0.031250 0.041667