0 0.214313 0.102449 0.031250 0.041667
0 0.218152 0.076857 0.031250 0.041667
0 0.307403 0.090933 0.031250 0.041667
0 0.354428 0.093492 0.031250 0.041667
0 0.452317 0.206096 0.031250 0.041667
0 0.412010 0.532392 0.031250 0.041667
0 0.394735 0.513198 0.031250 0.041667
0 0.415848 0.479928 0.031250 0.041667
0 0.506060 0.534951 0.031250 0.041667
0 0.596271 0.485047 0.031250 0.041667
0 0.609706 0.468412 0.031250 0.041667
0 0.538689 0.473530 0.031250 0.041667
0 0.255580 0.756320 0.031250 0.041667
0 0.200877 0.751202 0.031250 0.041667
0 0.667288 0.115245 0.031250 0.041667
0 0.782451 0.215053 0.031250 0.041667
0 0.830436 0.179225 0.031250 0.041667
0 0.393775 0.066621 0.031250 0.041667
0 0.426405 0.067900 0.031250 0.041667