0 0.205108 0.068349 0.031250 0.041667
0 0.205108 0.106811 0.031250 0.041667
0 0.239199 0.133035 0.031250 0.041667
0 0.312626 0.084084 0.031250 0.041667
0 0.341472 0.071846 0.031250 0.041667
0 0.350650 0.075342 0.031250 0.041667
0 0.232643 0.199468 0.031250 0.041667
0 0.249689 0.299119 0.031250 0.041667
0 0.315248 0.292126 0.031250 0.041667
0 0.443745 0.209958 0.031250 0.041667
0 0.450300 0.209958 0.031250 0.041667
0 0.185440 0.437230 0.031250 0.041667
0 0.121192 0.774643 0.031250 0.041667
0 0.195930 0.729189 0.031250 0.041667
0 0.389986 0.503664 0.031250 0.041667
0 0.396542 0.522895 0.031250 0.041667
0 0.458168 0.550867 0.031250 0.041667
0 0.531594 0.547370 0.031250 0.041667
0 0.569619 0.519398 0.031250 0.041667
0 0.593220 0.493175 0.031250 0.041667
0 0.543395 0.461706 0.031250 0.041667
0 0.851524 0.751916 0.031250 0.041667
0 0.683692 0.330587 0.031250 0.041667
0 0.732206 0.339328 0.031250 0.041667
0 0.635178 0.223944 0.031250 0.041667