0 0.295734 0.103565 0.031250 0.041667
0 0.291528 0.088143 0.031250 0.041667
0 0.259982 0.046082 0.031250 0.041667
0 0.230539 0.095153 0.031250 0.041667
0 0.207406 0.085339 0.031250 0.041667
0 0.185324 0.141420 0.031250 0.041667
0 0.279961 0.194697 0.031250 0.041667
0 0.297837 0.221336 0.031250 0.041667
0 0.327280 0.196100 0.031250 0.041667
0 0.353568 0.189089 0.031250 0.041667
0 0.376701 0.182079 0.031250 0.041667
0 0.388268 0.200306 0.031250 0.041667
0 0.413505 0.198904 0.031250 0.041667
0 0.456617 0.198904 0.031250 0.041667
0 0.249467 0.313870 0.031250 0.041667
0 0.201097 0.337705 0.031250 0.041667
0 0.250518 0.475104 0.031250 0.041667
0 0.188478 0.490526 0.031250 0.041667
0 0.111717 0.494733 0.031250 0.041667
0 0.131696 0.501743 0.031250 0.041667
0 0.394577 0.501743 0.031250 0.041667
0 0.410350 0.519969 0.031250 0.041667
0 0.450308 0.526979 0.031250 0.041667
0 0.521812 0.535391 0.031250 0.041667
0 0.547048 0.525577 0.031250 0.041667
0 0.563873 0.503145 0.031250 0.041667
0 0.545997 0.475104 0.031250 0.041667
0 0.675334 0.405002 0.031250 0.041667
0 0.715292 0.396590 0.031250 0.041667
0 0.643789 0.208718 0.031250 0.041667
0 0.829908 0.173667 0.031250 0.041667
0 0.314661 0.758315 0.031250 0.041667
0 0.562821 0.193295 0.031250 0.041667
0 0.295734 0.061504 0.031250 0.041667