0 0.195226 0.094957 0.031250 0.041667
0 0.232924 0.102894 0.031250 0.041667
0 0.256734 0.084375 0.031250 0.041667
0 0.308321 0.097603 0.031250 0.041667
0 0.284511 0.134640 0.031250 0.041667
0 0.201178 0.182259 0.031250 0.041667
0 0.224988 0.282788 0.031250 0.041667
0 0.308321 0.182259 0.031250 0.041667
0 0.403559 0.221941 0.031250 0.041667
0 0.451178 0.208714 0.031250 0.041667
0 0.377765 0.243105 0.031250 0.041667
0 0.334115 0.258978 0.031250 0.041667
0 0.302369 0.288079 0.031250 0.041667
0 0.274591 0.288079 0.031250 0.041667
0 0.332130 0.362153 0.031250 0.041667
0 0.232924 0.740460 0.031250 0.041667
0 0.387686 0.425645 0.031250 0.041667
0 0.407527 0.526174 0.031250 0.041667
0 0.344035 0.528819 0.031250 0.041667
0 0.526575 0.531465 0.031250 0.041667
0 0.564273 0.526174 0.031250 0.041667
0 0.582130 0.502364 0.031250 0.041667
0 0.552369 0.473264 0.031250 0.041667
0 0.421416 0.729878 0.031250 0.041667
0 0.447210 0.745751 0.031250 0.041667
0 0.334115 0.756333 0.031250 0.041667
0 0.369829 0.793370 0.031250 0.041667
0 0.383718 0.801306 0.031250 0.041667
0 0.300384 0.806597 0.031250 0.041667
0 0.802369 0.444163 0.031250 0.041667
0 0.546416 0.208714 0.031250 0.041667
0 0.673400 0.145222 0.031250 0.041667
0 0.695226 0.139931 0.031250 0.041667
0 0.705146 0.110830 0.031250 0.041667
0 0.790464 0.219296 0.031250 0.041667
0 0.861892 0.325116 0.031250 0.041667
0 0.863876 0.417708 0.031250 0.041667