0 0.195549 0.154319 0.031250 0.041667
0 0.227261 0.154319 0.031250 0.041667
0 0.278001 0.088780 0.031250 0.041667
0 0.297029 0.095122 0.031250 0.041667
0 0.335084 0.082437 0.031250 0.041667
0 0.360454 0.086665 0.031250 0.041667
0 0.366796 0.192374 0.031250 0.041667
0 0.420707 0.202944 0.031250 0.041667
0 0.454005 0.202944 0.031250 0.041667
0 0.335084 0.190259 0.031250 0.041667
0 0.284344 0.198716 0.031250 0.041667
0 0.292272 0.253684 0.031250 0.041667
0 0.224090 0.268484 0.031250 0.041667
0 0.545972 0.473558 0.031250 0.041667
0 0.238361 0.790682 0.031250 0.041667
0 0.591955 0.775883 0.031250 0.041667
0 0.674407 0.883706 0.031250 0.041667
0 0.753688 0.784340 0.031250 0.041667
0 0.769544 0.604636 0.031250 0.041667
0 0.807599 0.598293 0.031250 0.041667
0 0.823456 0.270598 0.031250 0.041667
0 0.863096 0.283283 0.031250 0.041667
0 0.656965 0.196602 0.031250 0.041667
0 0.637938 0.169118 0.031250 0.041667
0 0.599883 0.183917 0.031250 0.041667
0 0.287515 0.099350 0.031250 0.041667