0 0.134765 0.424382 0.031250 0.041667
0 0.195340 0.447654 0.031250 0.041667
0 0.162486 0.320344 0.031250 0.041667
0 0.198420 0.308023 0.031250 0.041667
0 0.216900 0.292965 0.031250 0.041667
0 0.230247 0.312130 0.031250 0.041667
0 0.241541 0.340877 0.031250 0.041667
0 0.298009 0.314868 0.031250 0.041667
0 0.329837 0.387421 0.031250 0.041667
0 0.389385 0.377838 0.031250 0.041667
0 0.301089 0.221781 0.031250 0.041667
0 0.444826 0.525682 0.031250 0.041667
0 0.462280 0.550323 0.031250 0.041667
0 0.512588 0.539372 0.031250 0.041667
0 0.558789 0.520207 0.031250 0.041667
0 0.572136 0.495566 0.031250 0.041667
0 0.565976 0.468187 0.031250 0.041667
0 0.610124 0.614662 0.031250 0.041667
0 0.674806 0.607818 0.031250 0.041667
0 0.676859 0.584546 0.031250 0.041667
0 0.824703 0.518838 0.031250 0.041667
0 0.856531 0.527051 0.031250 0.041667
0 0.323677 0.822739 0.031250 0.041667
0 0.642978 0.141014 0.031250 0.041667
0 0.633738 0.072568 0.031250 0.041667
0 0.615258 0.068461 0.031250 0.041667
0 0.700473 0.119111 0.031250 0.041667
0 0.709713 0.161548 0.031250 0.041667
0 0.559816 0.188927 0.031250 0.041667
0 0.443800 0.213567 0.031250 0.041667
0 0.454067 0.199878 0.031250 0.041667
0 0.308276 0.150597 0.031250 0.041667
0 0.276449 0.139645 0.031250 0.041667
0 0.282609 0.095840 0.031250 0.041667
0 0.270288 0.098578 0.031250 0.041667
0 0.261048 0.105422 0.031250 0.041667
0 0.240514 0.099947 0.031250 0.041667
0 0.221007 0.125956 0.031250 0.041667
0 0.213820 0.171131 0.031250 0.041667
0 0.224087 0.162917 0.031250 0.041667
0 0.351397 0.043821 0.031250 0.041667