0 0.201830 0.063105 0.031250 0.041667
0 0.214942 0.063105 0.031250 0.041667
0 0.229365 0.089328 0.031250 0.041667
0 0.246411 0.089328 0.031250 0.041667
0 0.305414 0.096321 0.031250 0.041667
0 0.443089 0.202965 0.031250 0.041667
0 0.458823 0.204713 0.031250 0.041667
0 0.281813 0.166251 0.031250 0.041667
0 0.247722 0.122545 0.031250 0.041667
0 0.203141 0.136531 0.031250 0.041667
0 0.246411 0.180237 0.031250 0.041667
0 0.260834 0.194223 0.031250 0.041667
0 0.258211 0.274643 0.031250 0.041667
0 0.239855 0.377790 0.031250 0.041667
0 0.174295 0.302615 0.031250 0.041667
0 0.148071 0.356811 0.031250 0.041667
0 0.099557 0.379538 0.031250 0.041667
0 0.391953 0.508909 0.031250 0.041667
0 0.402442 0.529888 0.031250 0.041667
0 0.553229 0.531636 0.031250 0.041667
0 0.583386 0.500168 0.031250 0.041667
0 0.550606 0.473944 0.031250 0.041667
0 0.325082 0.757161 0.031250 0.041667
0 0.348683 0.771147 0.031250 0.041667
0 0.405064 0.746671 0.031250 0.041667
0 0.406376 0.778140 0.031250 0.041667
0 0.435222 0.809608 0.031250 0.041667
0 0.474557 0.813105 0.031250 0.041667
0 0.532250 0.732685 0.031250 0.041667
0 0.662057 0.681986 0.031250 0.041667
0 0.701393 0.900517 0.031250 0.041667
0 0.840379 0.564853 0.031250 0.041667
0 0.878404 0.531636 0.031250 0.041667
0 0.898071 0.636531 0.031250 0.041667