0 0.122232 0.825612 0.031250 0.041667
0 0.279961 0.913940 0.031250 0.041667
0 0.314661 0.773737 0.031250 0.041667
0 0.346207 0.842437 0.031250 0.041667
0 0.435587 0.784953 0.031250 0.041667
0 0.508142 0.539598 0.031250 0.041667
0 0.548100 0.526979 0.031250 0.041667
0 0.562821 0.498939 0.031250 0.041667
0 0.544945 0.468094 0.031250 0.041667
0 0.441896 0.522773 0.031250 0.041667
0 0.398783 0.522773 0.031250 0.041667
0 0.389320 0.507351 0.031250 0.041667
0 0.281013 0.308262 0.031250 0.041667
0 0.291528 0.186285 0.031250 0.041667
0 0.323074 0.173667 0.031250 0.041667
0 0.363032 0.163853 0.031250 0.041667
0 0.356722 0.106369 0.031250 0.041667
0 0.317816 0.100761 0.031250 0.041667
0 0.286270 0.104967 0.031250 0.041667
0 0.268394 0.097957 0.031250 0.041667
0 0.231591 0.114782 0.031250 0.041667
0 0.197942 0.120390 0.031250 0.041667
0 0.179015 0.120390 0.031250 0.041667
0 0.456617 0.200306 0.031250 0.041667
0 0.561770 0.193295 0.031250 0.041667
0 0.565976 0.120390 0.031250 0.041667