0 0.316257 0.092312 0.031250 0.041667
0 0.193242 0.134640 0.031250 0.041667
0 0.207130 0.137285 0.031250 0.041667
0 0.193242 0.219296 0.031250 0.041667
0 0.443242 0.216650 0.031250 0.041667
0 0.455146 0.214005 0.031250 0.041667
0 0.544432 0.208714 0.031250 0.041667
0 0.752765 0.229878 0.031250 0.041667
0 0.673400 0.317179 0.031250 0.041667
0 0.724988 0.404481 0.031250 0.041667
0 0.756734 0.404481 0.031250 0.041667
0 0.576178 0.486491 0.031250 0.041667
0 0.554353 0.404481 0.031250 0.041667
0 0.548400 0.481200 0.031250 0.041667
0 0.556337 0.534110 0.031250 0.041667
0 0.391654 0.505010 0.031250 0.041667
0 0.403559 0.531465 0.031250 0.041667
0 0.026575 0.544692 0.031250 0.041667
0 0.060305 0.552629 0.031250 0.041667
0 0.197210 0.851571 0.031250 0.041667
0 0.282527 0.745751 0.031250 0.041667
0 0.304353 0.785433 0.031250 0.041667
0 0.346019 0.803952 0.031250 0.041667
0 0.369829 0.790724 0.031250 0.041667
0 0.395623 0.748396 0.031250 0.041667
0 0.423400 0.740460 0.031250 0.041667
0 0.645623 0.663740 0.031250 0.041667
0 0.717051 0.679613 0.031250 0.041667
0 0.853956 0.835698 0.031250 0.041667
0 0.913480 0.843634 0.031250 0.041667