0 0.207595 0.198419 0.031250 0.041667
0 0.226789 0.204816 0.031250 0.041667
0 0.240225 0.217612 0.031250 0.041667
0 0.277653 0.213774 0.031250 0.041667
0 0.319879 0.224010 0.031250 0.041667
0 0.257499 0.279033 0.031250 0.041667
0 0.373622 0.249602 0.031250 0.041667
0 0.402413 0.236806 0.031250 0.041667
0 0.447518 0.217612 0.031250 0.041667
0 0.414889 0.490165 0.031250 0.041667
0 0.393775 0.506800 0.031250 0.041667
0 0.412010 0.522155 0.031250 0.041667
0 0.507979 0.532392 0.031250 0.041667
0 0.549246 0.527273 0.031250 0.041667
0 0.563641 0.496563 0.031250 0.041667
0 0.542528 0.470971 0.031250 0.041667
0 0.655772 0.587414 0.031250 0.041667
0 0.769975 0.523435 0.031250 0.041667
0 0.914889 0.877881 0.031250 0.041667
0 0.974390 0.867644 0.031250 0.041667
0 0.336194 0.790869 0.031250 0.041667
0 0.665369 0.289269 0.031250 0.041667
0 0.751741 0.300786 0.031250 0.041667
0 0.795887 0.286710 0.031250 0.041667
0 0.259418 0.110127 0.031250 0.041667
0 0.270935 0.092212 0.031250 0.041667
0 0.286290 0.073019 0.031250 0.041667
0 0.293967 0.092212 0.031250 0.041667
0 0.365944 0.084535 0.031250 0.041667
0 0.187442 0.042308 0.031250 0.041667
0 0.372662 0.134439 0.031250 0.041667