0 0.233665 0.051026 0.031250 0.041667
0 0.226914 0.038168 0.031250 0.041667
0 0.208592 0.110171 0.031250 0.041667
0 0.226914 0.116599 0.031250 0.041667
0 0.285738 0.097313 0.031250 0.041667
0 0.312739 0.094741 0.031250 0.041667
0 0.350347 0.098599 0.031250 0.041667
0 0.278023 0.193745 0.031250 0.041667
0 0.296345 0.193745 0.031250 0.041667
0 0.206664 0.188602 0.031250 0.041667
0 0.221128 0.249033 0.031250 0.041667
0 0.290559 0.288891 0.031250 0.041667
0 0.317560 0.286320 0.031250 0.041667
0 0.226914 0.501042 0.031250 0.041667
0 0.178698 0.481755 0.031250 0.041667
0 0.389884 0.508756 0.031250 0.041667
0 0.413028 0.528043 0.031250 0.041667
0 0.453530 0.583330 0.031250 0.041667
0 0.446779 0.643761 0.031250 0.041667
0 0.413992 0.753051 0.031250 0.041667
0 0.329132 0.792909 0.031250 0.041667
0 0.291524 0.764623 0.031250 0.041667
0 0.500781 0.542186 0.031250 0.041667
0 0.595285 0.504899 0.031250 0.041667
0 0.772720 0.472755 0.031250 0.041667
0 0.554783 0.465040 0.031250 0.041667
0 0.724504 0.291463 0.031250 0.041667
0 0.784291 0.295320 0.031250 0.041667
0 0.725468 0.169316 0.031250 0.041667
0 0.741861 0.173173 0.031250 0.041667
0 0.630000 0.151315 0.031250 0.041667
0 0.599142 0.156458 0.031250 0.041667
0 0.445815 0.204031 0.031250 0.041667