0 0.007979 0.620683 0.031250 0.041667
0 0.311242 0.289269 0.031250 0.041667
0 0.269015 0.256000 0.031250 0.041667
0 0.230628 0.245763 0.031250 0.041667
0 0.212394 0.296947 0.031250 0.041667
0 0.325637 0.226569 0.031250 0.041667
0 0.366904 0.256000 0.031250 0.041667
0 0.344831 0.197139 0.031250 0.041667
0 0.328516 0.142117 0.031250 0.041667
0 0.287250 0.142117 0.031250 0.041667
0 0.308363 0.092212 0.031250 0.041667
0 0.259418 0.084535 0.031250 0.041667
0 0.228708 0.078137 0.031250 0.041667
0 0.226789 0.061502 0.031250 0.041667
0 0.206635 0.055104 0.031250 0.041667
0 0.186482 0.105008 0.031250 0.041667
0 0.449438 0.211214 0.031250 0.041667
0 0.383219 0.183063 0.031250 0.041667
0 0.394735 0.176665 0.031250 0.041667
0 0.415848 0.479928 0.031250 0.041667
0 0.393775 0.509359 0.031250 0.041667
0 0.413929 0.527273 0.031250 0.041667
0 0.445599 0.533671 0.031250 0.041667
0 0.509898 0.538790 0.031250 0.041667
0 0.560762 0.524714 0.031250 0.041667
0 0.564601 0.494004 0.031250 0.041667
0 0.730628 0.130600 0.031250 0.041667
0 0.774774 0.103729 0.031250 0.041667
0 0.775733 0.085815 0.031250 0.041667
0 0.362106 0.081976 0.031250 0.041667
0 0.331395 0.087094 0.031250 0.041667