0 0.203797 0.080587 0.031250 0.041667
0 0.303447 0.089328 0.031250 0.041667
0 0.338849 0.084084 0.031250 0.041667
0 0.349339 0.082335 0.031250 0.041667
0 0.443745 0.208209 0.031250 0.041667
0 0.451612 0.213454 0.031250 0.041667
0 0.496192 0.351566 0.031250 0.041667
0 0.538150 0.335832 0.031250 0.041667
0 0.733517 0.293874 0.031250 0.041667
0 0.726961 0.318349 0.031250 0.041667
0 0.681070 0.582335 0.031250 0.041667
0 0.753185 0.587580 0.031250 0.041667
0 0.553884 0.466951 0.031250 0.041667
0 0.590598 0.503664 0.031250 0.041667
0 0.578797 0.526391 0.031250 0.041667
0 0.527661 0.550867 0.031250 0.041667
0 0.464724 0.536881 0.031250 0.041667
0 0.409654 0.535133 0.031250 0.041667
0 0.392608 0.507161 0.031250 0.041667
0 0.146105 0.757161 0.031250 0.041667
0 0.190685 0.755412 0.031250 0.041667