0 0.259982 0.762521 0.031250 0.041667
0 0.325177 0.766727 0.031250 0.041667
0 0.389320 0.818602 0.031250 0.041667
0 0.398783 0.783551 0.031250 0.041667
0 0.006565 0.536794 0.031250 0.041667
0 0.242106 0.421827 0.031250 0.041667
0 0.224230 0.382570 0.031250 0.041667
0 0.293631 0.430239 0.031250 0.041667
0 0.346207 0.361539 0.031250 0.041667
0 0.214767 0.267603 0.031250 0.041667
0 0.246312 0.291438 0.031250 0.041667
0 0.228436 0.235356 0.031250 0.041667
0 0.196891 0.175069 0.031250 0.041667
0 0.276806 0.219934 0.031250 0.041667
0 0.340949 0.224140 0.031250 0.041667
0 0.388268 0.239563 0.031250 0.041667
0 0.409299 0.529783 0.031250 0.041667
0 0.396680 0.508753 0.031250 0.041667
0 0.418762 0.477908 0.031250 0.041667
0 0.504987 0.533989 0.031250 0.041667
0 0.548100 0.519969 0.031250 0.041667
0 0.563873 0.496135 0.031250 0.041667
0 0.539688 0.470898 0.031250 0.041667
0 0.747890 0.287232 0.031250 0.041667
0 0.667974 0.250779 0.031250 0.041667
0 0.670077 0.170863 0.031250 0.041667
0 0.696365 0.182079 0.031250 0.041667
0 0.739477 0.218532 0.031250 0.041667
0 0.816239 0.228346 0.031250 0.041667
0 0.833063 0.316674 0.031250 0.041667
0 0.453463 0.198904 0.031250 0.041667
0 0.305198 0.142822 0.031250 0.041667
0 0.296785 0.159647 0.031250 0.041667
0 0.191633 0.134410 0.031250 0.041667
0 0.203200 0.074123 0.031250 0.041667
0 0.222127 0.078329 0.031250 0.041667
0 0.214767 0.041876 0.031250 0.041667
0 0.188478 0.040474 0.031250 0.041667
0 0.276806 0.099359 0.031250 0.041667
0 0.288373 0.086741 0.031250 0.041667
0 0.555461 0.203110 0.031250 0.041667