0 0.458112 0.700166 0.031250 0.041667
0 0.425289 0.722048 0.031250 0.041667
0 0.440059 0.732989 0.031250 0.041667
0 0.407236 0.794258 0.031250 0.041667
0 0.330103 0.794258 0.031250 0.041667
0 0.377696 0.805199 0.031250 0.041667
0 0.293998 0.778941 0.031250 0.041667
0 0.044545 0.610451 0.031250 0.041667
0 0.062597 0.658591 0.031250 0.041667
0 0.092138 0.621392 0.031250 0.041667
0 0.167630 0.566687 0.031250 0.041667
0 0.252969 0.590757 0.031250 0.041667
0 0.207018 0.730801 0.031250 0.041667
0 0.065880 0.459466 0.031250 0.041667
0 0.098702 0.444149 0.031250 0.041667
0 0.279228 0.400385 0.031250 0.041667
0 0.395748 0.516359 0.031250 0.041667
0 0.417083 0.542617 0.031250 0.041667
0 0.497499 0.531676 0.031250 0.041667
0 0.574632 0.487913 0.031250 0.041667
0 0.681306 0.490101 0.031250 0.041667
0 0.551657 0.468219 0.031250 0.041667
0 0.428571 0.247212 0.031250 0.041667
0 0.464676 0.231895 0.031250 0.041667
0 0.453188 0.199072 0.031250 0.041667
0 0.477805 0.196884 0.031250 0.041667
0 0.545092 0.205637 0.031250 0.041667
0 0.632072 0.150932 0.031250 0.041667
0 0.656689 0.164061 0.031250 0.041667
0 0.743670 0.168438 0.031250 0.041667
0 0.366208 0.135615 0.031250 0.041667
0 0.369490 0.201260 0.031250 0.041667
0 0.316974 0.094039 0.031250 0.041667
0 0.211941 0.148744 0.031250 0.041667
0 0.269381 0.218766 0.031250 0.041667