0 0.271659 0.088780 0.031250 0.041667
0 0.284344 0.090894 0.031250 0.041667
0 0.298614 0.090894 0.031250 0.041667
0 0.336669 0.090894 0.031250 0.041667
0 0.354111 0.093008 0.031250 0.041667
0 0.362039 0.171232 0.031250 0.041667
0 0.338255 0.179689 0.031250 0.041667
0 0.290686 0.190259 0.031250 0.041667
0 0.266902 0.194488 0.031250 0.041667
0 0.230432 0.255799 0.031250 0.041667
0 0.458762 0.190259 0.031250 0.041667
0 0.113096 0.448188 0.031250 0.041667
0 0.157494 0.448188 0.031250 0.041667
0 0.063942 0.606750 0.031250 0.041667
0 0.187621 0.710344 0.031250 0.041667
0 0.549143 0.465101 0.031250 0.041667
0 0.710876 0.530640 0.031250 0.041667
0 0.761616 0.560238 0.031250 0.041667
0 0.593540 0.124720 0.031250 0.041667
0 0.641109 0.114149 0.031250 0.041667
0 0.729904 0.160661 0.031250 0.041667