0 0.206419 0.092825 0.031250 0.041667
0 0.212975 0.145272 0.031250 0.041667
0 0.257556 0.157510 0.031250 0.041667
0 0.306070 0.122545 0.031250 0.041667
0 0.310003 0.098070 0.031250 0.041667
0 0.345405 0.078839 0.031250 0.041667
0 0.351961 0.078839 0.031250 0.041667
0 0.351961 0.204713 0.031250 0.041667
0 0.300825 0.225692 0.031250 0.041667
0 0.438500 0.211706 0.031250 0.041667
0 0.448989 0.211706 0.031250 0.041667
0 0.216909 0.276391 0.031250 0.041667
0 0.140860 0.755412 0.031250 0.041667
0 0.205108 0.751916 0.031250 0.041667
0 0.395231 0.501916 0.031250 0.041667
0 0.401786 0.535133 0.031250 0.041667
0 0.451612 0.535133 0.031250 0.041667
0 0.518482 0.538629 0.031250 0.041667
0 0.569619 0.521147 0.031250 0.041667
0 0.593220 0.482685 0.031250 0.041667
0 0.552573 0.461706 0.031250 0.041667