0 0.313610 0.092349 0.031250 0.041667
0 0.285219 0.125998 0.031250 0.041667
0 0.284167 0.089545 0.031250 0.041667
0 0.292579 0.085339 0.031250 0.041667
0 0.290476 0.062906 0.031250 0.041667
0 0.284167 0.107771 0.031250 0.041667
0 0.229488 0.068515 0.031250 0.041667
0 0.180066 0.102163 0.031250 0.041667
0 0.227385 0.133008 0.031250 0.041667
0 0.346207 0.130204 0.031250 0.041667
0 0.373547 0.131606 0.031250 0.041667
0 0.350413 0.198904 0.031250 0.041667
0 0.311507 0.201708 0.031250 0.041667
0 0.262085 0.212924 0.031250 0.041667
0 0.241055 0.210120 0.031250 0.041667
0 0.273652 0.305458 0.031250 0.041667
0 0.282064 0.405002 0.031250 0.041667
0 0.031801 0.611101 0.031250 0.041667
0 0.226333 0.717656 0.031250 0.041667
0 0.337795 0.772335 0.031250 0.041667
0 0.398783 0.820004 0.031250 0.041667
0 0.436638 0.779345 0.031250 0.041667
0 0.407196 0.524175 0.031250 0.041667
0 0.395629 0.503145 0.031250 0.041667
0 0.509193 0.532587 0.031250 0.041667
0 0.550203 0.519969 0.031250 0.041667
0 0.563873 0.494733 0.031250 0.041667
0 0.541791 0.462486 0.031250 0.041667
0 0.661665 0.562030 0.031250 0.041667
0 0.730014 0.574648 0.031250 0.041667
0 0.791002 0.590071 0.031250 0.041667
0 0.735271 0.709244 0.031250 0.041667
0 0.741580 0.661574 0.031250 0.041667
0 0.836218 0.322282 0.031250 0.041667
0 0.868815 0.305458 0.031250 0.041667
0 0.682695 0.253583 0.031250 0.041667
0 0.679540 0.081133 0.031250 0.041667
0 0.456617 0.196100 0.031250 0.041667