0 0.318615 0.168438 0.031250 0.041667
0 0.354720 0.168438 0.031250 0.041667
0 0.449906 0.199072 0.031250 0.041667
0 0.264457 0.153120 0.031250 0.041667
0 0.231635 0.166250 0.031250 0.041667
0 0.251328 0.214390 0.031250 0.041667
0 0.180759 0.164061 0.031250 0.041667
0 0.192247 0.393821 0.031250 0.041667
0 0.149578 0.328175 0.031250 0.041667
0 0.367849 0.037147 0.031250 0.041667
0 0.623867 0.245024 0.031250 0.041667
0 0.655048 0.216578 0.031250 0.041667
0 0.661613 0.413514 0.031250 0.041667
0 0.705923 0.365374 0.031250 0.041667
0 0.765004 0.343492 0.031250 0.041667
0 0.797827 0.330363 0.031250 0.041667
0 0.545092 0.214390 0.031250 0.041667
0 0.719053 0.148744 0.031250 0.041667
0 0.746952 0.148744 0.031250 0.041667
0 0.745311 0.177190 0.031250 0.041667
0 0.720694 0.188131 0.031250 0.041667
0 0.792904 0.406950 0.031250 0.041667
0 0.817521 0.417891 0.031250 0.041667
0 0.730541 0.420079 0.031250 0.041667
0 0.508987 0.536053 0.031250 0.041667
0 0.551657 0.470407 0.031250 0.041667
0 0.395748 0.503230 0.031250 0.041667
0 0.395748 0.518547 0.031250 0.041667
0 0.448265 0.588569 0.031250 0.041667
0 0.441700 0.645462 0.031250 0.041667
0 0.535245 0.763624 0.031250 0.041667
0 0.349797 0.759247 0.031250 0.041667
0 0.205376 0.737366 0.031250 0.041667
0 0.203735 0.772376 0.031250 0.041667
0 0.049468 0.638897 0.031250 0.041667
0 0.121678 0.601698 0.031250 0.041667
0 0.110190 0.536053 0.031250 0.041667