0 0.185440 0.042126 0.031250 0.041667
0 0.226087 0.140028 0.031250 0.041667
0 0.265423 0.141776 0.031250 0.041667
0 0.269356 0.103314 0.031250 0.041667
0 0.286402 0.092825 0.031250 0.041667
0 0.310003 0.092825 0.031250 0.041667
0 0.342783 0.077091 0.031250 0.041667
0 0.351961 0.078839 0.031250 0.041667
0 0.354584 0.148769 0.031250 0.041667
0 0.300825 0.237930 0.031250 0.041667
0 0.443745 0.204713 0.031250 0.041667
0 0.454234 0.202965 0.031250 0.041667
0 0.378185 0.306112 0.031250 0.041667
0 0.262800 0.334084 0.031250 0.041667
0 0.230021 0.313105 0.031250 0.041667
0 0.068745 0.599818 0.031250 0.041667
0 0.330982 0.779888 0.031250 0.041667
0 0.418832 0.825342 0.031250 0.041667
0 0.439811 0.811356 0.031250 0.041667
0 0.678447 0.662755 0.031250 0.041667
0 0.732206 0.986182 0.031250 0.041667
0 0.767608 0.688979 0.031250 0.041667
0 0.532905 0.966951 0.031250 0.041667
0 0.462101 0.536881 0.031250 0.041667
0 0.531594 0.545622 0.031250 0.041667
0 0.569619 0.524643 0.031250 0.041667
0 0.591909 0.501916 0.031250 0.041667
0 0.547328 0.468699 0.031250 0.041667
0 0.646979 0.161007 0.031250 0.041667
0 0.355289 0.202317 0.031250 0.041667