0 0.043368 0.458280 0.031250 0.041667
0 0.080171 0.533989 0.031250 0.041667
0 0.147469 0.545206 0.031250 0.041667
0 0.451360 0.772335 0.031250 0.041667
0 0.404041 0.536794 0.031250 0.041667
0 0.394577 0.503145 0.031250 0.041667
0 0.411402 0.482114 0.031250 0.041667
0 0.509193 0.541000 0.031250 0.041667
0 0.550203 0.526979 0.031250 0.041667
0 0.563873 0.508753 0.031250 0.041667
0 0.544945 0.472300 0.031250 0.041667
0 0.813084 0.804582 0.031250 0.041667
0 0.859351 0.745696 0.031250 0.041667
0 0.839372 0.692419 0.031250 0.041667
0 0.895103 0.679801 0.031250 0.041667
0 0.961349 0.824210 0.031250 0.041667
0 0.987637 0.780747 0.031250 0.041667
0 0.771023 0.417621 0.031250 0.041667
0 0.826754 0.421827 0.031250 0.041667
0 0.702674 0.304056 0.031250 0.041667
0 0.701622 0.278819 0.031250 0.041667
0 0.732117 0.270407 0.031250 0.041667
0 0.776281 0.229748 0.031250 0.041667
0 0.674283 0.198904 0.031250 0.041667
0 0.639583 0.191893 0.031250 0.041667
0 0.585955 0.148430 0.031250 0.041667
0 0.358825 0.264799 0.031250 0.041667
0 0.396680 0.177873 0.031250 0.041667
0 0.217921 0.233954 0.031250 0.041667
0 0.187427 0.140018 0.031250 0.041667
0 0.205303 0.142822 0.031250 0.041667
0 0.214767 0.090947 0.031250 0.041667
0 0.186375 0.085339 0.031250 0.041667
0 0.230539 0.083937 0.031250 0.041667
0 0.262085 0.095153 0.031250 0.041667
0 0.274703 0.095153 0.031250 0.041667
0 0.285219 0.088143 0.031250 0.041667
0 0.311507 0.097957 0.031250 0.041667
0 0.355671 0.090947 0.031250 0.041667
0 0.365135 0.082535 0.031250 0.041667
0 0.299940 0.093751 0.031250 0.041667