0 0.249460 0.090894 0.031250 0.041667
0 0.268487 0.088780 0.031250 0.041667
0 0.284344 0.088780 0.031250 0.041667
0 0.292272 0.084551 0.031250 0.041667
0 0.338255 0.084551 0.031250 0.041667
0 0.355697 0.084551 0.031250 0.041667
0 0.390580 0.150090 0.031250 0.041667
0 0.287515 0.226200 0.031250 0.041667
0 0.576098 0.234657 0.031250 0.041667
0 0.607811 0.234657 0.031250 0.041667
0 0.645866 0.219858 0.031250 0.041667
0 0.704534 0.211401 0.031250 0.041667
0 0.691849 0.143748 0.031250 0.041667
0 0.742589 0.141634 0.031250 0.041667
0 0.842483 0.416475 0.031250 0.041667
0 0.894809 0.393219 0.031250 0.041667
0 0.832969 0.974615 0.031250 0.041667
0 0.747346 0.860450 0.031250 0.041667
0 0.672821 0.925989 0.031250 0.041667
0 0.576098 0.909075 0.031250 0.041667
0 0.479375 0.945016 0.031250 0.041667
0 0.278001 0.746285 0.031250 0.041667
0 0.216162 0.739942 0.031250 0.041667
0 0.143223 0.625777 0.031250 0.041667
0 0.162251 0.651147 0.031250 0.041667
0 0.549143 0.465101 0.031250 0.041667