0 0.188674 0.244228 0.031250 0.041667
0 0.201253 0.227457 0.031250 0.041667
0 0.210687 0.231650 0.031250 0.041667
0 0.218549 0.198107 0.031250 0.041667
0 0.294020 0.181335 0.031250 0.041667
0 0.273580 0.206492 0.031250 0.041667
0 0.245278 0.227457 0.031250 0.041667
0 0.267291 0.235843 0.031250 0.041667
0 0.292448 0.223264 0.031250 0.041667
0 0.298737 0.206492 0.031250 0.041667
0 0.314460 0.214878 0.031250 0.041667
0 0.341190 0.208589 0.031250 0.041667
0 0.339618 0.177142 0.031250 0.041667
0 0.394649 0.175046 0.031250 0.041667
0 0.419806 0.172949 0.031250 0.041667
0 0.270435 0.091188 0.031250 0.041667
0 0.284586 0.091188 0.031250 0.041667
0 0.355341 0.084899 0.031250 0.041667
0 0.180813 0.101671 0.031250 0.041667
0 0.358486 0.422425 0.031250 0.041667
0 0.171379 0.554501 0.031250 0.041667
0 0.215404 0.613201 0.031250 0.041667
0 0.135215 0.680287 0.031250 0.041667
0 0.069177 0.736891 0.031250 0.041667
0 0.474838 0.640455 0.031250 0.041667
0 0.577039 0.659323 0.031250 0.041667
0 0.638360 0.690769 0.031250 0.041667
0 0.789303 0.638358 0.031250 0.041667
0 0.839618 0.709637 0.031250 0.041667
0 0.904083 0.665612 0.031250 0.041667
0 0.732699 0.489511 0.031250 0.041667
0 0.690247 0.506283 0.031250 0.041667
0 0.874209 0.288253 0.031250 0.041667
0 0.889932 0.286157 0.031250 0.041667
0 0.639932 0.275675 0.031250 0.041667
0 0.635215 0.208589 0.031250 0.041667
0 0.663517 0.154081 0.031250 0.041667
0 0.658800 0.128924 0.031250 0.041667
0 0.688674 0.110056 0.031250 0.041667
0 0.702825 0.149889 0.031250 0.041667
0 0.545593 0.474836 0.031250 0.041667