0 0.011871 0.562758 0.031250 0.041667
0 0.052372 0.812196 0.031250 0.041667
0 0.249094 0.625760 0.031250 0.041667
0 0.573105 0.799338 0.031250 0.041667
0 0.612642 0.958772 0.031250 0.041667
0 0.733182 0.953629 0.031250 0.041667
0 0.677252 0.808338 0.031250 0.041667
0 0.506567 0.533186 0.031250 0.041667
0 0.542247 0.465040 0.031250 0.041667
0 0.408207 0.513899 0.031250 0.041667
0 0.398563 0.492041 0.031250 0.041667
0 0.411099 0.467612 0.031250 0.041667
0 0.331061 0.409753 0.031250 0.041667
0 0.312739 0.407181 0.031250 0.041667
0 0.266451 0.345465 0.031250 0.041667
0 0.180627 0.310749 0.031250 0.041667
0 0.191234 0.195031 0.031250 0.041667
0 0.219200 0.187316 0.031250 0.041667
0 0.231736 0.124314 0.031250 0.041667
0 0.310810 0.090884 0.031250 0.041667
0 0.348996 0.094048 0.031250 0.041667
0 0.334487 0.284524 0.031250 0.041667
0 0.308817 0.291964 0.031250 0.041667
0 0.356808 0.241369 0.031250 0.041667
0 0.449442 0.213095 0.031250 0.041667
0 0.597879 0.110417 0.031250 0.041667
0 0.687165 0.143155 0.031250 0.041667
0 0.722879 0.152083 0.031250 0.041667
0 0.744085 0.204167 0.031250 0.041667
0 0.766406 0.230952 0.031250 0.041667
0 0.823326 0.537500 0.031250 0.041667
0 0.848996 0.689286 0.031250 0.041667
0 0.896987 0.710119 0.031250 0.041667