0 0.273244 0.093008 0.031250 0.041667
0 0.292272 0.080323 0.031250 0.041667
0 0.325570 0.086665 0.031250 0.041667
0 0.341426 0.086665 0.031250 0.041667
0 0.355697 0.093008 0.031250 0.041667
0 0.401680 0.198716 0.031250 0.041667
0 0.355697 0.209287 0.031250 0.041667
0 0.316056 0.209287 0.031250 0.041667
0 0.278001 0.215629 0.031250 0.041667
0 0.455591 0.192374 0.031250 0.041667
0 0.173350 0.293854 0.031250 0.041667
0 0.217747 0.353050 0.031250 0.041667
0 0.265316 0.346708 0.031250 0.041667
0 0.174936 0.458758 0.031250 0.041667
0 0.230432 0.469329 0.031250 0.041667
0 0.157494 0.767426 0.031250 0.041667
0 0.552314 0.462987 0.031250 0.041667
0 0.715633 0.710344 0.031250 0.041667
0 0.790158 0.735714 0.031250 0.041667
0 0.598297 0.099350 0.031250 0.041667
0 0.626838 0.086665 0.031250 0.041667
0 0.712462 0.156433 0.031250 0.041667
0 0.867853 0.240999 0.031250 0.041667