0 0.402732 0.288858 0.031250 0.041667
0 0.439693 0.223150 0.031250 0.041667
0 0.450987 0.212198 0.031250 0.041667
0 0.235381 0.284751 0.031250 0.041667
0 0.163512 0.384683 0.031250 0.041667
0 0.113204 0.383314 0.031250 0.041667
0 0.215874 0.099947 0.031250 0.041667
0 0.251808 0.091733 0.031250 0.041667
0 0.193286 0.050665 0.031250 0.041667
0 0.229221 0.062986 0.031250 0.041667
0 0.238461 0.057510 0.031250 0.041667
0 0.183019 0.049296 0.031250 0.041667
0 0.285689 0.091733 0.031250 0.041667
0 0.300063 0.090364 0.031250 0.041667
0 0.277475 0.792623 0.031250 0.041667
0 0.470494 0.617400 0.031250 0.041667
0 0.493081 0.573595 0.031250 0.041667
0 0.499241 0.533896 0.031250 0.041667
0 0.446880 0.520207 0.031250 0.041667
0 0.378091 0.499673 0.031250 0.041667
0 0.383225 0.479139 0.031250 0.041667
0 0.548523 0.477770 0.031250 0.041667
0 0.741541 0.614662 0.031250 0.041667
0 0.744621 0.743341 0.031250 0.041667
0 0.803143 0.725545 0.031250 0.041667
0 0.844210 0.620138 0.031250 0.041667
0 0.872958 0.475032 0.031250 0.041667
0 0.816490 0.229994 0.031250 0.041667
0 0.791849 0.236839 0.031250 0.041667
0 0.772342 0.234101 0.031250 0.041667
0 0.780555 0.195771 0.031250 0.041667
0 0.747701 0.191665 0.031250 0.041667
0 0.548523 0.191665 0.031250 0.041667