0 0.136818 0.591391 0.031250 0.041667
0 0.377065 0.476401 0.031250 0.041667
0 0.401705 0.506517 0.031250 0.041667
0 0.450987 0.527051 0.031250 0.041667
0 0.508481 0.539372 0.031250 0.041667
0 0.543389 0.479139 0.031250 0.041667
0 0.526962 0.705012 0.031250 0.041667
0 0.704580 0.945942 0.031250 0.041667
0 0.658379 0.332664 0.031250 0.041667
0 0.710740 0.328557 0.031250 0.041667
0 0.806223 0.355936 0.031250 0.041667
0 0.656325 0.175237 0.031250 0.041667
0 0.685073 0.165655 0.031250 0.041667
0 0.721007 0.098578 0.031250 0.041667
0 0.712794 0.091733 0.031250 0.041667
0 0.606017 0.090364 0.031250 0.041667
0 0.559816 0.194402 0.031250 0.041667
0 0.454067 0.203985 0.031250 0.041667
0 0.441746 0.219043 0.031250 0.041667
0 0.233327 0.206723 0.031250 0.041667
0 0.228194 0.172500 0.031250 0.041667
0 0.278502 0.104053 0.031250 0.041667
0 0.295956 0.094471 0.031250 0.041667
0 0.349344 0.080782 0.031250 0.041667
0 0.349344 0.054772 0.031250 0.041667
0 0.410946 0.080782 0.031250 0.041667