0 0.198108 0.072320 0.031250 0.041667
0 0.276725 0.086996 0.031250 0.041667
0 0.284586 0.093285 0.031250 0.041667
0 0.353769 0.084899 0.031250 0.041667
0 0.194964 0.210685 0.031250 0.041667
0 0.179240 0.210685 0.031250 0.041667
0 0.234272 0.219071 0.031250 0.041667
0 0.232699 0.254710 0.031250 0.041667
0 0.253140 0.221167 0.031250 0.041667
0 0.283014 0.219071 0.031250 0.041667
0 0.314460 0.225360 0.031250 0.041667
0 0.338045 0.191817 0.031250 0.041667
0 0.352196 0.216975 0.031250 0.041667
0 0.372637 0.189721 0.031250 0.041667
0 0.297165 0.244228 0.031250 0.041667
0 0.279869 0.244228 0.031250 0.041667
0 0.253140 0.252614 0.031250 0.041667
0 0.356913 0.432907 0.031250 0.041667
0 0.240561 0.590140 0.031250 0.041667
0 0.177668 0.726409 0.031250 0.041667
0 0.141505 0.602719 0.031250 0.041667
0 0.067605 0.688673 0.031250 0.041667
0 0.180813 0.787205 0.031250 0.041667
0 0.511001 0.636262 0.031250 0.041667
0 0.493706 0.772530 0.031250 0.041667
0 0.550310 0.824941 0.031250 0.041667
0 0.823894 0.636262 0.031250 0.041667
0 0.762574 0.560790 0.031250 0.041667
0 0.888360 0.621587 0.031250 0.041667
0 0.742133 0.422425 0.031250 0.041667
0 0.672951 0.439197 0.031250 0.041667
0 0.891505 0.284061 0.031250 0.041667
0 0.877354 0.286157 0.031250 0.041667
0 0.685530 0.246325 0.031250 0.041667
0 0.639932 0.206492 0.031250 0.041667
0 0.650938 0.147792 0.031250 0.041667
0 0.619492 0.110056 0.031250 0.041667
0 0.650938 0.101671 0.031250 0.041667
0 0.690247 0.135214 0.031250 0.041667
0 0.550310 0.466450 0.031250 0.041667