0 0.271659 0.088780 0.031250 0.041667
0 0.287515 0.086665 0.031250 0.041667
0 0.295443 0.090894 0.031250 0.041667
0 0.336669 0.088780 0.031250 0.041667
0 0.422293 0.192374 0.031250 0.041667
0 0.438149 0.209287 0.031250 0.041667
0 0.458762 0.196602 0.031250 0.041667
0 0.282758 0.226200 0.031250 0.041667
0 0.323984 0.226200 0.031250 0.041667
0 0.193963 0.181803 0.031250 0.041667
0 0.252631 0.429160 0.031250 0.041667
0 0.300200 0.422818 0.031250 0.041667
0 0.557071 0.460873 0.031250 0.041667
0 0.593540 0.460873 0.031250 0.041667
0 0.649037 0.443959 0.031250 0.041667
0 0.625253 0.171232 0.031250 0.041667
0 0.672821 0.131063 0.031250 0.041667
0 0.693435 0.116264 0.031250 0.041667
0 0.850411 0.431274 0.031250 0.041667
0 0.815528 0.486243 0.031250 0.041667
0 0.755274 0.617321 0.031250 0.041667
0 0.687092 0.983071 0.031250 0.041667
0 0.606225 0.983071 0.031250 0.041667
0 0.263731 0.733600 0.031250 0.041667
0 0.219333 0.651147 0.031250 0.041667
0 0.186035 0.613092 0.031250 0.041667