0 0.556712 0.909913 0.031250 0.041667
0 0.372527 0.796767 0.031250 0.041667
0 0.307917 0.787766 0.031250 0.041667
0 0.272237 0.751765 0.031250 0.041667
0 0.124696 0.567901 0.031250 0.041667
0 0.140126 0.489470 0.031250 0.041667
0 0.392777 0.507470 0.031250 0.041667
0 0.404349 0.526757 0.031250 0.041667
0 0.452565 0.570473 0.031250 0.041667
0 0.443886 0.636046 0.031250 0.041667
0 0.505603 0.531900 0.031250 0.041667
0 0.548997 0.467612 0.031250 0.041667
0 0.587570 0.497184 0.031250 0.041667
0 0.657965 0.214317 0.031250 0.041667
0 0.707146 0.215603 0.031250 0.041667
0 0.837329 0.272176 0.031250 0.041667
0 0.595285 0.069026 0.031250 0.041667
0 0.336847 0.098599 0.031250 0.041667
0 0.305989 0.094741 0.031250 0.041667
0 0.448708 0.205317 0.031250 0.041667
0 0.378313 0.108885 0.031250 0.041667
0 0.282845 0.092170 0.031250 0.041667
0 0.252951 0.128171 0.031250 0.041667
0 0.229807 0.133314 0.031250 0.041667
0 0.203771 0.146172 0.031250 0.041667
0 0.201842 0.087027 0.031250 0.041667
0 0.563462 0.071598 0.031250 0.041667