0 0.246201 0.246461 0.031250 0.041667
0 0.232700 0.195031 0.031250 0.041667
0 0.208592 0.198888 0.031250 0.041667
0 0.278023 0.039454 0.031250 0.041667
0 0.344561 0.103742 0.031250 0.041667
0 0.309846 0.099884 0.031250 0.041667
0 0.369634 0.175744 0.031250 0.041667
0 0.442922 0.214317 0.031250 0.041667
0 0.589499 0.148743 0.031250 0.041667
0 0.571177 0.120457 0.031250 0.041667
0 0.619393 0.125600 0.031250 0.041667
0 0.629036 0.120457 0.031250 0.041667
0 0.658930 0.138457 0.031250 0.041667
0 0.678216 0.249033 0.031250 0.041667
0 0.716789 0.254176 0.031250 0.041667
0 0.744754 0.245175 0.031250 0.041667
0 0.808399 0.195031 0.031250 0.041667
0 0.807435 0.458612 0.031250 0.041667
0 0.786220 0.681048 0.031250 0.041667
0 0.796828 0.839197 0.031250 0.041667
0 0.890367 0.825053 0.031250 0.041667
0 0.950154 0.808338 0.031250 0.041667
0 0.895188 0.657904 0.031250 0.041667
0 0.362883 0.794195 0.031250 0.041667
0 0.281881 0.781337 0.031250 0.041667
0 0.300203 0.754336 0.031250 0.041667
0 0.467030 0.654047 0.031250 0.041667
0 0.403385 0.525471 0.031250 0.041667
0 0.391813 0.504899 0.031250 0.041667
0 0.507531 0.530614 0.031250 0.041667
0 0.544176 0.461183 0.031250 0.041667
0 0.560569 0.889341 0.031250 0.041667