0 0.030042 0.565381 0.031250 0.041667
0 0.071110 0.751555 0.031250 0.041667
0 0.170699 0.573595 0.031250 0.041667
0 0.417106 0.787147 0.031250 0.041667
0 0.393492 0.505148 0.031250 0.041667
0 0.404785 0.528420 0.031250 0.041667
0 0.431479 0.518838 0.031250 0.041667
0 0.475627 0.502411 0.031250 0.041667
0 0.514642 0.532527 0.031250 0.041667
0 0.552629 0.527051 0.031250 0.041667
0 0.562896 0.492828 0.031250 0.041667
0 0.547496 0.465450 0.031250 0.041667
0 0.690206 0.376469 0.031250 0.041667
0 0.745648 0.379207 0.031250 0.041667
0 0.801089 0.959632 0.031250 0.041667
0 0.883225 0.843273 0.031250 0.041667
0 0.744621 0.104053 0.031250 0.041667
0 0.730247 0.095840 0.031250 0.041667
0 0.659405 0.080782 0.031250 0.041667
0 0.557763 0.180713 0.031250 0.041667
0 0.441746 0.201247 0.031250 0.041667
0 0.369878 0.154704 0.031250 0.041667
0 0.334970 0.169762 0.031250 0.041667
0 0.295956 0.217674 0.031250 0.041667
0 0.270288 0.171131 0.031250 0.041667
0 0.237434 0.167024 0.031250 0.041667
0 0.215874 0.209461 0.031250 0.041667
0 0.193286 0.173868 0.031250 0.041667
0 0.189180 0.193033 0.031250 0.041667
0 0.267208 0.098578 0.031250 0.041667
0 0.287742 0.093102 0.031250 0.041667
0 0.357557 0.041083 0.031250 0.041667
0 0.370904 0.279276 0.031250 0.041667
0 0.264128 0.276538 0.031250 0.041667
0 0.208687 0.284751 0.031250 0.041667