0 0.277653 0.165149 0.031250 0.041667
0 0.282451 0.222731 0.031250 0.041667
0 0.317960 0.158751 0.031250 0.041667
0 0.303564 0.092212 0.031250 0.041667
0 0.196079 0.084535 0.031250 0.041667
0 0.180724 0.076857 0.031250 0.041667
0 0.138497 0.440261 0.031250 0.041667
0 0.152893 0.573339 0.031250 0.041667
0 0.052125 0.581016 0.031250 0.041667
0 0.203756 0.747363 0.031250 0.041667
0 0.274774 0.756320 0.031250 0.041667
0 0.412010 0.527273 0.031250 0.041667
0 0.405292 0.505520 0.031250 0.041667
0 0.417768 0.474810 0.031250 0.041667
0 0.509898 0.538790 0.031250 0.041667
0 0.539649 0.529832 0.031250 0.041667
0 0.556923 0.491445 0.031250 0.041667
0 0.531012 0.462014 0.031250 0.041667
0 0.773814 0.520875 0.031250 0.041667
0 0.766136 0.619404 0.031250 0.041667
0 0.844831 0.587414 0.031250 0.041667
0 0.794927 0.163870 0.031250 0.041667
0 0.657691 0.112686 0.031250 0.041667
0 0.602029 0.138278 0.031250 0.041667
0 0.626981 0.193300 0.031250 0.041667
0 0.353468 0.089653 0.031250 0.041667
0 0.344831 0.105008 0.031250 0.041667
0 0.446559 0.211214 0.031250 0.041667