0 0.188718 0.073594 0.031250 0.041667
0 0.207075 0.073594 0.031250 0.041667
0 0.199208 0.124293 0.031250 0.041667
0 0.230676 0.124293 0.031250 0.041667
0 0.298858 0.127790 0.031250 0.041667
0 0.310659 0.138279 0.031250 0.041667
0 0.309348 0.098070 0.031250 0.041667
0 0.443089 0.211706 0.031250 0.041667
0 0.456201 0.213454 0.031250 0.041667
0 0.399820 0.503664 0.031250 0.041667
0 0.172984 0.507161 0.031250 0.041667
0 0.551918 0.512405 0.031250 0.041667
0 0.578141 0.480937 0.031250 0.041667
0 0.551918 0.470447 0.031250 0.041667
0 0.317215 0.765902 0.031250 0.041667
0 0.348683 0.778140 0.031250 0.041667
0 0.393264 0.774643 0.031250 0.041667
0 0.407687 0.751916 0.031250 0.041667
0 0.457512 0.792126 0.031250 0.041667
0 0.516516 0.713454 0.031250 0.041667
0 0.635834 0.647021 0.031250 0.041667
0 0.613543 0.725692 0.031250 0.041667
0 0.593876 0.928489 0.031250 0.041667
0 0.723683 0.883035 0.031250 0.041667
0 0.769575 0.993175 0.031250 0.041667
0 0.853491 0.813105 0.031250 0.041667
0 0.903316 0.869049 0.031250 0.041667
0 0.949208 0.872545 0.031250 0.041667