0 0.081875 0.494004 0.031250 0.041667
0 0.231587 0.280312 0.031250 0.041667
0 0.235426 0.212494 0.031250 0.041667
0 0.245983 0.194580 0.031250 0.041667
0 0.263257 0.195859 0.031250 0.041667
0 0.271894 0.222731 0.031250 0.041667
0 0.280532 0.295667 0.031250 0.041667
0 0.201837 0.130600 0.031250 0.041667
0 0.197038 0.117804 0.031250 0.041667
0 0.413929 0.253441 0.031250 0.041667
0 0.447518 0.222731 0.031250 0.041667
0 0.510858 0.536230 0.031250 0.041667
0 0.546367 0.528553 0.031250 0.041667
0 0.560762 0.505520 0.031250 0.041667
0 0.536770 0.467133 0.031250 0.041667
0 0.405292 0.528553 0.031250 0.041667
0 0.395695 0.502961 0.031250 0.041667
0 0.411050 0.833095 0.031250 0.041667
0 0.523334 0.854848 0.031250 0.041667
0 0.600109 0.802385 0.031250 0.041667
0 0.697038 0.597651 0.031250 0.041667
0 0.757499 0.575898 0.031250 0.041667
0 0.827557 0.636038 0.031250 0.041667
0 0.862106 0.577177 0.031250 0.041667
0 0.418728 0.478649 0.031250 0.041667
0 0.343871 0.124202 0.031250 0.041667
0 0.323718 0.083255 0.031250 0.041667
0 0.340992 0.083255 0.031250 0.041667
0 0.363065 0.079417 0.031250 0.041667
0 0.293967 0.081976 0.031250 0.041667
0 0.279572 0.084535 0.031250 0.041667
0 0.254620 0.093492 0.031250 0.041667
0 0.266136 0.092212 0.031250 0.041667