0 0.205062 0.205059 0.031250 0.041667
0 0.228847 0.200830 0.031250 0.041667
0 0.235189 0.262141 0.031250 0.041667
0 0.284344 0.281169 0.031250 0.041667
0 0.257388 0.416475 0.031250 0.041667
0 0.121024 0.395333 0.031250 0.041667
0 0.170179 0.718801 0.031250 0.041667
0 0.206648 0.729371 0.031250 0.041667
0 0.390580 0.488357 0.031250 0.041667
0 0.396923 0.511612 0.031250 0.041667
0 0.458762 0.549667 0.031250 0.041667
0 0.519016 0.545439 0.031250 0.041667
0 0.444492 0.591951 0.031250 0.041667
0 0.544386 0.475672 0.031250 0.041667
0 0.588783 0.221972 0.031250 0.041667
0 0.590369 0.152204 0.031250 0.041667
0 0.658551 0.279054 0.031250 0.041667
0 0.696606 0.380534 0.031250 0.041667
0 0.758445 0.359393 0.031250 0.041667
0 0.748931 0.228314 0.031250 0.041667
0 0.799671 0.226200 0.031250 0.041667
0 0.798086 0.281169 0.031250 0.041667
0 0.882124 0.281169 0.031250 0.041667
0 0.352525 0.217744 0.031250 0.041667
0 0.450834 0.205059 0.031250 0.041667
0 0.458762 0.188145 0.031250 0.041667
0 0.273244 0.093008 0.031250 0.041667
0 0.282758 0.090894 0.031250 0.041667
0 0.298614 0.090894 0.031250 0.041667
0 0.312885 0.090894 0.031250 0.041667
0 0.338255 0.088780 0.031250 0.041667
0 0.346183 0.078209 0.031250 0.041667