0 0.162190 0.549412 0.031250 0.041667
0 0.150624 0.388178 0.031250 0.041667
0 0.185324 0.374158 0.031250 0.041667
0 0.186375 0.325087 0.031250 0.041667
0 0.344104 0.374158 0.031250 0.041667
0 0.393526 0.507351 0.031250 0.041667
0 0.412453 0.524175 0.031250 0.041667
0 0.413505 0.482114 0.031250 0.041667
0 0.499730 0.531185 0.031250 0.041667
0 0.551254 0.518567 0.031250 0.041667
0 0.564924 0.497537 0.031250 0.041667
0 0.547048 0.472300 0.031250 0.041667
0 0.265240 0.777943 0.031250 0.041667
0 0.311507 0.779345 0.031250 0.041667
0 0.374598 0.800376 0.031250 0.041667
0 0.404041 0.787757 0.031250 0.041667
0 0.730014 0.278819 0.031250 0.041667
0 0.822548 0.318076 0.031250 0.041667
0 0.849887 0.329293 0.031250 0.041667
0 0.548100 0.205914 0.031250 0.041667
0 0.450308 0.205914 0.031250 0.041667
0 0.367238 0.161049 0.031250 0.041667
0 0.338846 0.159647 0.031250 0.041667
0 0.303095 0.147028 0.031250 0.041667
0 0.234745 0.147028 0.031250 0.041667
0 0.207406 0.061504 0.031250 0.041667
0 0.277858 0.099359 0.031250 0.041667
0 0.286270 0.090947 0.031250 0.041667
0 0.367238 0.099359 0.031250 0.041667
0 0.374598 0.083937 0.031250 0.041667