0 0.270073 0.090894 0.031250 0.041667
0 0.282758 0.093008 0.031250 0.041667
0 0.295443 0.086665 0.031250 0.041667
0 0.335084 0.086665 0.031250 0.041667
0 0.341426 0.076095 0.031250 0.041667
0 0.328741 0.128949 0.031250 0.041667
0 0.343012 0.116264 0.031250 0.041667
0 0.235189 0.198716 0.031250 0.041667
0 0.271659 0.194488 0.031250 0.041667
0 0.306542 0.190259 0.031250 0.041667
0 0.331912 0.192374 0.031250 0.041667
0 0.441320 0.207173 0.031250 0.041667
0 0.454005 0.211401 0.031250 0.041667
0 0.458762 0.196602 0.031250 0.041667
0 0.244703 0.287511 0.031250 0.041667
0 0.297029 0.270598 0.031250 0.041667
0 0.331912 0.266369 0.031250 0.041667
0 0.285929 0.336137 0.031250 0.041667
0 0.347769 0.336137 0.031250 0.041667
0 0.409608 0.314995 0.031250 0.041667
0 0.447663 0.298082 0.031250 0.041667
0 0.219333 0.412247 0.031250 0.041667
0 0.208234 0.712458 0.031250 0.041667
0 0.390580 0.484128 0.031250 0.041667
0 0.395337 0.507384 0.031250 0.041667
0 0.454005 0.526412 0.031250 0.041667
0 0.519016 0.534868 0.031250 0.041667
0 0.579270 0.568695 0.031250 0.041667
0 0.549143 0.471443 0.031250 0.041667
0 0.641109 0.526412 0.031250 0.041667
0 0.825041 0.435503 0.031250 0.041667
0 0.864682 0.395333 0.031250 0.041667
0 0.891637 0.291739 0.031250 0.041667
0 0.763202 0.145862 0.031250 0.041667
0 0.712462 0.133177 0.031250 0.041667
0 0.683921 0.143748 0.031250 0.041667
0 0.661722 0.120492 0.031250 0.041667
0 0.630010 0.147976 0.031250 0.041667
0 0.584026 0.270598 0.031250 0.041667