0 0.208457 0.482114 0.031250 0.041667
0 0.203200 0.430239 0.031250 0.041667
0 0.179015 0.590071 0.031250 0.041667
0 0.087532 0.515763 0.031250 0.041667
0 0.114872 0.484918 0.031250 0.041667
0 0.051780 0.477908 0.031250 0.041667
0 0.006565 0.669987 0.031250 0.041667
0 0.025492 0.817200 0.031250 0.041667
0 0.292579 0.763923 0.031250 0.041667
0 0.268394 0.487722 0.031250 0.041667
0 0.286270 0.444259 0.031250 0.041667
0 0.387217 0.512959 0.031250 0.041667
0 0.397732 0.531185 0.031250 0.041667
0 0.438741 0.517165 0.031250 0.041667
0 0.509193 0.538196 0.031250 0.041667
0 0.544945 0.512959 0.031250 0.041667
0 0.558615 0.496135 0.031250 0.041667
0 0.536533 0.462486 0.031250 0.041667
0 0.868815 0.630730 0.031250 0.041667
0 0.732117 0.291438 0.031250 0.041667
0 0.699519 0.273211 0.031250 0.041667
0 0.633273 0.281624 0.031250 0.041667
0 0.558615 0.197502 0.031250 0.041667
0 0.450308 0.196100 0.031250 0.041667
0 0.277858 0.200306 0.031250 0.041667
0 0.183221 0.159647 0.031250 0.041667
0 0.206354 0.067112 0.031250 0.041667
0 0.281013 0.100761 0.031250 0.041667
0 0.290476 0.097957 0.031250 0.041667
0 0.318867 0.107771 0.031250 0.041667
0 0.359877 0.083937 0.031250 0.041667