0 0.011818 0.601490 0.031250 0.041667
0 0.055004 0.596371 0.031250 0.041667
0 0.150013 0.541349 0.031250 0.041667
0 0.251741 0.552865 0.031250 0.041667
0 0.318919 0.840773 0.031250 0.041667
0 0.472470 0.623243 0.031250 0.041667
0 0.420647 0.545188 0.031250 0.041667
0 0.407211 0.525994 0.031250 0.041667
0 0.393775 0.510639 0.031250 0.041667
0 0.413929 0.477369 0.031250 0.041667
0 0.507019 0.534951 0.031250 0.041667
0 0.551165 0.519596 0.031250 0.041667
0 0.564601 0.491445 0.031250 0.041667
0 0.545407 0.469692 0.031250 0.041667
0 0.678804 0.642436 0.031250 0.041667
0 0.866904 0.621963 0.031250 0.041667
0 0.954236 0.847171 0.031250 0.041667
0 0.836194 0.298227 0.031250 0.041667
0 0.810282 0.299506 0.031250 0.041667
0 0.698958 0.213774 0.031250 0.041667
0 0.615465 0.153633 0.031250 0.041667
0 0.446559 0.203537 0.031250 0.041667
0 0.437921 0.217612 0.031250 0.041667
0 0.327557 0.225290 0.031250 0.041667
0 0.271894 0.243204 0.031250 0.041667
0 0.225829 0.253441 0.031250 0.041667
0 0.226789 0.136998 0.031250 0.041667
0 0.212394 0.094772 0.031250 0.041667
0 0.229668 0.096051 0.031250 0.041667
0 0.239265 0.041029 0.031250 0.041667
0 0.298766 0.047427 0.031250 0.041667
0 0.285330 0.099890 0.031250 0.041667
0 0.268056 0.099890 0.031250 0.041667
0 0.269975 0.133159 0.031250 0.041667
0 0.292048 0.161310 0.031250 0.041667
0 0.365944 0.156192 0.031250 0.041667
0 0.319879 0.085815 0.031250 0.041667
0 0.305484 0.085815 0.031250 0.041667
0 0.338113 0.071739 0.031250 0.041667
0 0.365944 0.089653 0.031250 0.041667
0 0.338113 0.038470 0.031250 0.041667