0 0.194159 0.332776 0.031250 0.041667
0 0.254620 0.353249 0.031250 0.041667
0 0.284371 0.386518 0.031250 0.041667
0 0.271894 0.268796 0.031250 0.041667
0 0.241184 0.202257 0.031250 0.041667
0 0.341952 0.230408 0.031250 0.041667
0 0.445599 0.211214 0.031250 0.041667
0 0.415848 0.472251 0.031250 0.041667
0 0.392816 0.508079 0.031250 0.041667
0 0.410090 0.528553 0.031250 0.041667
0 0.446559 0.835655 0.031250 0.041667
0 0.500301 0.879161 0.031250 0.041667
0 0.477269 0.734567 0.031250 0.041667
0 0.607787 0.856128 0.031250 0.041667
0 0.912010 0.911150 0.031250 0.041667
0 0.509898 0.529832 0.031250 0.041667
0 0.549246 0.529832 0.031250 0.041667
0 0.561722 0.501681 0.031250 0.041667
0 0.549246 0.478649 0.031250 0.041667
0 0.721990 0.422347 0.031250 0.041667
0 0.815081 0.358367 0.031250 0.041667
0 0.857307 0.343012 0.031250 0.041667
0 0.898574 0.382680 0.031250 0.041667
0 0.759418 0.190741 0.031250 0.041667
0 0.731587 0.145955 0.031250 0.041667
0 0.671127 0.144676 0.031250 0.041667
0 0.643296 0.147235 0.031250 0.041667
0 0.596271 0.147235 0.031250 0.041667
0 0.566520 0.142117 0.031250 0.041667
0 0.270935 0.120363 0.031250 0.041667
0 0.287250 0.098610 0.031250 0.041667
0 0.272854 0.102449 0.031250 0.041667
0 0.267096 0.048706 0.031250 0.041667
0 0.240225 0.048706 0.031250 0.041667
0 0.220071 0.073019 0.031250 0.041667
0 0.306443 0.080696 0.031250 0.041667
0 0.331395 0.079417 0.031250 0.041667
0 0.357307 0.074298 0.031250 0.041667