0 0.249689 0.092825 0.031250 0.041667
0 0.270668 0.092825 0.031250 0.041667
0 0.278535 0.092825 0.031250 0.041667
0 0.311314 0.092825 0.031250 0.041667
0 0.349339 0.085832 0.031250 0.041667
0 0.353273 0.117300 0.031250 0.041667
0 0.351961 0.166251 0.031250 0.041667
0 0.308692 0.173244 0.031250 0.041667
0 0.207731 0.215203 0.031250 0.041667
0 0.020231 0.620797 0.031250 0.041667
0 0.155283 0.540377 0.031250 0.041667
0 0.163150 0.501916 0.031250 0.041667
0 0.173640 0.596321 0.031250 0.041667
0 0.168395 0.668000 0.031250 0.041667
0 0.264112 0.750168 0.031250 0.041667
0 0.306070 0.774643 0.031250 0.041667
0 0.340161 0.933734 0.031250 0.041667
0 0.443745 0.760657 0.031250 0.041667
0 0.469968 0.554363 0.031250 0.041667
0 0.519793 0.536881 0.031250 0.041667
0 0.549951 0.468699 0.031250 0.041667
0 0.797766 0.951216 0.031250 0.041667
0 0.441122 0.204713 0.031250 0.041667
0 0.450300 0.209958 0.031250 0.041667
0 0.632556 0.202965 0.031250 0.041667
0 0.704671 0.239678 0.031250 0.041667
0 0.764986 0.257161 0.031250 0.041667
0 0.779409 0.239678 0.031250 0.041667
0 0.791210 0.199468 0.031250 0.041667
0 0.805633 0.244923 0.031250 0.041667