0 0.195340 0.298441 0.031250 0.041667
0 0.226141 0.365518 0.031250 0.041667
0 0.250781 0.283383 0.031250 0.041667
0 0.281582 0.313499 0.031250 0.041667
0 0.280555 0.275169 0.031250 0.041667
0 0.256941 0.201247 0.031250 0.041667
0 0.292876 0.216305 0.031250 0.041667
0 0.313410 0.329926 0.031250 0.041667
0 0.281582 0.423013 0.031250 0.041667
0 0.340104 0.299810 0.031250 0.041667
0 0.356531 0.208092 0.031250 0.041667
0 0.388358 0.205354 0.031250 0.041667
0 0.361664 0.128694 0.031250 0.041667
0 0.449960 0.212198 0.031250 0.041667
0 0.434559 0.288858 0.031250 0.041667
0 0.354477 0.099947 0.031250 0.041667
0 0.324703 0.104053 0.031250 0.041667
0 0.292876 0.091733 0.031250 0.041667
0 0.277475 0.097209 0.031250 0.041667
0 0.198420 0.109529 0.031250 0.041667
0 0.209713 0.052034 0.031250 0.041667
0 0.228194 0.056141 0.031250 0.041667
0 0.602937 0.220412 0.031250 0.041667
0 0.559816 0.197140 0.031250 0.041667
0 0.580350 0.062986 0.031250 0.041667
0 0.395545 0.506517 0.031250 0.041667
0 0.407865 0.517469 0.031250 0.041667
0 0.438666 0.520207 0.031250 0.041667
0 0.485894 0.514731 0.031250 0.041667
0 0.505401 0.522944 0.031250 0.041667
0 0.550576 0.517469 0.031250 0.041667
0 0.558789 0.496935 0.031250 0.041667
0 0.545442 0.468187 0.031250 0.041667
0 0.638872 0.611925 0.031250 0.041667
0 0.498215 0.632459 0.031250 0.041667
0 0.437640 0.785778 0.031250 0.041667
0 0.771315 0.672157 0.031250 0.041667