0 0.212975 0.124293 0.031250 0.041667
0 0.308692 0.101566 0.031250 0.041667
0 0.341472 0.077091 0.031250 0.041667
0 0.350650 0.080587 0.031250 0.041667
0 0.422766 0.237930 0.031250 0.041667
0 0.435877 0.216951 0.031250 0.041667
0 0.451612 0.208209 0.031250 0.041667
0 0.459479 0.208209 0.031250 0.041667
0 0.599776 0.174993 0.031250 0.041667
0 0.640423 0.159258 0.031250 0.041667
0 0.552573 0.470447 0.031250 0.041667
0 0.589286 0.491426 0.031250 0.041667
0 0.570930 0.519398 0.031250 0.041667
0 0.522416 0.543874 0.031250 0.041667
0 0.452923 0.538629 0.031250 0.041667
0 0.407031 0.535133 0.031250 0.041667
0 0.386052 0.508909 0.031250 0.041667
0 0.289024 0.241426 0.031250 0.041667
0 0.241821 0.244923 0.031250 0.041667
0 0.184129 0.320098 0.031250 0.041667
0 0.245755 0.320098 0.031250 0.041667
0 0.197241 0.519398 0.031250 0.041667
0 0.240510 0.536881 0.031250 0.041667
0 0.047766 0.601566 0.031250 0.041667
0 0.011052 0.633035 0.031250 0.041667
0 0.201175 0.704713 0.031250 0.041667