0 0.208234 0.073980 0.031250 0.041667
0 0.228847 0.071866 0.031250 0.041667
0 0.200306 0.120492 0.031250 0.041667
0 0.251046 0.120492 0.031250 0.041667
0 0.271659 0.097236 0.031250 0.041667
0 0.279587 0.097236 0.031250 0.041667
0 0.287515 0.095122 0.031250 0.041667
0 0.300200 0.124720 0.031250 0.041667
0 0.284344 0.114149 0.031250 0.041667
0 0.339840 0.095122 0.031250 0.041667
0 0.346183 0.080323 0.031250 0.041667
0 0.357282 0.093008 0.031250 0.041667
0 0.360454 0.082437 0.031250 0.041667
0 0.444492 0.211401 0.031250 0.041667
0 0.455591 0.202944 0.031250 0.041667
0 0.406437 0.304424 0.031250 0.041667
0 0.331912 0.302310 0.031250 0.041667
0 0.300200 0.331908 0.031250 0.041667
0 0.236775 0.276940 0.031250 0.041667
0 0.243117 0.253684 0.031250 0.041667
0 0.209819 0.194488 0.031250 0.041667
0 0.246289 0.186031 0.031250 0.041667
0 0.281172 0.188145 0.031250 0.041667
0 0.309714 0.183917 0.031250 0.041667
0 0.127367 0.456644 0.031250 0.041667
0 0.043329 0.604636 0.031250 0.041667
0 0.167007 0.706116 0.031250 0.041667
0 0.195549 0.716686 0.031250 0.041667
0 0.395337 0.482014 0.031250 0.041667
0 0.393752 0.517955 0.031250 0.041667
0 0.460348 0.534868 0.031250 0.041667
0 0.530115 0.547553 0.031250 0.041667
0 0.553900 0.471443 0.031250 0.041667
0 0.636352 0.439731 0.031250 0.041667
0 0.707705 0.450302 0.031250 0.041667
0 0.779058 0.408018 0.031250 0.041667
0 0.834555 0.405904 0.031250 0.041667
0 0.783815 0.336137 0.031250 0.041667
0 0.829798 0.338251 0.031250 0.041667
0 0.885295 0.285397 0.031250 0.041667
0 0.769544 0.122606 0.031250 0.041667
0 0.591955 0.264255 0.031250 0.041667
0 0.623667 0.264255 0.031250 0.041667
0 0.658551 0.270598 0.031250 0.041667