0 0.270073 0.088780 0.031250 0.041667
0 0.281172 0.093008 0.031250 0.041667
0 0.290686 0.088780 0.031250 0.041667
0 0.335084 0.097236 0.031250 0.041667
0 0.346183 0.076095 0.031250 0.041667
0 0.444492 0.209287 0.031250 0.041667
0 0.457177 0.200830 0.031250 0.041667
0 0.308128 0.192374 0.031250 0.041667
0 0.281172 0.190259 0.031250 0.041667
0 0.227261 0.348822 0.031250 0.041667
0 0.268487 0.342479 0.031250 0.041667
0 0.287515 0.353050 0.031250 0.041667
0 0.331912 0.376306 0.031250 0.041667
0 0.278001 0.435503 0.031250 0.041667
0 0.314470 0.454530 0.031250 0.041667
0 0.170179 0.372078 0.031250 0.041667
0 0.122610 0.359393 0.031250 0.041667
0 0.071870 0.462987 0.031250 0.041667
0 0.138466 0.462987 0.031250 0.041667
0 0.189206 0.532754 0.031250 0.041667
0 0.178107 0.600407 0.031250 0.041667
0 0.216162 0.773769 0.031250 0.041667
0 0.444492 0.636348 0.031250 0.041667
0 0.469862 0.536982 0.031250 0.041667
0 0.520602 0.549667 0.031250 0.041667
0 0.736246 0.579266 0.031250 0.041667
0 0.812356 0.549667 0.031250 0.041667
0 0.588783 0.253684 0.031250 0.041667
0 0.666479 0.154319 0.031250 0.041667
0 0.706120 0.152204 0.031250 0.041667
0 0.813942 0.224086 0.031250 0.041667
0 0.349354 0.097236 0.031250 0.041667
0 0.360454 0.090894 0.031250 0.041667