0 0.198720 0.048610 0.031250 0.041667
0 0.274830 0.090894 0.031250 0.041667
0 0.293857 0.095122 0.031250 0.041667
0 0.308128 0.095122 0.031250 0.041667
0 0.338255 0.090894 0.031250 0.041667
0 0.344597 0.078209 0.031250 0.041667
0 0.444492 0.215629 0.031250 0.041667
0 0.358868 0.262141 0.031250 0.041667
0 0.255802 0.268484 0.031250 0.041667
0 0.203477 0.198716 0.031250 0.041667
0 0.246289 0.300196 0.031250 0.041667
0 0.244703 0.391105 0.031250 0.041667
0 0.274830 0.393219 0.031250 0.041667
0 0.335084 0.452416 0.031250 0.041667
0 0.369967 0.429160 0.031250 0.041667
0 0.097240 0.541211 0.031250 0.041667
0 0.135295 0.725143 0.031250 0.041667
0 0.151151 0.771655 0.031250 0.041667
0 0.201891 0.735714 0.031250 0.041667
0 0.458762 0.536982 0.031250 0.041667
0 0.517430 0.547553 0.031250 0.041667
0 0.544386 0.473558 0.031250 0.041667
0 0.591955 0.708230 0.031250 0.041667
0 0.682335 0.739942 0.031250 0.041667
0 0.924936 0.792796 0.031250 0.041667
0 0.893223 0.520069 0.031250 0.041667
0 0.888466 0.279054 0.031250 0.041667
0 0.813942 0.160661 0.031250 0.041667
0 0.653794 0.186031 0.031250 0.041667
0 0.610982 0.215629 0.031250 0.041667
0 0.633181 0.124720 0.031250 0.041667