0 0.452565 0.207888 0.031250 0.041667
0 0.322382 0.197602 0.031250 0.041667
0 0.290559 0.195031 0.031250 0.041667
0 0.252951 0.198888 0.031250 0.041667
0 0.191234 0.107599 0.031250 0.041667
0 0.288631 0.096027 0.031250 0.041667
0 0.309846 0.098599 0.031250 0.041667
0 0.341668 0.103742 0.031250 0.041667
0 0.365776 0.047168 0.031250 0.041667
0 0.410135 0.060026 0.031250 0.041667
0 0.397599 0.506185 0.031250 0.041667
0 0.410135 0.526757 0.031250 0.041667
0 0.508496 0.543472 0.031250 0.041667
0 0.550926 0.472755 0.031250 0.041667
0 0.596249 0.513899 0.031250 0.041667
0 0.726432 0.542186 0.031250 0.041667
0 0.822864 0.578187 0.031250 0.041667
0 0.879759 0.582045 0.031250 0.041667
0 0.931832 0.975487 0.031250 0.041667
0 0.392777 0.751765 0.031250 0.041667
0 0.441958 0.657904 0.031250 0.041667
0 0.316596 0.762051 0.031250 0.041667
0 0.258737 0.745336 0.031250 0.041667
0 0.820936 0.396895 0.031250 0.041667
0 0.750540 0.382752 0.031250 0.041667
0 0.760183 0.223317 0.031250 0.041667
0 0.785256 0.214317 0.031250 0.041667
0 0.797792 0.201460 0.031250 0.041667