0 0.036770 0.661630 0.031250 0.041667
0 0.171127 0.755040 0.031250 0.041667
0 0.278612 0.756320 0.031250 0.041667
0 0.245023 0.385239 0.031250 0.041667
0 0.307403 0.369884 0.031250 0.041667
0 0.397614 0.509359 0.031250 0.041667
0 0.410090 0.523435 0.031250 0.041667
0 0.413929 0.483767 0.031250 0.041667
0 0.508939 0.540069 0.031250 0.041667
0 0.551165 0.523435 0.031250 0.041667
0 0.563641 0.497843 0.031250 0.041667
0 0.534850 0.465853 0.031250 0.041667
0 0.687442 0.761438 0.031250 0.041667
0 0.622182 0.865085 0.031250 0.041667
0 0.778612 0.762718 0.031250 0.041667
0 0.912969 0.719212 0.031250 0.041667
0 0.823718 0.354529 0.031250 0.041667
0 0.755580 0.382680 0.031250 0.041667
0 0.709514 0.190741 0.031250 0.041667
0 0.711434 0.268796 0.031250 0.041667
0 0.672086 0.112686 0.031250 0.041667
0 0.834275 0.165149 0.031250 0.041667
0 0.327557 0.209935 0.031250 0.041667
0 0.299726 0.267516 0.031250 0.041667
0 0.301645 0.211214 0.031250 0.041667
0 0.444639 0.211214 0.031250 0.041667
0 0.347710 0.099890 0.031250 0.041667
0 0.308363 0.090933 0.031250 0.041667
0 0.356347 0.085815 0.031250 0.041667
0 0.247902 0.102449 0.031250 0.041667
0 0.230628 0.106288 0.031250 0.041667