0 0.245236 0.278605 0.031250 0.041667
0 0.300203 0.252890 0.031250 0.041667
0 0.335883 0.268319 0.031250 0.041667
0 0.269344 0.771051 0.031250 0.041667
0 0.307917 0.768480 0.031250 0.041667
0 0.414957 0.791623 0.031250 0.041667
0 0.444851 0.648904 0.031250 0.041667
0 0.402421 0.526757 0.031250 0.041667
0 0.391813 0.507470 0.031250 0.041667
0 0.498853 0.535757 0.031250 0.041667
0 0.596249 0.515185 0.031250 0.041667
0 0.867223 0.601331 0.031250 0.041667
0 0.008978 0.745336 0.031250 0.041667
0 0.224021 0.128171 0.031250 0.041667
0 0.214378 0.094741 0.031250 0.041667
0 0.188342 0.098599 0.031250 0.041667
0 0.244272 0.085741 0.031250 0.041667
0 0.285738 0.094741 0.031250 0.041667
0 0.302131 0.097313 0.031250 0.041667
0 0.343597 0.097313 0.031250 0.041667
0 0.449672 0.202745 0.031250 0.041667
0 0.595285 0.180887 0.031250 0.041667
0 0.648322 0.160315 0.031250 0.041667
0 0.640608 0.129457 0.031250 0.041667
0 0.751504 0.133314 0.031250 0.041667
0 0.775612 0.121742 0.031250 0.041667
0 0.778505 0.277319 0.031250 0.041667
0 0.711967 0.264462 0.031250 0.041667
0 0.548033 0.472755 0.031250 0.041667