0 0.196079 0.733287 0.031250 0.041667
0 0.275733 0.776793 0.031250 0.041667
0 0.504140 0.537510 0.031250 0.041667
0 0.404332 0.528553 0.031250 0.041667
0 0.394735 0.508079 0.031250 0.041667
0 0.412010 0.482488 0.031250 0.041667
0 0.547326 0.469692 0.031250 0.041667
0 0.647134 0.167708 0.031250 0.041667
0 0.677845 0.167708 0.031250 0.041667
0 0.701837 0.158751 0.031250 0.041667
0 0.666328 0.113966 0.031250 0.041667
0 0.448478 0.204816 0.031250 0.041667
0 0.326597 0.179225 0.031250 0.041667
0 0.247902 0.171547 0.031250 0.041667
0 0.209514 0.184343 0.031250 0.041667
0 0.186482 0.075578 0.031250 0.041667
0 0.306443 0.092212 0.031250 0.041667
0 0.347710 0.096051 0.031250 0.041667