0 0.222154 0.085832 0.031250 0.041667
0 0.317870 0.089328 0.031250 0.041667
0 0.333605 0.106811 0.031250 0.041667
0 0.363762 0.106811 0.031250 0.041667
0 0.386052 0.050867 0.031250 0.041667
0 0.445056 0.211706 0.031250 0.041667
0 0.454234 0.208209 0.031250 0.041667
0 0.320493 0.150517 0.031250 0.041667
0 0.265423 0.168000 0.031250 0.041667
0 0.191996 0.225692 0.031250 0.041667
0 0.278535 0.262405 0.031250 0.041667
0 0.320493 0.199468 0.031250 0.041667
0 0.332293 0.239678 0.031250 0.041667
0 0.148727 0.356811 0.031250 0.041667
0 0.389986 0.508909 0.031250 0.041667
0 0.403098 0.526391 0.031250 0.041667
0 0.286402 0.563105 0.031250 0.041667
0 0.237888 0.620797 0.031250 0.041667
0 0.218220 0.662755 0.031250 0.041667
0 0.021542 0.750168 0.031250 0.041667
0 0.300825 0.792126 0.031250 0.041667
0 0.303447 0.757161 0.031250 0.041667
0 0.357206 0.797370 0.031250 0.041667
0 0.375563 0.795622 0.031250 0.041667
0 0.421454 0.748419 0.031250 0.041667
0 0.565685 0.535133 0.031250 0.041667
0 0.584042 0.503664 0.031250 0.041667
0 0.543395 0.466951 0.031250 0.041667
0 0.806944 0.683734 0.031250 0.041667
0 0.924951 0.680237 0.031250 0.041667
0 0.614020 0.216578 0.031250 0.041667
0 0.645201 0.207825 0.031250 0.041667
0 0.781416 0.406950 0.031250 0.041667
0 0.835573 0.422267 0.031250 0.041667
0 0.881525 0.490101 0.031250 0.041667
0 0.546733 0.218766 0.031250 0.041667