0 0.186100 0.473663 0.031250 0.041667
0 0.226141 0.447654 0.031250 0.041667
0 0.309303 0.511993 0.031250 0.041667
0 0.347290 0.796730 0.031250 0.041667
0 0.464334 0.631090 0.031250 0.041667
0 0.494108 0.595498 0.031250 0.041667
0 0.504375 0.543478 0.031250 0.041667
0 0.442773 0.521576 0.031250 0.041667
0 0.542362 0.476401 0.031250 0.041667
0 0.895545 0.522944 0.031250 0.041667
0 0.677886 0.314868 0.031250 0.041667
0 0.696366 0.276538 0.031250 0.041667
0 0.726141 0.368256 0.031250 0.041667
0 0.739488 0.268324 0.031250 0.041667
0 0.744621 0.172500 0.031250 0.041667
0 0.319570 0.232732 0.031250 0.041667
0 0.280555 0.238208 0.031250 0.041667
0 0.215874 0.275169 0.031250 0.041667
0 0.201500 0.194402 0.031250 0.041667
0 0.186100 0.121849 0.031250 0.041667
0 0.181993 0.082150 0.031250 0.041667
0 0.207660 0.039714 0.031250 0.041667
0 0.276449 0.101315 0.031250 0.041667
0 0.293902 0.095840 0.031250 0.041667
0 0.443800 0.219043 0.031250 0.041667
0 0.450987 0.201247 0.031250 0.041667
0 0.547496 0.194402 0.031250 0.041667
0 0.573163 0.080782 0.031250 0.041667
0 0.729221 0.323081 0.031250 0.041667