0 0.194964 0.156178 0.031250 0.041667
0 0.220121 0.177142 0.031250 0.041667
0 0.221693 0.214878 0.031250 0.041667
0 0.242133 0.162467 0.031250 0.041667
0 0.245278 0.097478 0.031250 0.041667
0 0.272008 0.093285 0.031250 0.041667
0 0.283014 0.093285 0.031250 0.041667
0 0.272008 0.151985 0.031250 0.041667
0 0.289303 0.135214 0.031250 0.041667
0 0.305027 0.154081 0.031250 0.041667
0 0.355341 0.147792 0.031250 0.041667
0 0.358486 0.086996 0.031250 0.041667
0 0.378926 0.093285 0.031250 0.041667
0 0.611630 0.149889 0.031250 0.041667
0 0.630498 0.237939 0.031250 0.041667
0 0.738989 0.139406 0.031250 0.041667
0 0.770435 0.151985 0.031250 0.041667
0 0.547165 0.470643 0.031250 0.041667
0 0.386788 0.495801 0.031250 0.041667
0 0.215404 0.770434 0.031250 0.041667
0 0.436563 0.181803 0.031250 0.041667