0 0.035979 0.692620 0.031250 0.041667
0 0.014764 0.675905 0.031250 0.041667
0 0.126625 0.414896 0.031250 0.041667
0 0.165198 0.416181 0.031250 0.041667
0 0.235593 0.481755 0.031250 0.041667
0 0.298274 0.794195 0.031250 0.041667
0 0.330097 0.773623 0.031250 0.041667
0 0.370598 0.792909 0.031250 0.041667
0 0.441958 0.645047 0.031250 0.041667
0 0.403385 0.537043 0.031250 0.041667
0 0.395670 0.504899 0.031250 0.041667
0 0.503674 0.534471 0.031250 0.041667
0 0.548033 0.477898 0.031250 0.041667
0 0.675323 0.777480 0.031250 0.041667
0 0.671466 0.872626 0.031250 0.041667
0 0.230772 0.150029 0.031250 0.041667
0 0.241379 0.119171 0.031250 0.041667
0 0.262594 0.115314 0.031250 0.041667
0 0.271273 0.128171 0.031250 0.041667
0 0.204735 0.134600 0.031250 0.041667
0 0.190270 0.079312 0.031250 0.041667
0 0.216307 0.078027 0.031250 0.041667
0 0.286702 0.097313 0.031250 0.041667
0 0.305024 0.099884 0.031250 0.041667
0 0.344561 0.101170 0.031250 0.041667
0 0.454494 0.209174 0.031250 0.041667
0 0.697503 0.220746 0.031250 0.041667
0 0.738004 0.220746 0.031250 0.041667
0 0.779470 0.224603 0.031250 0.041667
0 0.745719 0.313321 0.031250 0.041667