0 0.084195 0.639904 0.031250 0.041667
0 0.115053 0.584616 0.031250 0.041667
0 0.226914 0.776194 0.031250 0.041667
0 0.305024 0.785195 0.031250 0.041667
0 0.368669 0.790338 0.031250 0.041667
0 0.448708 0.641190 0.031250 0.041667
0 0.411099 0.531900 0.031250 0.041667
0 0.398563 0.502327 0.031250 0.041667
0 0.504639 0.534471 0.031250 0.041667
0 0.548997 0.470183 0.031250 0.041667
0 0.594320 0.511328 0.031250 0.041667
0 0.883616 0.849483 0.031250 0.041667
0 0.757290 0.218174 0.031250 0.041667
0 0.705217 0.195031 0.031250 0.041667
0 0.637715 0.189888 0.031250 0.041667
0 0.650251 0.147458 0.031250 0.041667
0 0.602035 0.206603 0.031250 0.041667
0 0.325275 0.216889 0.031250 0.041667
0 0.291524 0.201460 0.031250 0.041667
0 0.263558 0.213031 0.031250 0.041667
0 0.326239 0.164172 0.031250 0.041667
0 0.444851 0.205317 0.031250 0.041667
0 0.350347 0.098599 0.031250 0.041667
0 0.308882 0.090884 0.031250 0.041667
0 0.285738 0.093456 0.031250 0.041667
0 0.209557 0.075455 0.031250 0.041667
0 0.190270 0.074169 0.031250 0.041667