0 0.271979 0.094573 0.031250 0.041667
0 0.279846 0.096321 0.031250 0.041667
0 0.300825 0.096321 0.031250 0.041667
0 0.338849 0.094573 0.031250 0.041667
0 0.353273 0.073594 0.031250 0.041667
0 0.359828 0.094573 0.031250 0.041667
0 0.361140 0.080587 0.031250 0.041667
0 0.437189 0.213454 0.031250 0.041667
0 0.452923 0.213454 0.031250 0.041667
0 0.333605 0.244923 0.031250 0.041667
0 0.384741 0.243175 0.031250 0.041667
0 0.400475 0.243175 0.031250 0.041667
0 0.262800 0.216951 0.031250 0.041667
0 0.256245 0.243175 0.031250 0.041667
0 0.222154 0.295622 0.031250 0.041667
0 0.257556 0.299119 0.031250 0.041667
0 0.311314 0.334084 0.031250 0.041667
0 0.380807 0.337580 0.031250 0.041667
0 0.455545 0.540377 0.031250 0.041667
0 0.519793 0.543874 0.031250 0.041667
0 0.552573 0.470447 0.031250 0.041667
0 0.258867 0.757161 0.031250 0.041667
0 0.313937 0.757161 0.031250 0.041667
0 0.370318 0.919748 0.031250 0.041667
0 0.346717 0.940727 0.031250 0.041667
0 0.944619 0.748419 0.031250 0.041667
0 0.770231 0.150517 0.031250 0.041667
0 0.782031 0.173244 0.031250 0.041667