0 0.511296 0.538196 0.031250 0.041667
0 0.555461 0.522773 0.031250 0.041667
0 0.563873 0.496135 0.031250 0.041667
0 0.543894 0.469496 0.031250 0.041667
0 0.409299 0.524175 0.031250 0.041667
0 0.400886 0.504547 0.031250 0.041667
0 0.412453 0.486320 0.031250 0.041667
0 0.326228 0.770933 0.031250 0.041667
0 0.377753 0.811592 0.031250 0.041667
0 0.419814 0.780747 0.031250 0.041667
0 0.212663 0.727470 0.031250 0.041667
0 0.099099 0.511557 0.031250 0.041667
0 0.101202 0.449867 0.031250 0.041667
0 0.149572 0.413415 0.031250 0.041667
0 0.212663 0.426033 0.031250 0.041667
0 0.225282 0.278819 0.031250 0.041667
0 0.267343 0.280221 0.031250 0.041667
0 0.289425 0.238160 0.031250 0.041667
0 0.332537 0.299850 0.031250 0.041667
0 0.310455 0.229748 0.031250 0.041667
0 0.317816 0.217130 0.031250 0.041667
0 0.372495 0.236758 0.031250 0.041667
0 0.393526 0.229748 0.031250 0.041667
0 0.448205 0.208718 0.031250 0.041667
0 0.583852 0.218532 0.031250 0.041667
0 0.585955 0.144224 0.031250 0.041667
0 0.632222 0.165255 0.031250 0.041667
0 0.675334 0.166657 0.031250 0.041667
0 0.675334 0.134410 0.031250 0.041667
0 0.552306 0.214326 0.031250 0.041667
0 0.741580 0.208718 0.031250 0.041667
0 0.759456 0.246573 0.031250 0.041667
0 0.780487 0.159647 0.031250 0.041667
0 0.810981 0.382570 0.031250 0.041667
0 0.857248 0.431641 0.031250 0.041667
0 0.781538 0.595679 0.031250 0.041667
0 0.839372 0.597081 0.031250 0.041667
0 0.782590 0.777943 0.031250 0.041667
0 0.737374 0.922353 0.031250 0.041667
0 0.747890 0.742892 0.031250 0.041667
0 0.278910 0.093751 0.031250 0.041667
0 0.290476 0.088143 0.031250 0.041667
0 0.225282 0.114782 0.031250 0.041667
0 0.188478 0.090947 0.031250 0.041667
0 0.198994 0.092349 0.031250 0.041667