0 0.305989 0.303035 0.031250 0.041667
0 0.271273 0.431611 0.031250 0.041667
0 0.222093 0.427753 0.031250 0.041667
0 0.156519 0.348036 0.031250 0.041667
0 0.235593 0.627046 0.031250 0.041667
0 0.008978 0.637332 0.031250 0.041667
0 0.505603 0.534471 0.031250 0.041667
0 0.406278 0.533186 0.031250 0.041667
0 0.393742 0.503613 0.031250 0.041667
0 0.414957 0.470183 0.031250 0.041667
0 0.544176 0.461183 0.031250 0.041667
0 0.423636 0.318464 0.031250 0.041667
0 0.390849 0.301749 0.031250 0.041667
0 0.358062 0.254176 0.031250 0.041667
0 0.402421 0.233604 0.031250 0.041667
0 0.449672 0.204031 0.031250 0.041667
0 0.342633 0.135886 0.031250 0.041667
0 0.304060 0.144886 0.031250 0.041667
0 0.285738 0.094741 0.031250 0.041667
0 0.306953 0.092170 0.031250 0.041667
0 0.353240 0.103742 0.031250 0.041667
0 0.193163 0.072884 0.031250 0.041667
0 0.629036 0.264462 0.031250 0.041667
0 0.670502 0.268319 0.031250 0.041667
0 0.728361 0.263176 0.031250 0.041667
0 0.768862 0.259319 0.031250 0.041667
0 0.805506 0.273462 0.031250 0.041667
0 0.842151 0.281177 0.031250 0.041667
0 0.868187 0.498470 0.031250 0.041667
0 0.707146 0.443182 0.031250 0.041667
0 0.665680 0.198888 0.031250 0.041667
0 0.359026 0.321035 0.031250 0.041667