0 0.220919 0.054953 0.031250 0.041667
0 0.273244 0.112035 0.031250 0.041667
0 0.293857 0.122606 0.031250 0.041667
0 0.265316 0.093008 0.031250 0.041667
0 0.281172 0.097236 0.031250 0.041667
0 0.295443 0.097236 0.031250 0.041667
0 0.306542 0.090894 0.031250 0.041667
0 0.306542 0.046496 0.031250 0.041667
0 0.366796 0.038040 0.031250 0.041667
0 0.341426 0.090894 0.031250 0.041667
0 0.349354 0.082437 0.031250 0.041667
0 0.200306 0.135291 0.031250 0.041667
0 0.236775 0.196602 0.031250 0.041667
0 0.230432 0.262141 0.031250 0.041667
0 0.390580 0.274826 0.031250 0.041667
0 0.385824 0.291739 0.031250 0.041667
0 0.447663 0.207173 0.031250 0.041667
0 0.232018 0.405904 0.031250 0.041667
0 0.284344 0.408018 0.031250 0.041667
0 0.224090 0.520069 0.031250 0.041667
0 0.022716 0.503156 0.031250 0.041667
0 0.062356 0.501042 0.031250 0.041667
0 0.349354 0.477786 0.031250 0.041667
0 0.209819 0.729371 0.031250 0.041667
0 0.244703 0.746285 0.031250 0.041667
0 0.285929 0.773769 0.031250 0.041667
0 0.457177 0.530640 0.031250 0.041667
0 0.526944 0.549667 0.031250 0.041667
0 0.596711 0.820281 0.031250 0.041667
0 0.931278 0.917532 0.031250 0.041667
0 0.637938 0.412247 0.031250 0.041667
0 0.714048 0.433388 0.031250 0.041667
0 0.656965 0.327680 0.031250 0.041667
0 0.715633 0.298082 0.031250 0.041667
0 0.752103 0.300196 0.031250 0.041667
0 0.825041 0.363621 0.031250 0.041667
0 0.890052 0.283283 0.031250 0.041667
0 0.790158 0.179689 0.031250 0.041667
0 0.739418 0.103579 0.031250 0.041667
0 0.755274 0.105693 0.031250 0.041667
0 0.617325 0.200830 0.031250 0.041667
0 0.747346 0.112035 0.031250 0.041667
0 0.549143 0.469329 0.031250 0.041667