0 0.007455 0.572226 0.031250 0.041667
0 0.065976 0.564012 0.031250 0.041667
0 0.177886 0.755662 0.031250 0.041667
0 0.186100 0.538003 0.031250 0.041667
0 0.364744 0.485983 0.031250 0.041667
0 0.377065 0.477770 0.031250 0.041667
0 0.446880 0.525682 0.031250 0.041667
0 0.497188 0.538003 0.031250 0.041667
0 0.491028 0.570857 0.031250 0.041667
0 0.472547 0.629721 0.031250 0.041667
0 0.667619 0.574964 0.031250 0.041667
0 0.711767 0.540741 0.031250 0.041667
0 0.713820 0.429858 0.031250 0.041667
0 0.547496 0.473663 0.031250 0.041667
0 0.793902 0.453129 0.031250 0.041667
0 0.800063 0.421644 0.031250 0.041667
0 0.677886 0.158810 0.031250 0.041667
0 0.717927 0.147859 0.031250 0.041667
0 0.546469 0.187558 0.031250 0.041667
0 0.459200 0.201247 0.031250 0.041667
0 0.435586 0.216305 0.031250 0.041667
0 0.344210 0.214936 0.031250 0.041667
0 0.313410 0.271062 0.031250 0.041667
0 0.308276 0.158810 0.031250 0.041667
0 0.267208 0.177975 0.031250 0.041667
0 0.246674 0.190296 0.031250 0.041667
0 0.243594 0.213567 0.031250 0.041667
0 0.214847 0.203985 0.031250 0.041667
0 0.197393 0.183451 0.031250 0.041667
0 0.272342 0.104053 0.031250 0.041667
0 0.294929 0.095840 0.031250 0.041667
0 0.199447 0.049296 0.031250 0.041667
0 0.183019 0.050665 0.031250 0.041667