0 0.270073 0.088780 0.031250 0.041667
0 0.284344 0.105693 0.031250 0.041667
0 0.297029 0.097236 0.031250 0.041667
0 0.338255 0.088780 0.031250 0.041667
0 0.343012 0.076095 0.031250 0.041667
0 0.363625 0.082437 0.031250 0.041667
0 0.381067 0.084551 0.031250 0.041667
0 0.347769 0.116264 0.031250 0.041667
0 0.328741 0.139519 0.031250 0.041667
0 0.331912 0.162775 0.031250 0.041667
0 0.262145 0.219858 0.031250 0.041667
0 0.251046 0.234657 0.031250 0.041667
0 0.209819 0.238885 0.031250 0.041667
0 0.297029 0.224086 0.031250 0.041667
0 0.316056 0.230429 0.031250 0.041667
0 0.338255 0.217744 0.031250 0.041667
0 0.358868 0.213515 0.031250 0.041667
0 0.366796 0.243114 0.031250 0.041667
0 0.373139 0.272712 0.031250 0.041667
0 0.403265 0.264255 0.031250 0.041667
0 0.292272 0.285397 0.031250 0.041667
0 0.442906 0.205059 0.031250 0.041667
0 0.458762 0.196602 0.031250 0.041667
0 0.458762 0.221972 0.031250 0.041667
0 0.593540 0.156433 0.031250 0.041667
0 0.639523 0.114149 0.031250 0.041667
0 0.668065 0.131063 0.031250 0.041667
0 0.677578 0.122606 0.031250 0.041667
0 0.753688 0.177574 0.031250 0.041667
0 0.636352 0.350936 0.031250 0.041667
0 0.747346 0.302310 0.031250 0.041667
0 0.820284 0.300196 0.031250 0.041667
0 0.885295 0.283283 0.031250 0.041667
0 0.549143 0.469329 0.031250 0.041667
0 0.528530 0.534868 0.031250 0.041667
0 0.447663 0.536982 0.031250 0.041667
0 0.390580 0.503156 0.031250 0.041667
0 0.392166 0.486243 0.031250 0.041667
0 0.241532 0.456644 0.031250 0.041667
0 0.311299 0.526412 0.031250 0.041667
0 0.266902 0.581380 0.031250 0.041667
0 0.108339 0.553896 0.031250 0.041667
0 0.033815 0.486243 0.031250 0.041667
0 0.073456 0.486243 0.031250 0.041667
0 0.227261 0.689202 0.031250 0.041667
0 0.209819 0.718801 0.031250 0.041667