0 0.193307 0.136531 0.031250 0.041667
0 0.209042 0.148769 0.031250 0.041667
0 0.240510 0.150517 0.031250 0.041667
0 0.252311 0.150517 0.031250 0.041667
0 0.274601 0.099818 0.031250 0.041667
0 0.287713 0.098070 0.031250 0.041667
0 0.304759 0.098070 0.031250 0.041667
0 0.338849 0.096321 0.031250 0.041667
0 0.340161 0.084084 0.031250 0.041667
0 0.441122 0.208209 0.031250 0.041667
0 0.450300 0.211706 0.031250 0.041667
0 0.049077 0.461706 0.031250 0.041667
0 0.108080 0.447720 0.031250 0.041667
0 0.181507 0.491426 0.031250 0.041667
0 0.462101 0.540377 0.031250 0.041667
0 0.525038 0.536881 0.031250 0.041667
0 0.549951 0.472196 0.031250 0.041667
0 0.540773 0.580587 0.031250 0.041667
0 0.505370 0.617300 0.031250 0.041667
0 0.275912 0.750168 0.031250 0.041667
0 0.312626 0.771147 0.031250 0.041667
0 0.624689 0.681986 0.031250 0.041667
0 0.725650 0.552615 0.031250 0.041667
0 0.795143 0.545622 0.031250 0.041667
0 0.847591 0.655762 0.031250 0.041667
0 0.868570 0.529888 0.031250 0.041667
0 0.924951 0.512405 0.031250 0.041667
0 0.751874 0.390028 0.031250 0.041667
0 0.792521 0.370797 0.031250 0.041667
0 0.770231 0.187230 0.031250 0.041667
0 0.810877 0.187230 0.031250 0.041667
0 0.635178 0.136531 0.031250 0.041667
0 0.553884 0.119049 0.031250 0.041667
0 0.744634 0.714156 0.031250 0.041667