0 0.085134 0.465203 0.031250 0.041667
0 0.179540 0.452965 0.031250 0.041667
0 0.182162 0.131286 0.031250 0.041667
0 0.209697 0.131286 0.031250 0.041667
0 0.313281 0.098070 0.031250 0.041667
0 0.399820 0.218699 0.031250 0.041667
0 0.399820 0.091077 0.031250 0.041667
0 0.353928 0.201216 0.031250 0.041667
0 0.441778 0.211706 0.031250 0.041667
0 0.221498 0.267650 0.031250 0.041667
0 0.270012 0.250168 0.031250 0.041667
0 0.319837 0.244923 0.031250 0.041667
0 0.288369 0.535133 0.031250 0.041667
0 0.395886 0.510657 0.031250 0.041667
0 0.412932 0.536881 0.031250 0.041667
0 0.453578 0.563105 0.031250 0.041667
0 0.562407 0.540377 0.031250 0.041667
0 0.582075 0.508909 0.031250 0.041667
0 0.542739 0.477440 0.031250 0.041667
0 0.557162 0.634783 0.031250 0.041667
0 0.450956 0.730937 0.031250 0.041667
0 0.415554 0.764154 0.031250 0.041667
0 0.420799 0.792126 0.031250 0.041667
0 0.360484 0.762405 0.031250 0.041667
0 0.289680 0.748419 0.031250 0.041667
0 0.293613 0.813105 0.031250 0.041667
0 0.551918 0.883035 0.031250 0.041667
0 0.654190 0.475692 0.031250 0.041667
0 0.690904 0.507161 0.031250 0.041667
0 0.770886 0.419748 0.031250 0.041667
0 0.810222 0.419748 0.031250 0.041667
0 0.797110 0.515902 0.031250 0.041667
0 0.853491 0.496671 0.031250 0.041667
0 0.941341 0.494923 0.031250 0.041667
0 0.849557 0.253664 0.031250 0.041667
0 0.791865 0.269398 0.031250 0.041667
0 0.669925 0.236182 0.031250 0.041667
0 0.626655 0.244923 0.031250 0.041667