0 0.200453 0.039335 0.031250 0.041667
0 0.187324 0.091851 0.031250 0.041667
0 0.211941 0.089663 0.031250 0.041667
0 0.216864 0.155309 0.031250 0.041667
0 0.228352 0.212201 0.031250 0.041667
0 0.307127 0.098416 0.031250 0.041667
0 0.395748 0.063405 0.031250 0.041667
0 0.428571 0.054652 0.031250 0.041667
0 0.403954 0.201260 0.031250 0.041667
0 0.428571 0.282223 0.031250 0.041667
0 0.443341 0.207825 0.031250 0.041667
0 0.456471 0.210013 0.031250 0.041667
0 0.545092 0.220954 0.031250 0.041667
0 0.627149 0.118110 0.031250 0.041667
0 0.742029 0.137803 0.031250 0.041667
0 0.835573 0.260341 0.031250 0.041667
0 0.658330 0.269094 0.031250 0.041667
0 0.628790 0.288788 0.031250 0.041667
0 0.550015 0.483536 0.031250 0.041667
0 0.669818 0.617015 0.031250 0.041667
0 0.702641 0.638897 0.031250 0.041667
0 0.512269 0.536053 0.031250 0.041667
0 0.531963 0.741742 0.031250 0.041667
0 0.464676 0.680473 0.031250 0.041667
0 0.448265 0.741742 0.031250 0.041667
0 0.397390 0.789882 0.031250 0.041667
0 0.336667 0.798635 0.031250 0.041667
0 0.418724 0.792070 0.031250 0.041667
0 0.259534 0.783317 0.031250 0.041667
0 0.062597 0.645462 0.031250 0.041667
0 0.036339 0.608263 0.031250 0.041667
0 0.005158 0.507606 0.031250 0.041667
0 0.006799 0.520735 0.031250 0.041667
0 0.044545 0.494477 0.031250 0.041667
0 0.126602 0.627956 0.031250 0.041667
0 0.126602 0.568875 0.031250 0.041667
0 0.167630 0.426643 0.031250 0.041667
0 0.282510 0.474783 0.031250 0.041667
0 0.330103 0.391632 0.031250 0.041667
0 0.371131 0.374127 0.031250 0.041667
0 0.395748 0.520735 0.031250 0.041667
0 0.402313 0.533864 0.031250 0.041667
0 0.175836 0.330363 0.031250 0.041667
0 0.231635 0.301917 0.031250 0.041667