0 0.263731 0.109921 0.031250 0.041667
0 0.284344 0.099350 0.031250 0.041667
0 0.278001 0.090894 0.031250 0.041667
0 0.292272 0.090894 0.031250 0.041667
0 0.338255 0.084551 0.031250 0.041667
0 0.357282 0.090894 0.031250 0.041667
0 0.425464 0.202944 0.031250 0.041667
0 0.463519 0.200830 0.031250 0.041667
0 0.382652 0.285397 0.031250 0.041667
0 0.325570 0.243114 0.031250 0.041667
0 0.241532 0.224086 0.031250 0.041667
0 0.201891 0.226200 0.031250 0.041667
0 0.090898 0.564467 0.031250 0.041667
0 0.151151 0.564467 0.031250 0.041667
0 0.098826 0.651147 0.031250 0.041667
0 0.010031 0.630006 0.031250 0.041667
0 0.184449 0.727257 0.031250 0.041667
0 0.545972 0.462987 0.031250 0.041667
0 0.682335 0.247342 0.031250 0.041667
0 0.725147 0.312881 0.031250 0.041667
0 0.741003 0.266369 0.031250 0.041667
0 0.612568 0.139519 0.031250 0.041667
0 0.763202 0.198716 0.031250 0.041667