0 0.260666 0.350608 0.031250 0.041667
0 0.240415 0.258033 0.031250 0.041667
0 0.269344 0.222032 0.031250 0.041667
0 0.197020 0.224603 0.031250 0.041667
0 0.197985 0.337750 0.031250 0.041667
0 0.263558 0.161601 0.031250 0.041667
0 0.222093 0.123028 0.031250 0.041667
0 0.222093 0.085741 0.031250 0.041667
0 0.308882 0.098599 0.031250 0.041667
0 0.345526 0.099884 0.031250 0.041667
0 0.445815 0.209174 0.031250 0.041667
0 0.396635 0.502327 0.031250 0.041667
0 0.404349 0.528043 0.031250 0.041667
0 0.448708 0.643761 0.031250 0.041667
0 0.373491 0.795481 0.031250 0.041667
0 0.293452 0.783909 0.031250 0.041667
0 0.323346 0.782623 0.031250 0.041667
0 0.508496 0.531900 0.031250 0.041667
0 0.546104 0.465040 0.031250 0.041667
0 0.648322 0.359608 0.031250 0.041667
0 0.689788 0.387895 0.031250 0.041667
0 0.730289 0.264462 0.031250 0.041667
0 0.783327 0.264462 0.031250 0.041667
0 0.627107 0.114028 0.031250 0.041667
0 0.641572 0.106313 0.031250 0.041667
0 0.651215 0.080598 0.031250 0.041667
0 0.581784 0.105028 0.031250 0.041667
0 0.367705 0.035596 0.031250 0.041667
0 0.347454 0.035596 0.031250 0.041667
0 0.405314 0.069026 0.031250 0.041667