0 0.186752 0.040377 0.031250 0.041667
0 0.207731 0.115552 0.031250 0.041667
0 0.223465 0.105063 0.031250 0.041667
0 0.247066 0.099818 0.031250 0.041667
0 0.205108 0.223944 0.031250 0.041667
0 0.243133 0.187230 0.031250 0.041667
0 0.083168 0.626042 0.031250 0.041667
0 0.345405 0.797370 0.031250 0.041667
0 0.530283 0.951216 0.031250 0.041667
0 0.389986 0.503664 0.031250 0.041667
0 0.401786 0.521147 0.031250 0.041667
0 0.462101 0.540377 0.031250 0.041667
0 0.517171 0.540377 0.031250 0.041667
0 0.574863 0.540377 0.031250 0.041667
0 0.599776 0.503664 0.031250 0.041667
0 0.540773 0.466951 0.031250 0.041667
0 0.791210 0.342825 0.031250 0.041667
0 0.445056 0.211706 0.031250 0.041667
0 0.455545 0.215203 0.031250 0.041667
0 0.363762 0.108559 0.031250 0.041667
0 0.312626 0.092825 0.031250 0.041667
0 0.348028 0.071846 0.031250 0.041667
0 0.355895 0.070098 0.031250 0.041667