0 0.142054 0.609046 0.031250 0.041667
0 0.103481 0.571758 0.031250 0.041667
0 0.025371 0.585902 0.031250 0.041667
0 0.039836 0.628332 0.031250 0.041667
0 0.091910 0.759479 0.031250 0.041667
0 0.062980 0.476612 0.031250 0.041667
0 0.179663 0.513899 0.031250 0.041667
0 0.251987 0.506185 0.031250 0.041667
0 0.151697 0.767194 0.031250 0.041667
0 0.178698 0.620617 0.031250 0.041667
0 0.400492 0.529328 0.031250 0.041667
0 0.391813 0.503613 0.031250 0.041667
0 0.418814 0.479184 0.031250 0.041667
0 0.504639 0.534471 0.031250 0.041667
0 0.546104 0.472755 0.031250 0.041667
0 0.613607 0.510042 0.031250 0.041667
0 0.684002 0.530614 0.031250 0.041667
0 0.709074 0.583330 0.031250 0.041667
0 0.822864 0.576902 0.031250 0.041667
0 0.791042 0.360894 0.031250 0.041667
0 0.756326 0.197602 0.031250 0.041667
0 0.721611 0.189888 0.031250 0.041667
0 0.710039 0.201460 0.031250 0.041667
0 0.442922 0.215603 0.031250 0.041667
0 0.351312 0.216889 0.031250 0.041667
0 0.327204 0.216889 0.031250 0.041667
0 0.312739 0.188602 0.031250 0.041667
0 0.213414 0.150029 0.031250 0.041667
0 0.284774 0.093456 0.031250 0.041667
0 0.307917 0.096027 0.031250 0.041667
0 0.343597 0.097313 0.031250 0.041667
0 0.296345 0.049740 0.031250 0.041667
0 0.213414 0.038168 0.031250 0.041667
0 0.251022 0.040740 0.031250 0.041667
0 0.192199 0.309463 0.031250 0.041667