0 0.197241 0.131286 0.031250 0.041667
0 0.268045 0.099818 0.031250 0.041667
0 0.277224 0.099818 0.031250 0.041667
0 0.302136 0.096321 0.031250 0.041667
0 0.351961 0.085832 0.031250 0.041667
0 0.372940 0.075342 0.031250 0.041667
0 0.289024 0.126042 0.031250 0.041667
0 0.357206 0.150517 0.031250 0.041667
0 0.345405 0.220447 0.031250 0.041667
0 0.404409 0.222196 0.031250 0.041667
0 0.438500 0.206461 0.031250 0.041667
0 0.448989 0.208209 0.031250 0.041667
0 0.184129 0.306112 0.031250 0.041667
0 0.226087 0.404014 0.031250 0.041667
0 0.093657 0.454713 0.031250 0.041667
0 0.138238 0.458209 0.031250 0.041667
0 0.087101 0.533384 0.031250 0.041667
0 0.033342 0.760657 0.031250 0.041667
0 0.254933 0.751916 0.031250 0.041667
0 0.307381 0.776391 0.031250 0.041667
0 0.417521 0.769398 0.031250 0.041667
0 0.353273 0.937230 0.031250 0.041667
0 0.306070 0.412755 0.031250 0.041667
0 0.346717 0.411007 0.031250 0.041667
0 0.456856 0.529888 0.031250 0.041667
0 0.523727 0.533384 0.031250 0.041667
0 0.548640 0.472196 0.031250 0.041667
0 0.827923 0.841077 0.031250 0.041667
0 0.733517 0.187230 0.031250 0.041667
0 0.774164 0.215203 0.031250 0.041667