0 0.282609 0.191665 0.031250 0.041667
0 0.281582 0.160179 0.031250 0.041667
0 0.262075 0.164286 0.031250 0.041667
0 0.197393 0.194402 0.031250 0.041667
0 0.332917 0.206723 0.031250 0.041667
0 0.328810 0.121849 0.031250 0.041667
0 0.291849 0.094471 0.031250 0.041667
0 0.272342 0.097209 0.031250 0.041667
0 0.393492 0.173868 0.031250 0.041667
0 0.418132 0.193033 0.031250 0.041667
0 0.436613 0.209461 0.031250 0.041667
0 0.449960 0.206723 0.031250 0.041667
0 0.404785 0.475032 0.031250 0.041667
0 0.387332 0.501042 0.031250 0.041667
0 0.455093 0.524313 0.031250 0.041667
0 0.502321 0.533896 0.031250 0.041667
0 0.482814 0.613294 0.031250 0.041667
0 0.289796 0.837797 0.031250 0.041667
0 0.549549 0.468187 0.031250 0.041667
0 0.557763 0.369625 0.031250 0.041667
0 0.602937 0.366887 0.031250 0.041667
0 0.671726 0.621507 0.031250 0.041667
0 0.668646 0.800836 0.031250 0.041667
0 0.766182 0.481877 0.031250 0.041667
0 0.855504 0.470925 0.031250 0.041667
0 0.727167 0.117743 0.031250 0.041667
0 0.693286 0.128694 0.031250 0.041667
0 0.710740 0.087626 0.031250 0.041667
0 0.545442 0.172500 0.031250 0.041667
0 0.364744 0.080782 0.031250 0.041667