0 0.273244 0.088780 0.031250 0.041667
0 0.284344 0.088780 0.031250 0.041667
0 0.300200 0.086665 0.031250 0.041667
0 0.344597 0.086665 0.031250 0.041667
0 0.357282 0.088780 0.031250 0.041667
0 0.193963 0.093008 0.031250 0.041667
0 0.214576 0.188145 0.031250 0.041667
0 0.254217 0.181803 0.031250 0.041667
0 0.304957 0.192374 0.031250 0.041667
0 0.355697 0.238885 0.031250 0.041667
0 0.369967 0.276940 0.031250 0.041667
0 0.379481 0.283283 0.031250 0.041667
0 0.411194 0.253684 0.031250 0.041667
0 0.438149 0.257913 0.031250 0.041667
0 0.461933 0.200830 0.031250 0.041667
0 0.755274 0.198716 0.031250 0.041667
0 0.777473 0.219858 0.031250 0.041667
0 0.804428 0.173346 0.031250 0.041667
0 0.844069 0.179689 0.031250 0.041667
0 0.544386 0.460873 0.031250 0.041667
0 0.190792 0.289625 0.031250 0.041667
0 0.230432 0.295968 0.031250 0.041667
0 0.143223 0.638462 0.031250 0.041667
0 0.165422 0.659604 0.031250 0.041667
0 0.189206 0.748399 0.031250 0.041667
0 0.274830 0.756856 0.031250 0.041667
0 0.696606 0.704001 0.031250 0.041667
0 0.802843 0.689202 0.031250 0.041667
0 0.899566 0.657490 0.031250 0.041667