0 0.561828 0.171232 0.031250 0.041667
0 0.641109 0.211401 0.031250 0.041667
0 0.273244 0.095122 0.031250 0.041667
0 0.287515 0.095122 0.031250 0.041667
0 0.295443 0.086665 0.031250 0.041667
0 0.335084 0.088780 0.031250 0.041667
0 0.341426 0.078209 0.031250 0.041667
0 0.347769 0.147976 0.031250 0.041667
0 0.441320 0.207173 0.031250 0.041667
0 0.454005 0.196602 0.031250 0.041667
0 0.300200 0.224086 0.031250 0.041667
0 0.349354 0.268484 0.031250 0.041667
0 0.276415 0.287511 0.031250 0.041667
0 0.119439 0.376306 0.031250 0.041667
0 0.190792 0.710344 0.031250 0.041667
0 0.704534 0.410133 0.031250 0.041667
0 0.542800 0.462987 0.031250 0.041667
0 0.737832 0.289625 0.031250 0.041667
0 0.802843 0.285397 0.031250 0.041667
0 0.767959 0.465101 0.031250 0.041667
0 0.812356 0.412247 0.031250 0.041667
0 0.825041 0.473558 0.031250 0.041667
0 0.970919 0.856221 0.031250 0.041667