0 0.209115 0.108185 0.031250 0.041667
0 0.236892 0.097603 0.031250 0.041667
0 0.312289 0.087021 0.031250 0.041667
0 0.379750 0.169031 0.031250 0.041667
0 0.334115 0.190195 0.031250 0.041667
0 0.240861 0.190195 0.031250 0.041667
0 0.189273 0.235169 0.031250 0.041667
0 0.248797 0.219296 0.031250 0.041667
0 0.268638 0.214005 0.031250 0.041667
0 0.349988 0.229878 0.031250 0.041667
0 0.443242 0.208714 0.031250 0.041667
0 0.461099 0.206068 0.031250 0.041667
0 0.238876 0.285433 0.031250 0.041667
0 0.213083 0.266915 0.031250 0.041667
0 0.161496 0.348925 0.031250 0.041667
0 0.223003 0.354216 0.031250 0.041667
0 0.219035 0.422999 0.031250 0.041667
0 0.088083 0.542047 0.031250 0.041667
0 0.024591 0.676968 0.031250 0.041667
0 0.171416 0.512946 0.031250 0.041667
0 0.256734 0.515592 0.031250 0.041667
0 0.248797 0.634640 0.031250 0.041667
0 0.387686 0.507655 0.031250 0.041667
0 0.395623 0.523528 0.031250 0.041667
0 0.441257 0.740460 0.031250 0.041667
0 0.411496 0.740460 0.031250 0.041667
0 0.371813 0.785433 0.031250 0.041667
0 0.348003 0.798661 0.031250 0.041667
0 0.326178 0.764269 0.031250 0.041667
0 0.290464 0.793370 0.031250 0.041667
0 0.568242 0.523528 0.031250 0.041667
0 0.574194 0.499719 0.031250 0.041667
0 0.550384 0.465327 0.031250 0.041667
0 0.552369 0.200777 0.031250 0.041667
0 0.562289 0.108185 0.031250 0.041667
0 0.580146 0.097603 0.031250 0.041667
0 0.653559 0.184904 0.031250 0.041667
0 0.707130 0.203423 0.031250 0.041667
0 0.740861 0.206068 0.031250 0.041667
0 0.764670 0.145222 0.031250 0.041667
0 0.814273 0.428290 0.031250 0.041667
0 0.760702 0.430936 0.031250 0.041667