0 0.445853 0.216305 0.031250 0.041667
0 0.455093 0.202616 0.031250 0.041667
0 0.594724 0.228626 0.031250 0.041667
0 0.646058 0.258742 0.031250 0.041667
0 0.673779 0.262849 0.031250 0.041667
0 0.701500 0.314868 0.031250 0.041667
0 0.717927 0.314868 0.031250 0.041667
0 0.669672 0.328557 0.031250 0.041667
0 0.627578 0.327188 0.031250 0.041667
0 0.807249 0.365518 0.031250 0.041667
0 0.844210 0.362780 0.031250 0.041667
0 0.838050 0.284751 0.031250 0.041667
0 0.886305 0.321712 0.031250 0.041667
0 0.509508 0.538003 0.031250 0.041667
0 0.450987 0.531158 0.031250 0.041667
0 0.544416 0.477770 0.031250 0.041667
0 0.509508 0.609187 0.031250 0.041667
0 0.526962 0.643410 0.031250 0.041667
0 0.505401 0.658468 0.031250 0.041667
0 0.278502 0.810419 0.031250 0.041667
0 0.657352 0.973321 0.031250 0.041667
0 0.296982 0.407955 0.031250 0.041667
0 0.251808 0.306654 0.031250 0.041667
0 0.175833 0.302547 0.031250 0.041667
0 0.202527 0.275169 0.031250 0.041667
0 0.225114 0.208092 0.031250 0.041667
0 0.226141 0.146490 0.031250 0.041667
0 0.221007 0.115005 0.031250 0.041667
0 0.180966 0.113636 0.031250 0.041667
0 0.254888 0.134170 0.031250 0.041667
0 0.275422 0.125956 0.031250 0.041667
0 0.275422 0.102684 0.031250 0.041667
0 0.300063 0.097209 0.031250 0.041667