0 0.311970 0.077091 0.031250 0.041667
0 0.222809 0.239678 0.031250 0.041667
0 0.284435 0.223944 0.031250 0.041667
0 0.335571 0.199468 0.031250 0.041667
0 0.393264 0.199468 0.031250 0.041667
0 0.445711 0.199468 0.031250 0.041667
0 0.617477 0.148769 0.031250 0.041667
0 0.030064 0.599818 0.031250 0.041667
0 0.394575 0.501916 0.031250 0.041667
0 0.411620 0.535133 0.031250 0.041667
0 0.277879 0.758909 0.031250 0.041667
0 0.283124 0.807860 0.031250 0.041667
0 0.357862 0.793874 0.031250 0.041667
0 0.435222 0.739678 0.031250 0.041667
0 0.450956 0.753664 0.031250 0.041667
0 0.475869 0.781636 0.031250 0.041667
0 0.503404 0.869049 0.031250 0.041667
0 0.671236 0.979189 0.031250 0.041667
0 0.542739 0.519398 0.031250 0.041667
0 0.574208 0.498419 0.031250 0.041667
0 0.546673 0.472196 0.031250 0.041667
0 0.727617 0.395272 0.031250 0.041667
0 0.683036 0.640028 0.031250 0.041667
0 0.831201 0.737930 0.031250 0.041667
0 0.921673 0.716951 0.031250 0.041667