0 0.211009 0.043874 0.031250 0.041667
0 0.226743 0.043874 0.031250 0.041667
0 0.251655 0.042126 0.031250 0.041667
0 0.306725 0.084084 0.031250 0.041667
0 0.207075 0.178489 0.031250 0.041667
0 0.229365 0.194223 0.031250 0.041667
0 0.193963 0.241426 0.031250 0.041667
0 0.242477 0.216951 0.031250 0.041667
0 0.287057 0.181986 0.031250 0.041667
0 0.338194 0.171496 0.031250 0.041667
0 0.377530 0.168000 0.031250 0.041667
0 0.450956 0.213454 0.031250 0.041667
0 0.406376 0.148769 0.031250 0.041667
0 0.329016 0.232685 0.031250 0.041667
0 0.293613 0.227440 0.031250 0.041667
0 0.246411 0.285133 0.031250 0.041667
0 0.384085 0.501916 0.031250 0.041667
0 0.412932 0.538629 0.031250 0.041667
0 0.559785 0.521147 0.031250 0.041667
0 0.578141 0.498419 0.031250 0.041667
0 0.549295 0.473944 0.031250 0.041667
0 0.311970 0.765902 0.031250 0.041667
0 0.353928 0.797370 0.031250 0.041667
0 0.473246 0.813105 0.031250 0.041667
0 0.445711 0.804363 0.031250 0.041667
0 0.424732 0.769398 0.031250 0.041667
0 0.402442 0.748419 0.031250 0.041667
0 0.517827 0.744923 0.031250 0.041667
0 0.561096 0.652265 0.031250 0.041667
0 0.705327 0.891776 0.031250 0.041667
0 0.786620 0.370797 0.031250 0.041667
0 0.823334 0.421496 0.031250 0.041667
0 0.857425 0.360307 0.031250 0.041667