0 0.330097 0.323607 0.031250 0.041667
0 0.286702 0.335179 0.031250 0.041667
0 0.199913 0.198888 0.031250 0.041667
0 0.277059 0.123028 0.031250 0.041667
0 0.284774 0.092170 0.031250 0.041667
0 0.308882 0.093456 0.031250 0.041667
0 0.340704 0.099884 0.031250 0.041667
0 0.089981 0.391752 0.031250 0.041667
0 0.259701 0.792909 0.031250 0.041667
0 0.314667 0.791623 0.031250 0.041667
0 0.370598 0.799338 0.031250 0.041667
0 0.443886 0.647618 0.031250 0.041667
0 0.441958 0.578187 0.031250 0.041667
0 0.404349 0.528043 0.031250 0.041667
0 0.393742 0.503613 0.031250 0.041667
0 0.504639 0.534471 0.031250 0.041667
0 0.594320 0.512614 0.031250 0.041667
0 0.543211 0.466326 0.031250 0.041667
0 0.648322 0.381466 0.031250 0.041667
0 0.702324 0.368608 0.031250 0.041667
0 0.822864 0.353179 0.031250 0.041667
0 0.867223 0.438039 0.031250 0.041667
0 0.763076 0.267033 0.031250 0.041667
0 0.773684 0.250318 0.031250 0.041667
0 0.810328 0.246461 0.031250 0.041667