0 0.273580 0.093285 0.031250 0.041667
0 0.287731 0.093285 0.031250 0.041667
0 0.353769 0.084899 0.031250 0.041667
0 0.328611 0.151985 0.031250 0.041667
0 0.254712 0.118442 0.031250 0.041667
0 0.215404 0.118442 0.031250 0.041667
0 0.193391 0.137310 0.031250 0.041667
0 0.279869 0.216975 0.031250 0.041667
0 0.232699 0.288253 0.031250 0.041667
0 0.300310 0.271482 0.031250 0.041667
0 0.361630 0.286157 0.031250 0.041667
0 0.421379 0.248421 0.031250 0.041667
0 0.393077 0.149889 0.031250 0.041667
0 0.311316 0.330182 0.031250 0.041667
0 0.180813 0.380497 0.031250 0.041667
0 0.207542 0.747373 0.031250 0.041667
0 0.273580 0.755759 0.031250 0.041667
0 0.459115 0.644648 0.031250 0.041667
0 0.646222 0.258903 0.031250 0.041667
0 0.765718 0.221167 0.031250 0.041667
0 0.803454 0.235843 0.031250 0.041667
0 0.471447 0.202944 0.031250 0.041667