0 0.171726 0.751555 0.031250 0.041667
0 0.101911 0.536634 0.031250 0.041667
0 0.073163 0.491459 0.031250 0.041667
0 0.148112 0.349091 0.031250 0.041667
0 0.223061 0.346353 0.031250 0.041667
0 0.310330 0.443547 0.031250 0.041667
0 0.396572 0.487352 0.031250 0.041667
0 0.450987 0.533896 0.031250 0.041667
0 0.500268 0.543478 0.031250 0.041667
0 0.484867 0.616031 0.031250 0.041667
0 0.565976 0.611925 0.031250 0.041667
0 0.546469 0.487352 0.031250 0.041667
0 0.834970 0.551692 0.031250 0.041667
0 0.722034 0.273800 0.031250 0.041667
0 0.647085 0.268324 0.031250 0.041667
0 0.710740 0.216305 0.031250 0.041667
0 0.705607 0.164286 0.031250 0.041667
0 0.683019 0.154704 0.031250 0.041667
0 0.556736 0.188927 0.031250 0.041667
0 0.456120 0.205354 0.031250 0.041667
0 0.434559 0.216305 0.031250 0.041667
0 0.288769 0.187558 0.031250 0.041667
0 0.260021 0.176606 0.031250 0.041667
0 0.277475 0.095840 0.031250 0.041667
0 0.294929 0.088995 0.031250 0.041667
0 0.362691 0.086257 0.031250 0.041667
0 0.188153 0.043821 0.031250 0.041667