0 0.230973 0.065705 0.031250 0.041667
0 0.306109 0.114885 0.031250 0.041667
0 0.319770 0.114885 0.031250 0.041667
0 0.332065 0.091206 0.031250 0.041667
0 0.200918 0.116707 0.031250 0.041667
0 0.317038 0.176816 0.031250 0.041667
0 0.360754 0.182280 0.031250 0.041667
0 0.401738 0.096670 0.031250 0.041667
0 0.393541 0.202317 0.031250 0.041667
0 0.332065 0.205960 0.031250 0.041667
0 0.448186 0.216889 0.031250 0.041667
0 0.446820 0.184102 0.031250 0.041667
0 0.655836 0.171351 0.031250 0.041667
0 0.691355 0.149493 0.031250 0.041667
0 0.717311 0.162244 0.031250 0.041667
0 0.780153 0.368073 0.031250 0.041667
0 0.804743 0.493756 0.031250 0.041667
0 0.844360 0.351679 0.031250 0.041667
0 0.549279 0.466433 0.031250 0.041667
0 0.579333 0.493756 0.031250 0.041667
0 0.562940 0.522900 0.031250 0.041667
0 0.394907 0.502863 0.031250 0.041667
0 0.396273 0.526543 0.031250 0.041667
0 0.323869 0.291570 0.031250 0.041667
0 0.263759 0.289748 0.031250 0.041667
0 0.220044 0.289748 0.031250 0.041667
0 0.114852 0.439111 0.031250 0.041667
0 0.058841 0.530186 0.031250 0.041667
0 0.302011 0.759694 0.031250 0.041667
0 0.366218 0.779730 0.031250 0.041667
0 0.396273 0.748765 0.031250 0.041667
0 0.437257 0.772444 0.031250 0.041667
0 0.438623 0.721442 0.031250 0.041667
0 0.907202 0.980094 0.031250 0.041667