0 0.092670 0.477770 0.031250 0.041667
0 0.045442 0.484615 0.031250 0.041667
0 0.072136 0.566750 0.031250 0.041667
0 0.115258 0.574964 0.031250 0.041667
0 0.224087 0.776196 0.031250 0.041667
0 0.479734 0.626983 0.031250 0.041667
0 0.494108 0.592760 0.031250 0.041667
0 0.499241 0.544847 0.031250 0.041667
0 0.447907 0.535265 0.031250 0.041667
0 0.412999 0.494197 0.031250 0.041667
0 0.362691 0.509255 0.031250 0.041667
0 0.767208 0.398372 0.031250 0.041667
0 0.780555 0.417537 0.031250 0.041667
0 0.730247 0.392897 0.031250 0.041667
0 0.731274 0.303916 0.031250 0.041667
0 0.822650 0.297072 0.031250 0.041667
0 0.952013 0.789885 0.031250 0.041667
0 0.543389 0.475032 0.031250 0.041667
0 0.438666 0.225888 0.031250 0.041667
0 0.452013 0.213567 0.031250 0.041667
0 0.335997 0.161548 0.031250 0.041667
0 0.285689 0.180713 0.031250 0.041667
0 0.254888 0.183451 0.031250 0.041667
0 0.187126 0.175237 0.031250 0.041667
0 0.203553 0.073937 0.031250 0.041667
0 0.275422 0.098578 0.031250 0.041667
0 0.290822 0.093102 0.031250 0.041667
0 0.554683 0.190296 0.031250 0.041667