0 0.274830 0.099350 0.031250 0.041667
0 0.285929 0.099350 0.031250 0.041667
0 0.293857 0.088780 0.031250 0.041667
0 0.331912 0.090894 0.031250 0.041667
0 0.346183 0.084551 0.031250 0.041667
0 0.252631 0.107807 0.031250 0.041667
0 0.222504 0.137405 0.031250 0.041667
0 0.197134 0.128949 0.031250 0.041667
0 0.262145 0.183917 0.031250 0.041667
0 0.289100 0.183917 0.031250 0.041667
0 0.212991 0.300196 0.031250 0.041667
0 0.271659 0.279054 0.031250 0.041667
0 0.442906 0.200830 0.031250 0.041667
0 0.452420 0.211401 0.031250 0.041667
0 0.460348 0.196602 0.031250 0.041667
0 0.579270 0.186031 0.031250 0.041667
0 0.547557 0.477786 0.031250 0.041667
0 0.063942 0.854107 0.031250 0.041667
0 0.121024 0.873135 0.031250 0.041667
0 0.363625 0.786454 0.031250 0.041667
0 0.764788 0.682860 0.031250 0.041667
0 0.828213 0.680746 0.031250 0.041667