0 0.223266 0.072320 0.031250 0.041667
0 0.227983 0.107960 0.031250 0.041667
0 0.257857 0.110056 0.031250 0.041667
0 0.273580 0.089092 0.031250 0.041667
0 0.363203 0.045067 0.031250 0.041667
0 0.382071 0.038778 0.031250 0.041667
0 0.367920 0.181335 0.031250 0.041667
0 0.399366 0.233746 0.031250 0.041667
0 0.419806 0.168757 0.031250 0.041667
0 0.295593 0.139406 0.031250 0.041667
0 0.314460 0.225360 0.031250 0.041667
0 0.259429 0.214878 0.031250 0.041667
0 0.246850 0.242132 0.031250 0.041667
0 0.198108 0.177142 0.031250 0.041667
0 0.224838 0.156178 0.031250 0.041667
0 0.198108 0.458065 0.031250 0.041667
0 0.294020 0.508379 0.031250 0.041667
0 0.160372 0.873159 0.031250 0.041667
0 0.278297 0.791398 0.031250 0.041667
0 0.749995 0.606912 0.031250 0.041667
0 0.705970 0.755759 0.031250 0.041667
0 0.811316 0.615297 0.031250 0.041667
0 0.924523 0.653033 0.031250 0.041667
0 0.551882 0.468547 0.031250 0.041667