0 0.219531 0.085832 0.031250 0.041667
0 0.233954 0.085832 0.031250 0.041667
0 0.190685 0.124293 0.031250 0.041667
0 0.265423 0.103314 0.031250 0.041667
0 0.296891 0.120797 0.031250 0.041667
0 0.260178 0.148769 0.031250 0.041667
0 0.313937 0.094573 0.031250 0.041667
0 0.336227 0.071846 0.031250 0.041667
0 0.348028 0.075342 0.031250 0.041667
0 0.344094 0.201216 0.031250 0.041667
0 0.443745 0.216951 0.031250 0.041667
0 0.451612 0.211706 0.031250 0.041667
0 0.205108 0.285133 0.031250 0.041667
0 0.237888 0.251916 0.031250 0.041667
0 0.249689 0.260657 0.031250 0.041667
0 0.290335 0.267650 0.031250 0.041667
0 0.336227 0.232685 0.031250 0.041667
0 0.336227 0.278140 0.031250 0.041667
0 0.315248 0.323594 0.031250 0.041667
0 0.262800 0.344573 0.031250 0.041667
0 0.271979 0.449468 0.031250 0.041667
0 0.384741 0.316601 0.031250 0.041667
0 0.409654 0.276391 0.031250 0.041667
0 0.425388 0.290377 0.031250 0.041667
0 0.388675 0.514154 0.031250 0.041667
0 0.405720 0.524643 0.031250 0.041667
0 0.454234 0.545622 0.031250 0.041667
0 0.518482 0.545622 0.031250 0.041667
0 0.574863 0.514154 0.031250 0.041667
0 0.590598 0.491426 0.031250 0.041667
0 0.548640 0.473944 0.031250 0.041667
0 0.556507 0.335832 0.031250 0.041667
0 0.724339 0.089328 0.031250 0.041667
0 0.732206 0.091077 0.031250 0.041667
0 0.724339 0.482685 0.031250 0.041667
0 0.646979 0.491426 0.031250 0.041667
0 0.058255 0.655762 0.031250 0.041667
0 0.363762 0.814853 0.031250 0.041667
0 0.734828 0.727440 0.031250 0.041667
0 0.716472 0.811356 0.031250 0.041667
0 0.955108 0.835832 0.031250 0.041667