0 0.202486 0.050867 0.031250 0.041667
0 0.310003 0.094573 0.031250 0.041667
0 0.342783 0.080587 0.031250 0.041667
0 0.349339 0.078839 0.031250 0.041667
0 0.443745 0.209958 0.031250 0.041667
0 0.451612 0.211706 0.031250 0.041667
0 0.244444 0.470447 0.031250 0.041667
0 0.391297 0.505412 0.031250 0.041667
0 0.408342 0.531636 0.031250 0.041667
0 0.456856 0.545622 0.031250 0.041667
0 0.523727 0.545622 0.031250 0.041667
0 0.568307 0.533384 0.031250 0.041667
0 0.584042 0.500168 0.031250 0.041667
0 0.551262 0.475692 0.031250 0.041667
0 0.202486 0.743175 0.031250 0.041667
0 0.028098 0.851566 0.031250 0.041667
0 0.152661 0.746671 0.031250 0.041667
0 0.696804 0.344573 0.031250 0.041667
0 0.729584 0.253664 0.031250 0.041667
0 0.778098 0.253664 0.031250 0.041667
0 0.838412 0.255412 0.031250 0.041667
0 0.844968 0.570098 0.031250 0.041667
0 0.934129 0.612056 0.031250 0.041667