0 0.162190 0.686811 0.031250 0.041667
0 0.124335 0.444259 0.031250 0.041667
0 0.077017 0.434445 0.031250 0.041667
0 0.247364 0.376962 0.031250 0.041667
0 0.271549 0.395188 0.031250 0.041667
0 0.320971 0.253583 0.031250 0.041667
0 0.366186 0.273211 0.031250 0.041667
0 0.429278 0.269005 0.031250 0.041667
0 0.413505 0.535391 0.031250 0.041667
0 0.401938 0.514361 0.031250 0.041667
0 0.419814 0.486320 0.031250 0.041667
0 0.519709 0.525577 0.031250 0.041667
0 0.553357 0.522773 0.031250 0.041667
0 0.562821 0.500341 0.031250 0.041667
0 0.540739 0.463888 0.031250 0.041667
0 0.887742 0.967218 0.031250 0.041667
0 0.833063 0.522773 0.031250 0.041667
0 0.797311 0.212924 0.031250 0.041667
0 0.756302 0.218532 0.031250 0.041667
0 0.760508 0.204512 0.031250 0.041667
0 0.731065 0.187687 0.031250 0.041667
0 0.766817 0.149832 0.031250 0.041667
0 0.654304 0.187687 0.031250 0.041667
0 0.646943 0.142822 0.031250 0.041667
0 0.253673 0.196100 0.031250 0.041667
0 0.185324 0.134410 0.031250 0.041667
0 0.237900 0.104967 0.031250 0.041667
0 0.278910 0.092349 0.031250 0.041667
0 0.256828 0.096555 0.031250 0.041667
0 0.331486 0.106369 0.031250 0.041667
0 0.366186 0.086741 0.031250 0.041667
0 0.356722 0.086741 0.031250 0.041667
0 0.185324 0.048886 0.031250 0.041667