0 0.589109 0.713450 0.031250 0.041667
0 0.713189 0.641946 0.031250 0.041667
0 0.761559 0.853653 0.031250 0.041667
0 0.836218 0.766727 0.031250 0.041667
0 0.796260 0.515763 0.031250 0.041667
0 0.866712 0.507351 0.031250 0.041667
0 0.541791 0.473702 0.031250 0.041667
0 0.559667 0.491928 0.031250 0.041667
0 0.544945 0.518567 0.031250 0.041667
0 0.510245 0.532587 0.031250 0.041667
0 0.411402 0.533989 0.031250 0.041667
0 0.390371 0.510155 0.031250 0.041667
0 0.242106 0.463888 0.031250 0.041667
0 0.069656 0.489124 0.031250 0.041667
0 0.046523 0.497537 0.031250 0.041667
0 0.074914 0.619513 0.031250 0.041667
0 0.045471 0.662976 0.031250 0.041667
0 0.322022 0.787757 0.031250 0.041667
0 0.349362 0.820004 0.031250 0.041667
0 0.418762 0.766727 0.031250 0.041667
0 0.195839 0.054494 0.031250 0.041667
0 0.231591 0.054494 0.031250 0.041667
0 0.282064 0.093751 0.031250 0.041667
0 0.292579 0.078329 0.031250 0.041667
0 0.344104 0.083937 0.031250 0.041667
0 0.292579 0.092349 0.031250 0.041667
0 0.378804 0.040474 0.031250 0.041667
0 0.330434 0.111978 0.031250 0.041667
0 0.458720 0.198904 0.031250 0.041667
0 0.572285 0.191893 0.031250 0.041667