0 0.180966 0.803574 0.031250 0.041667
0 0.491028 0.606449 0.031250 0.041667
0 0.505401 0.548954 0.031250 0.041667
0 0.447907 0.527051 0.031250 0.041667
0 0.391438 0.501042 0.031250 0.041667
0 0.404785 0.484615 0.031250 0.041667
0 0.546469 0.466819 0.031250 0.041667
0 0.693286 0.487352 0.031250 0.041667
0 0.726141 0.491459 0.031250 0.041667
0 0.640925 0.828215 0.031250 0.041667
0 0.772342 0.394265 0.031250 0.041667
0 0.871931 0.421644 0.031250 0.041667
0 0.717927 0.150597 0.031250 0.041667
0 0.678913 0.157441 0.031250 0.041667
0 0.710740 0.094471 0.031250 0.041667
0 0.440720 0.213567 0.031250 0.041667
0 0.454067 0.202616 0.031250 0.041667
0 0.419159 0.212198 0.031250 0.041667
0 0.394518 0.191665 0.031250 0.041667
0 0.343184 0.156072 0.031250 0.041667
0 0.301089 0.191665 0.031250 0.041667
0 0.268235 0.194402 0.031250 0.041667
0 0.223061 0.212198 0.031250 0.041667
0 0.243594 0.205354 0.031250 0.041667
0 0.272342 0.097209 0.031250 0.041667
0 0.296982 0.099947 0.031250 0.041667
0 0.368851 0.080782 0.031250 0.041667
0 0.557763 0.182082 0.031250 0.041667