0 0.160432 0.376469 0.031250 0.041667
0 0.138872 0.370994 0.031250 0.041667
0 0.265155 0.256004 0.031250 0.041667
0 0.280555 0.235470 0.031250 0.041667
0 0.310330 0.212198 0.031250 0.041667
0 0.317516 0.235470 0.031250 0.041667
0 0.217927 0.157441 0.031250 0.041667
0 0.252835 0.125956 0.031250 0.041667
0 0.274395 0.104053 0.031250 0.041667
0 0.288769 0.093102 0.031250 0.041667
0 0.438666 0.210829 0.031250 0.041667
0 0.456120 0.203985 0.031250 0.041667
0 0.602937 0.119111 0.031250 0.041667
0 0.553656 0.188927 0.031250 0.041667
0 0.610124 0.227257 0.031250 0.041667
0 0.623471 0.283383 0.031250 0.041667
0 0.664539 0.291596 0.031250 0.041667
0 0.612178 0.339508 0.031250 0.041667
0 0.571110 0.431226 0.031250 0.041667
0 0.554683 0.477770 0.031250 0.041667
0 0.575217 0.502411 0.031250 0.041667
0 0.543389 0.517469 0.031250 0.041667
0 0.508481 0.542109 0.031250 0.041667
0 0.454067 0.532527 0.031250 0.041667
0 0.574190 0.602342 0.031250 0.041667
0 0.500268 0.655730 0.031250 0.041667
0 0.483841 0.635196 0.031250 0.041667
0 0.265155 0.799467 0.031250 0.041667
0 0.550576 0.124587 0.031250 0.041667