0 0.019495 0.609167 0.031250 0.041667
0 0.057883 0.600210 0.031250 0.041667
0 0.049246 0.472251 0.031250 0.041667
0 0.217192 0.464573 0.031250 0.041667
0 0.174966 0.752481 0.031250 0.041667
0 0.204716 0.732008 0.031250 0.041667
0 0.487825 0.560543 0.031250 0.041667
0 0.409131 0.525994 0.031250 0.041667
0 0.394735 0.509359 0.031250 0.041667
0 0.414889 0.477369 0.031250 0.041667
0 0.542528 0.467133 0.031250 0.041667
0 0.209514 0.319980 0.031250 0.041667
0 0.254620 0.235527 0.031250 0.041667
0 0.224870 0.186902 0.031250 0.041667
0 0.256539 0.176665 0.031250 0.041667
0 0.300685 0.227849 0.031250 0.041667
0 0.289169 0.207376 0.031250 0.041667
0 0.299726 0.147235 0.031250 0.041667
0 0.342912 0.152353 0.031250 0.041667
0 0.345791 0.190741 0.031250 0.041667
0 0.309323 0.102449 0.031250 0.041667
0 0.342912 0.106288 0.031250 0.041667
0 0.196079 0.070459 0.031250 0.041667
0 0.378420 0.207376 0.031250 0.041667
0 0.425445 0.208655 0.031250 0.041667
0 0.497422 0.207376 0.031250 0.041667
0 0.647134 0.179225 0.031250 0.041667
0 0.671127 0.106288 0.031250 0.041667
0 0.701837 0.134439 0.031250 0.041667
0 0.726789 0.224010 0.031250 0.041667
0 0.755580 0.267516 0.031250 0.041667
0 0.809323 0.279033 0.031250 0.041667