0 0.183019 0.110898 0.031250 0.041667
0 0.200473 0.110898 0.031250 0.041667
0 0.279529 0.097209 0.031250 0.041667
0 0.294929 0.093102 0.031250 0.041667
0 0.295956 0.128694 0.031250 0.041667
0 0.319570 0.115005 0.031250 0.041667
0 0.215874 0.257373 0.031250 0.041667
0 0.165566 0.324450 0.031250 0.041667
0 0.160432 0.421644 0.031250 0.041667
0 0.221007 0.418906 0.031250 0.041667
0 0.249755 0.380576 0.031250 0.041667
0 0.282609 0.379207 0.031250 0.041667
0 0.277475 0.294334 0.031250 0.041667
0 0.333943 0.291596 0.031250 0.041667
0 0.447907 0.214936 0.031250 0.041667
0 0.452013 0.202616 0.031250 0.041667
0 0.561870 0.201247 0.031250 0.041667
0 0.612178 0.065723 0.031250 0.041667
0 0.632711 0.058879 0.031250 0.041667
0 0.767208 0.169762 0.031250 0.041667
0 0.834970 0.320344 0.031250 0.041667
0 0.548523 0.473663 0.031250 0.041667
0 0.567003 0.488721 0.031250 0.041667
0 0.552629 0.522944 0.031250 0.041667
0 0.505401 0.531158 0.031250 0.041667
0 0.444826 0.525682 0.031250 0.041667
0 0.611151 0.572226 0.031250 0.041667
0 0.610124 0.606449 0.031250 0.041667
0 0.662486 0.598235 0.031250 0.041667
0 0.233327 0.778934 0.031250 0.041667