0 0.270073 0.093008 0.031250 0.041667
0 0.282758 0.090894 0.031250 0.041667
0 0.297029 0.088780 0.031250 0.041667
0 0.335084 0.086665 0.031250 0.041667
0 0.343012 0.078209 0.031250 0.041667
0 0.227261 0.152204 0.031250 0.041667
0 0.228847 0.221972 0.031250 0.041667
0 0.268487 0.177574 0.031250 0.041667
0 0.306542 0.158547 0.031250 0.041667
0 0.328741 0.158547 0.031250 0.041667
0 0.374724 0.162775 0.031250 0.041667
0 0.392166 0.186031 0.031250 0.041667
0 0.423879 0.205059 0.031250 0.041667
0 0.452420 0.196602 0.031250 0.041667
0 0.458762 0.547553 0.031250 0.041667
0 0.547557 0.458758 0.031250 0.041667
0 0.436563 0.792796 0.031250 0.041667
0 0.760031 0.784340 0.031250 0.041667
0 0.831384 0.947130 0.031250 0.041667
0 0.920179 0.957701 0.031250 0.041667
0 0.872610 0.769541 0.031250 0.041667
0 0.815528 0.471443 0.031250 0.041667
0 0.745760 0.475672 0.031250 0.041667
0 0.668065 0.207173 0.031250 0.041667
0 0.739418 0.205059 0.031250 0.041667