0 0.185449 0.393038 0.031250 0.041667
0 0.217271 0.372466 0.031250 0.041667
0 0.350347 0.399467 0.031250 0.041667
0 0.395670 0.507470 0.031250 0.041667
0 0.400492 0.531900 0.031250 0.041667
0 0.444851 0.588473 0.031250 0.041667
0 0.440993 0.645047 0.031250 0.041667
0 0.366741 0.792909 0.031250 0.041667
0 0.283809 0.778766 0.031250 0.041667
0 0.266451 0.755622 0.031250 0.041667
0 0.504639 0.526757 0.031250 0.041667
0 0.542247 0.458612 0.031250 0.041667
0 0.599142 0.521614 0.031250 0.041667
0 0.773684 0.456040 0.031250 0.041667
0 0.182556 0.085741 0.031250 0.041667
0 0.285738 0.093456 0.031250 0.041667
0 0.311774 0.092170 0.031250 0.041667
0 0.344561 0.103742 0.031250 0.041667
0 0.366741 0.108885 0.031250 0.041667
0 0.451601 0.209174 0.031250 0.041667
0 0.314667 0.174459 0.031250 0.041667
0 0.267416 0.195031 0.031250 0.041667
0 0.243308 0.188602 0.031250 0.041667
0 0.763076 0.124314 0.031250 0.041667
0 0.743790 0.107599 0.031250 0.041667
0 0.712932 0.106313 0.031250 0.041667
0 0.680145 0.148743 0.031250 0.041667