0 0.067553 0.665781 0.031250 0.041667
0 0.127490 0.412013 0.031250 0.041667
0 0.205303 0.406404 0.031250 0.041667
0 0.192685 0.302654 0.031250 0.041667
0 0.224230 0.295644 0.031250 0.041667
0 0.358825 0.278819 0.031250 0.041667
0 0.452411 0.707842 0.031250 0.041667
0 0.455566 0.669987 0.031250 0.041667
0 0.410350 0.528381 0.031250 0.041667
0 0.397732 0.503145 0.031250 0.041667
0 0.420865 0.475104 0.031250 0.041667
0 0.509193 0.525577 0.031250 0.041667
0 0.547048 0.512959 0.031250 0.041667
0 0.570182 0.497537 0.031250 0.041667
0 0.550203 0.476506 0.031250 0.041667
0 0.717395 0.748500 0.031250 0.041667
0 0.789951 0.755511 0.031250 0.041667
0 0.918237 0.672791 0.031250 0.041667
0 0.712138 0.378364 0.031250 0.041667
0 0.658510 0.144224 0.031250 0.041667
0 0.713189 0.125998 0.031250 0.041667
0 0.726859 0.120390 0.031250 0.041667
0 0.259982 0.155441 0.031250 0.041667
0 0.226333 0.169461 0.031250 0.041667
0 0.279961 0.118988 0.031250 0.041667
0 0.274703 0.092349 0.031250 0.041667
0 0.285219 0.088143 0.031250 0.041667
0 0.225282 0.061504 0.031250 0.041667
0 0.354619 0.121792 0.031250 0.041667
0 0.311507 0.095153 0.031250 0.041667
0 0.325177 0.096555 0.031250 0.041667
0 0.359877 0.099359 0.031250 0.041667
0 0.368289 0.082535 0.031250 0.041667
0 0.450308 0.207316 0.031250 0.041667