0 0.196585 0.129538 0.031250 0.041667
0 0.208386 0.127790 0.031250 0.041667
0 0.311970 0.091077 0.031250 0.041667
0 0.347372 0.098070 0.031250 0.041667
0 0.367040 0.043874 0.031250 0.041667
0 0.440467 0.209958 0.031250 0.041667
0 0.369662 0.248419 0.031250 0.041667
0 0.330327 0.258909 0.031250 0.041667
0 0.280502 0.265902 0.031250 0.041667
0 0.298858 0.278140 0.031250 0.041667
0 0.258295 0.302499 0.031250 0.041667
0 0.218876 0.272895 0.031250 0.041667
0 0.128404 0.397021 0.031250 0.041667
0 0.209697 0.390028 0.031250 0.041667
0 0.454890 0.286881 0.031250 0.041667
0 0.045799 0.503664 0.031250 0.041667
0 0.010397 0.652265 0.031250 0.041667
0 0.391953 0.507161 0.031250 0.041667
0 0.412932 0.540377 0.031250 0.041667
0 0.558474 0.533384 0.031250 0.041667
0 0.576830 0.501916 0.031250 0.041667
0 0.549295 0.470447 0.031250 0.041667
0 0.584697 0.603314 0.031250 0.041667
0 0.302792 0.753664 0.031250 0.041667
0 0.363106 0.779888 0.031250 0.041667
0 0.397197 0.751916 0.031250 0.041667
0 0.432599 0.802615 0.031250 0.041667
0 0.516516 0.751916 0.031250 0.041667
0 0.546673 0.758909 0.031250 0.041667
0 0.681725 0.711706 0.031250 0.041667
0 0.804977 0.723944 0.031250 0.041667
0 0.798421 0.452965 0.031250 0.041667
0 0.780064 0.255412 0.031250 0.041667
0 0.790554 0.285133 0.031250 0.041667
0 0.824645 0.253664 0.031250 0.041667
0 0.803666 0.178489 0.031250 0.041667
0 0.773509 0.166251 0.031250 0.041667