0 0.189273 0.049983 0.031250 0.041667
0 0.310305 0.100248 0.031250 0.041667
0 0.367845 0.092312 0.031250 0.041667
0 0.258718 0.150513 0.031250 0.041667
0 0.260702 0.221941 0.031250 0.041667
0 0.205146 0.258978 0.031250 0.041667
0 0.316257 0.253687 0.031250 0.041667
0 0.346019 0.237814 0.031250 0.041667
0 0.419432 0.251042 0.031250 0.041667
0 0.461099 0.211359 0.031250 0.041667
0 0.550384 0.190195 0.031250 0.041667
0 0.584115 0.206068 0.031250 0.041667
0 0.605940 0.200777 0.031250 0.041667
0 0.653559 0.195486 0.031250 0.041667
0 0.691257 0.303952 0.031250 0.041667
0 0.633718 0.301306 0.031250 0.041667
0 0.538480 0.470618 0.031250 0.041667
0 0.596019 0.494428 0.031250 0.041667
0 0.576178 0.526174 0.031250 0.041667
0 0.496813 0.536756 0.031250 0.041667
0 0.399591 0.505010 0.031250 0.041667
0 0.393638 0.531465 0.031250 0.041667
0 0.155543 0.489137 0.031250 0.041667
0 0.024591 0.536756 0.031250 0.041667
0 0.248797 0.642576 0.031250 0.041667
0 0.284511 0.809243 0.031250 0.041667
0 0.340067 0.782788 0.031250 0.041667
0 0.375781 0.785433 0.031250 0.041667
0 0.379750 0.798661 0.031250 0.041667
0 0.435305 0.732523 0.031250 0.041667
0 0.463083 0.721941 0.031250 0.041667
0 0.754750 0.880671 0.031250 0.041667
0 0.788480 0.946809 0.031250 0.041667
0 0.978956 0.938872 0.031250 0.041667
0 0.806337 0.523528 0.031250 0.041667
0 0.863876 0.523528 0.031250 0.041667