0 0.190606 0.076534 0.031250 0.041667
0 0.310409 0.096228 0.031250 0.041667
0 0.207018 0.144368 0.031250 0.041667
0 0.225070 0.190320 0.031250 0.041667
0 0.362926 0.185943 0.031250 0.041667
0 0.377696 0.262530 0.031250 0.041667
0 0.441700 0.207825 0.031250 0.041667
0 0.456471 0.205637 0.031250 0.041667
0 0.540169 0.210013 0.031250 0.041667
0 0.566427 0.118110 0.031250 0.041667
0 0.671460 0.135615 0.031250 0.041667
0 0.633713 0.255965 0.031250 0.041667
0 0.594326 0.280035 0.031250 0.041667
0 0.824085 0.249401 0.031250 0.041667
0 0.699359 0.614827 0.031250 0.041667
0 0.664895 0.595134 0.031250 0.041667
0 0.546733 0.472595 0.031250 0.041667
0 0.495858 0.525112 0.031250 0.041667
0 0.467958 0.687037 0.031250 0.041667
0 0.440059 0.732989 0.031250 0.041667
0 0.415442 0.728613 0.031250 0.041667
0 0.397390 0.785506 0.031250 0.041667
0 0.330103 0.800823 0.031250 0.041667
0 0.241481 0.783317 0.031250 0.041667
0 0.060956 0.652026 0.031250 0.041667
0 0.034698 0.608263 0.031250 0.041667
0 0.041263 0.511983 0.031250 0.041667
0 0.121678 0.573252 0.031250 0.041667
0 0.121678 0.619204 0.031250 0.041667
0 0.251328 0.505418 0.031250 0.041667
0 0.307127 0.417891 0.031250 0.041667
0 0.394107 0.511983 0.031250 0.041667
0 0.412160 0.538241 0.031250 0.041667
0 0.228352 0.356622 0.031250 0.041667
0 0.205376 0.321611 0.031250 0.041667
0 0.143013 0.347869 0.031250 0.041667
0 0.380978 0.794258 0.031250 0.041667