0 0.221693 0.089092 0.031250 0.041667
0 0.201253 0.122635 0.031250 0.041667
0 0.273580 0.086996 0.031250 0.041667
0 0.286159 0.097478 0.031250 0.041667
0 0.345907 0.080706 0.031250 0.041667
0 0.356913 0.080706 0.031250 0.041667
0 0.364775 0.086996 0.031250 0.041667
0 0.212259 0.242132 0.031250 0.041667
0 0.267291 0.246325 0.031250 0.041667
0 0.117920 0.409847 0.031250 0.041667
0 0.205970 0.481126 0.031250 0.041667
0 0.388360 0.493704 0.031250 0.041667
0 0.179240 0.801880 0.031250 0.041667
0 0.545593 0.464354 0.031250 0.041667
0 0.627354 0.175046 0.031250 0.041667
0 0.869492 0.372111 0.031250 0.041667
0 0.625253 0.238885 0.031250 0.041667