0 0.210892 0.097458 0.031250 0.041667
0 0.239049 0.094045 0.031250 0.041667
0 0.294083 0.090632 0.031250 0.041667
0 0.305602 0.090632 0.031250 0.041667
0 0.365756 0.082100 0.031250 0.041667
0 0.244169 0.204967 0.031250 0.041667
0 0.181455 0.262987 0.031250 0.041667
0 0.267206 0.182782 0.031250 0.041667
0 0.308162 0.186195 0.031250 0.041667
0 0.258247 0.245922 0.031250 0.041667
0 0.250568 0.276639 0.031250 0.041667
0 0.287684 0.334659 0.031250 0.041667
0 0.441268 0.215205 0.031250 0.041667
0 0.454066 0.204967 0.031250 0.041667
0 0.597411 0.290291 0.031250 0.041667
0 0.565414 0.175956 0.031250 0.041667
0 0.711319 0.087219 0.031250 0.041667
0 0.727957 0.092339 0.031250 0.041667
0 0.745875 0.239096 0.031250 0.041667
0 0.690841 0.216912 0.031250 0.041667
0 0.640926 0.269813 0.031250 0.041667
0 0.832906 0.326127 0.031250 0.041667
0 0.766353 0.402919 0.031250 0.041667
0 0.548776 0.464352 0.031250 0.041667
0 0.493742 0.536025 0.031250 0.041667
0 0.446387 0.527492 0.031250 0.041667
0 0.383674 0.472885 0.031250 0.041667
0 0.375995 0.496775 0.031250 0.041667
0 0.480943 0.616229 0.031250 0.041667
0 0.469425 0.786878 0.031250 0.041667