0 0.181507 0.110307 0.031250 0.041667
0 0.211664 0.082335 0.031250 0.041667
0 0.264112 0.078839 0.031250 0.041667
0 0.313937 0.108559 0.031250 0.041667
0 0.344094 0.082335 0.031250 0.041667
0 0.359828 0.080587 0.031250 0.041667
0 0.264112 0.168000 0.031250 0.041667
0 0.441122 0.209958 0.031250 0.041667
0 0.450300 0.209958 0.031250 0.041667
0 0.211664 0.276391 0.031250 0.041667
0 0.076612 0.412755 0.031250 0.041667
0 0.067433 0.503664 0.031250 0.041667
0 0.047766 0.517650 0.031250 0.041667
0 0.180196 0.489678 0.031250 0.041667
0 0.193307 0.701216 0.031250 0.041667
0 0.198552 0.720447 0.031250 0.041667
0 0.408342 0.323594 0.031250 0.041667
0 0.389986 0.498419 0.031250 0.041667
0 0.401786 0.522895 0.031250 0.041667
0 0.455545 0.533384 0.031250 0.041667
0 0.518482 0.535133 0.031250 0.041667
0 0.569619 0.517650 0.031250 0.041667
0 0.586664 0.493175 0.031250 0.041667
0 0.555196 0.470447 0.031250 0.041667
0 0.607643 0.246671 0.031250 0.041667
0 0.669269 0.250168 0.031250 0.041667
0 0.767608 0.239678 0.031250 0.041667
0 0.812189 0.222196 0.031250 0.041667
0 0.796454 0.181986 0.031250 0.041667
0 0.808255 0.438979 0.031250 0.041667
0 0.965598 0.942475 0.031250 0.041667
0 0.868570 0.987930 0.031250 0.041667