0 0.257893 0.776753 0.031250 0.041667
0 0.316974 0.816140 0.031250 0.041667
0 0.382619 0.796446 0.031250 0.041667
0 0.399031 0.794258 0.031250 0.041667
0 0.449906 0.695790 0.031250 0.041667
0 0.446624 0.667344 0.031250 0.041667
0 0.490934 0.739554 0.031250 0.041667
0 0.564786 0.606074 0.031250 0.041667
0 0.760081 0.662967 0.031250 0.041667
0 0.778134 0.800823 0.031250 0.041667
0 0.802751 0.643274 0.031250 0.041667
0 0.810956 0.540429 0.031250 0.041667
0 0.558221 0.518547 0.031250 0.041667
0 0.582838 0.503230 0.031250 0.041667
0 0.551657 0.476972 0.031250 0.041667
0 0.504064 0.540429 0.031250 0.041667
0 0.410519 0.536053 0.031250 0.041667
0 0.384260 0.501042 0.031250 0.041667
0 0.709206 0.345681 0.031250 0.041667
0 0.773210 0.273471 0.031250 0.041667
0 0.722335 0.240648 0.031250 0.041667
0 0.725617 0.188131 0.031250 0.041667
0 0.766646 0.185943 0.031250 0.041667
0 0.622225 0.155309 0.031250 0.041667
0 0.612379 0.096228 0.031250 0.041667
0 0.550015 0.207825 0.031250 0.041667
0 0.444983 0.205637 0.031250 0.041667
0 0.458112 0.205637 0.031250 0.041667
0 0.302204 0.172814 0.031250 0.041667
0 0.264457 0.172814 0.031250 0.041667
0 0.241481 0.078722 0.031250 0.041667
0 0.251328 0.122486 0.031250 0.041667
0 0.312050 0.098416 0.031250 0.041667