0 0.180966 0.741973 0.031250 0.041667
0 0.179939 0.412062 0.031250 0.041667
0 0.194313 0.276538 0.031250 0.041667
0 0.314436 0.390159 0.031250 0.041667
0 0.404785 0.479139 0.031250 0.041667
0 0.456120 0.527051 0.031250 0.041667
0 0.509508 0.529789 0.031250 0.041667
0 0.545442 0.476401 0.031250 0.041667
0 0.535176 0.596866 0.031250 0.041667
0 0.483841 0.611925 0.031250 0.041667
0 0.825730 0.633827 0.031250 0.041667
0 0.718954 0.168393 0.031250 0.041667
0 0.749755 0.165655 0.031250 0.041667
0 0.725114 0.209461 0.031250 0.041667
0 0.730247 0.243684 0.031250 0.041667
0 0.625525 0.249159 0.031250 0.041667
0 0.556736 0.182082 0.031250 0.041667
0 0.454067 0.208092 0.031250 0.041667
0 0.439693 0.220412 0.031250 0.041667
0 0.281582 0.171131 0.031250 0.041667
0 0.250781 0.167024 0.031250 0.041667
0 0.279529 0.106791 0.031250 0.041667
0 0.295956 0.098578 0.031250 0.041667
0 0.366798 0.090364 0.031250 0.041667