0 0.220919 0.190259 0.031250 0.041667
0 0.178107 0.317109 0.031250 0.041667
0 0.057599 0.621549 0.031250 0.041667
0 0.303371 0.807596 0.031250 0.041667
0 0.447663 0.625777 0.031250 0.041667
0 0.347769 0.207173 0.031250 0.041667
0 0.447663 0.213515 0.031250 0.041667
0 0.460348 0.194488 0.031250 0.041667
0 0.458762 0.209287 0.031250 0.041667
0 0.335084 0.093008 0.031250 0.041667
0 0.284344 0.090894 0.031250 0.041667
0 0.297029 0.090894 0.031250 0.041667
0 0.306542 0.088780 0.031250 0.041667
0 0.346183 0.080323 0.031250 0.041667
0 0.626838 0.492585 0.031250 0.041667
0 0.541215 0.469329 0.031250 0.041667
0 0.718805 0.756856 0.031250 0.041667
0 0.785401 0.773769 0.031250 0.041667
0 0.785401 0.556010 0.031250 0.041667
0 0.893223 0.558124 0.031250 0.041667