0 0.308321 0.097603 0.031250 0.041667
0 0.207130 0.166386 0.031250 0.041667
0 0.185305 0.235169 0.031250 0.041667
0 0.244829 0.237814 0.031250 0.041667
0 0.298400 0.245751 0.031250 0.041667
0 0.365861 0.269560 0.031250 0.041667
0 0.403559 0.145222 0.031250 0.041667
0 0.447210 0.219296 0.031250 0.041667
0 0.288480 0.396544 0.031250 0.041667
0 0.252765 0.404481 0.031250 0.041667
0 0.409511 0.460036 0.031250 0.041667
0 0.393638 0.507655 0.031250 0.041667
0 0.409511 0.539401 0.031250 0.041667
0 0.310305 0.798661 0.031250 0.041667
0 0.326178 0.769560 0.031250 0.041667
0 0.349988 0.811888 0.031250 0.041667
0 0.373797 0.777497 0.031250 0.041667
0 0.393638 0.753687 0.031250 0.041667
0 0.435305 0.748396 0.031250 0.041667
0 0.564273 0.518237 0.031250 0.041667
0 0.584115 0.489137 0.031250 0.041667
0 0.558321 0.460036 0.031250 0.041667
0 0.554353 0.208714 0.031250 0.041667
0 0.605940 0.142576 0.031250 0.041667
0 0.621813 0.137285 0.031250 0.041667
0 0.689273 0.124058 0.031250 0.041667
0 0.734908 0.155804 0.031250 0.041667
0 0.764670 0.163740 0.031250 0.041667
0 0.673400 0.216650 0.031250 0.041667
0 0.635702 0.206068 0.031250 0.041667
0 0.800384 0.412417 0.031250 0.041667
0 0.849988 0.412417 0.031250 0.041667
0 0.871813 0.682259 0.031250 0.041667
0 0.762686 0.674322 0.031250 0.041667