0 0.405314 0.472755 0.031250 0.041667
0 0.390849 0.506185 0.031250 0.041667
0 0.407242 0.528043 0.031250 0.041667
0 0.443886 0.651476 0.031250 0.041667
0 0.397599 0.749193 0.031250 0.041667
0 0.338775 0.796767 0.031250 0.041667
0 0.295381 0.765908 0.031250 0.041667
0 0.253915 0.378894 0.031250 0.041667
0 0.193163 0.390466 0.031250 0.041667
0 0.160376 0.396895 0.031250 0.041667
0 0.230772 0.260605 0.031250 0.041667
0 0.281881 0.228461 0.031250 0.041667
0 0.286702 0.198888 0.031250 0.041667
0 0.322382 0.214317 0.031250 0.041667
0 0.384099 0.206603 0.031250 0.041667
0 0.450637 0.206603 0.031250 0.041667
0 0.507531 0.531900 0.031250 0.041667
0 0.593356 0.507470 0.031250 0.041667
0 0.543211 0.463755 0.031250 0.041667
0 0.695574 0.249033 0.031250 0.041667
0 0.634822 0.128171 0.031250 0.041667
0 0.646394 0.120457 0.031250 0.041667
0 0.284774 0.090884 0.031250 0.041667
0 0.311774 0.094741 0.031250 0.041667
0 0.343597 0.099884 0.031250 0.041667
0 0.241379 0.078027 0.031250 0.041667
0 0.216307 0.066455 0.031250 0.041667