0 0.208234 0.044382 0.031250 0.041667
0 0.244703 0.057067 0.031250 0.041667
0 0.271659 0.086665 0.031250 0.041667
0 0.281172 0.097236 0.031250 0.041667
0 0.297029 0.097236 0.031250 0.041667
0 0.331912 0.090894 0.031250 0.041667
0 0.358868 0.088780 0.031250 0.041667
0 0.357282 0.186031 0.031250 0.041667
0 0.311299 0.215629 0.031250 0.041667
0 0.273244 0.221972 0.031250 0.041667
0 0.179692 0.279054 0.031250 0.041667
0 0.278001 0.287511 0.031250 0.041667
0 0.325570 0.287511 0.031250 0.041667
0 0.252631 0.336137 0.031250 0.041667
0 0.297029 0.325566 0.031250 0.041667
0 0.446077 0.251570 0.031250 0.041667
0 0.455591 0.188145 0.031250 0.041667
0 0.709291 0.154319 0.031250 0.041667
0 0.550728 0.469329 0.031250 0.041667
0 0.304957 0.427046 0.031250 0.041667
0 0.029058 0.547553 0.031250 0.041667
0 0.317642 0.801253 0.031250 0.041667