0 0.197038 0.248323 0.031250 0.041667
0 0.230628 0.247043 0.031250 0.041667
0 0.228708 0.175386 0.031250 0.041667
0 0.196079 0.129321 0.031250 0.041667
0 0.262298 0.133159 0.031250 0.041667
0 0.253660 0.066621 0.031250 0.041667
0 0.294927 0.093492 0.031250 0.041667
0 0.309323 0.093492 0.031250 0.041667
0 0.341952 0.238086 0.031250 0.041667
0 0.305484 0.224010 0.031250 0.041667
0 0.284371 0.235527 0.031250 0.041667
0 0.443680 0.209935 0.031250 0.041667
0 0.395695 0.506800 0.031250 0.041667
0 0.418728 0.520875 0.031250 0.041667
0 0.418728 0.482488 0.031250 0.041667
0 0.512777 0.532392 0.031250 0.041667
0 0.549246 0.476090 0.031250 0.041667
0 0.642336 0.502961 0.031250 0.041667
0 0.674966 0.468412 0.031250 0.041667
0 0.718152 0.502961 0.031250 0.041667
0 0.818919 0.483767 0.031250 0.041667
0 0.866904 0.479928 0.031250 0.041667
0 0.773814 0.930344 0.031250 0.041667
0 0.802605 0.964893 0.031250 0.041667
0 0.171127 0.735847 0.031250 0.041667
0 0.216232 0.716653 0.031250 0.041667
0 0.581875 0.138278 0.031250 0.041667
0 0.614505 0.147235 0.031250 0.041667
0 0.347710 0.094772 0.031250 0.041667
0 0.345791 0.043588 0.031250 0.041667
0 0.677845 0.113966 0.031250 0.041667
0 0.706635 0.133159 0.031250 0.041667
0 0.778612 0.180504 0.031250 0.041667
0 0.794927 0.177945 0.031250 0.041667
0 0.336194 0.039749 0.031250 0.041667