0 0.274830 0.095122 0.031250 0.041667
0 0.285929 0.095122 0.031250 0.041667
0 0.293857 0.093008 0.031250 0.041667
0 0.336669 0.093008 0.031250 0.041667
0 0.355697 0.093008 0.031250 0.041667
0 0.358868 0.152204 0.031250 0.041667
0 0.369967 0.164889 0.031250 0.041667
0 0.420707 0.207173 0.031250 0.041667
0 0.233604 0.253684 0.031250 0.041667
0 0.450834 0.213515 0.031250 0.041667
0 0.460348 0.192374 0.031250 0.041667
0 0.271659 0.249456 0.031250 0.041667
0 0.544386 0.473558 0.031250 0.041667
0 0.186035 0.625777 0.031250 0.041667
0 0.200306 0.653262 0.031250 0.041667
0 0.187621 0.750513 0.031250 0.041667
0 0.308128 0.752627 0.031250 0.041667
0 0.504745 0.811824 0.031250 0.041667
0 0.680750 0.773769 0.031250 0.041667
0 0.779058 0.794911 0.031250 0.041667
0 0.771130 0.879477 0.031250 0.041667
0 0.855168 0.670175 0.031250 0.041667
0 0.982018 0.782226 0.031250 0.041667