0 0.290686 0.088780 0.031250 0.041667
0 0.281172 0.093008 0.031250 0.041667
0 0.301785 0.093008 0.031250 0.041667
0 0.341426 0.093008 0.031250 0.041667
0 0.341426 0.080323 0.031250 0.041667
0 0.377895 0.188145 0.031250 0.041667
0 0.335084 0.209287 0.031250 0.041667
0 0.442906 0.209287 0.031250 0.041667
0 0.455591 0.202944 0.031250 0.041667
0 0.460348 0.192374 0.031250 0.041667
0 0.298614 0.221972 0.031250 0.041667
0 0.268487 0.221972 0.031250 0.041667
0 0.214576 0.338251 0.031250 0.041667
0 0.247874 0.327680 0.031250 0.041667
0 0.159079 0.357278 0.031250 0.041667
0 0.084555 0.566581 0.031250 0.041667
0 0.290686 0.769541 0.031250 0.041667
0 0.447663 0.627892 0.031250 0.041667
0 0.788572 0.541211 0.031250 0.041667
0 0.829798 0.543325 0.031250 0.041667
0 0.550728 0.462987 0.031250 0.041667
0 0.675993 0.162775 0.031250 0.041667
0 0.563413 0.209287 0.031250 0.041667
0 0.721976 0.152204 0.031250 0.041667
0 0.782229 0.202944 0.031250 0.041667