0 0.169207 0.375002 0.031250 0.041667
0 0.187442 0.172827 0.031250 0.041667
0 0.240225 0.179225 0.031250 0.041667
0 0.217192 0.126761 0.031250 0.041667
0 0.196079 0.081976 0.031250 0.041667
0 0.218152 0.039749 0.031250 0.041667
0 0.295887 0.093492 0.031250 0.041667
0 0.345791 0.094772 0.031250 0.041667
0 0.360186 0.087094 0.031250 0.041667
0 0.445599 0.208655 0.031250 0.041667
0 0.415848 0.479928 0.031250 0.041667
0 0.391856 0.502961 0.031250 0.041667
0 0.413929 0.527273 0.031250 0.041667
0 0.506060 0.533671 0.031250 0.041667
0 0.549246 0.522155 0.031250 0.041667
0 0.558843 0.491445 0.031250 0.041667
0 0.524294 0.470971 0.031250 0.041667
0 0.300685 0.808783 0.031250 0.041667
0 0.720071 0.158751 0.031250 0.041667