0 0.803620 0.348921 0.031250 0.041667
0 0.557564 0.193295 0.031250 0.041667
0 0.457669 0.196100 0.031250 0.041667
0 0.390371 0.505949 0.031250 0.041667
0 0.413505 0.518567 0.031250 0.041667
0 0.447153 0.518567 0.031250 0.041667
0 0.511296 0.536794 0.031250 0.041667
0 0.551254 0.528381 0.031250 0.041667
0 0.565976 0.490526 0.031250 0.041667
0 0.536533 0.461084 0.031250 0.041667
0 0.424020 0.783551 0.031250 0.041667
0 0.343053 0.818602 0.031250 0.041667
0 0.316764 0.762521 0.031250 0.041667
0 0.615397 0.911136 0.031250 0.041667
0 0.314661 0.963012 0.031250 0.041667
0 0.171654 0.958805 0.031250 0.041667
0 0.207406 0.320880 0.031250 0.041667
0 0.252621 0.299850 0.031250 0.041667
0 0.296785 0.168059 0.031250 0.041667
0 0.234745 0.159647 0.031250 0.041667
0 0.202148 0.201708 0.031250 0.041667
0 0.275755 0.095153 0.031250 0.041667
0 0.261034 0.076927 0.031250 0.041667
0 0.241055 0.069917 0.031250 0.041667
0 0.212663 0.093751 0.031250 0.041667
0 0.211612 0.050288 0.031250 0.041667
0 0.387217 0.114782 0.031250 0.041667
0 0.195839 0.075525 0.031250 0.041667