0 0.397614 0.812622 0.031250 0.041667
0 0.529092 0.845891 0.031250 0.041667
0 0.601069 0.756320 0.031250 0.041667
0 0.618344 0.893236 0.031250 0.041667
0 0.722950 0.890677 0.031250 0.041667
0 0.802605 0.589973 0.031250 0.041667
0 0.735426 0.437702 0.031250 0.041667
0 0.687442 0.464573 0.031250 0.041667
0 0.545407 0.477369 0.031250 0.041667
0 0.561722 0.505520 0.031250 0.041667
0 0.544447 0.520875 0.031250 0.041667
0 0.505100 0.525994 0.031250 0.041667
0 0.409131 0.522155 0.031250 0.041667
0 0.395695 0.506800 0.031250 0.041667
0 0.418728 0.479928 0.031250 0.041667
0 0.089553 0.543908 0.031250 0.041667
0 0.048286 0.550306 0.031250 0.041667
0 0.013737 0.614285 0.031250 0.041667
0 0.099150 0.714093 0.031250 0.041667
0 0.186482 0.144676 0.031250 0.041667
0 0.269015 0.098610 0.031250 0.041667
0 0.294927 0.093492 0.031250 0.041667
0 0.447518 0.207376 0.031250 0.041667
0 0.709514 0.106288 0.031250 0.041667
0 0.725829 0.116525 0.031250 0.041667
0 0.708555 0.247043 0.031250 0.041667
0 0.646175 0.245763 0.031250 0.041667
0 0.372662 0.099890 0.031250 0.041667
0 0.387058 0.098610 0.031250 0.041667
0 0.360186 0.041029 0.031250 0.041667
0 0.348670 0.037190 0.031250 0.041667
0 0.277653 0.038470 0.031250 0.041667