0 0.127490 0.367148 0.031250 0.041667
0 0.214767 0.346117 0.031250 0.041667
0 0.251570 0.325087 0.031250 0.041667
0 0.268394 0.228346 0.031250 0.041667
0 0.406144 0.302654 0.031250 0.041667
0 0.411402 0.522773 0.031250 0.041667
0 0.402989 0.500341 0.031250 0.041667
0 0.411402 0.483516 0.031250 0.041667
0 0.507090 0.536794 0.031250 0.041667
0 0.547048 0.518567 0.031250 0.041667
0 0.561770 0.500341 0.031250 0.041667
0 0.541791 0.470898 0.031250 0.041667
0 0.400886 0.784953 0.031250 0.041667
0 0.363032 0.804582 0.031250 0.041667
0 0.311507 0.776541 0.031250 0.041667
0 0.258931 0.766727 0.031250 0.041667
0 0.746838 0.332097 0.031250 0.041667
0 0.826754 0.301252 0.031250 0.041667
0 0.825702 0.318076 0.031250 0.041667
0 0.344104 0.145626 0.031250 0.041667
0 0.313610 0.140018 0.031250 0.041667
0 0.273652 0.145626 0.031250 0.041667
0 0.277858 0.100761 0.031250 0.041667
0 0.286270 0.092349 0.031250 0.041667
0 0.263137 0.096555 0.031250 0.041667
0 0.210560 0.064308 0.031250 0.041667
0 0.184272 0.163853 0.031250 0.041667
0 0.370392 0.134410 0.031250 0.041667
0 0.419814 0.152636 0.031250 0.041667
0 0.367238 0.088143 0.031250 0.041667
0 0.372495 0.096555 0.031250 0.041667
0 0.557564 0.197502 0.031250 0.041667