0 0.186035 0.107807 0.031250 0.041667
0 0.270073 0.090894 0.031250 0.041667
0 0.285929 0.090894 0.031250 0.041667
0 0.301785 0.090894 0.031250 0.041667
0 0.293857 0.126834 0.031250 0.041667
0 0.328741 0.118378 0.031250 0.041667
0 0.339840 0.120492 0.031250 0.041667
0 0.363625 0.114149 0.031250 0.041667
0 0.339840 0.093008 0.031250 0.041667
0 0.343998 0.078687 0.031250 0.041667
0 0.463025 0.196434 0.031250 0.041667
0 0.623008 0.187902 0.031250 0.041667
0 0.695960 0.191315 0.031250 0.041667
0 0.663964 0.387560 0.031250 0.041667
0 0.710039 0.440461 0.031250 0.041667
0 0.779152 0.437048 0.031250 0.041667
0 0.770193 0.660598 0.031250 0.041667
0 0.689561 0.699847 0.031250 0.041667
0 0.575653 0.786878 0.031250 0.041667
0 0.423350 0.832953 0.031250 0.041667
0 0.036986 0.748399 0.031250 0.041667
0 0.146394 0.725143 0.031250 0.041667
0 0.159079 0.431274 0.031250 0.041667
0 0.211405 0.266369 0.031250 0.041667
0 0.270073 0.262141 0.031250 0.041667
0 0.236775 0.314995 0.031250 0.041667
0 0.330327 0.331908 0.031250 0.041667