0 0.201500 0.329926 0.031250 0.041667
0 0.233327 0.332664 0.031250 0.041667
0 0.304169 0.299810 0.031250 0.041667
0 0.349344 0.305285 0.031250 0.041667
0 0.393492 0.284751 0.031250 0.041667
0 0.436613 0.224519 0.031250 0.041667
0 0.452013 0.209461 0.031250 0.041667
0 0.406839 0.473663 0.031250 0.041667
0 0.378091 0.487352 0.031250 0.041667
0 0.448933 0.517469 0.031250 0.041667
0 0.503348 0.531158 0.031250 0.041667
0 0.545442 0.473663 0.031250 0.041667
0 0.474601 0.617400 0.031250 0.041667
0 0.494108 0.710487 0.031250 0.041667
0 0.279529 0.780302 0.031250 0.041667
0 0.647085 0.922671 0.031250 0.041667
0 0.745648 0.966476 0.031250 0.041667
0 0.675833 0.429858 0.031250 0.041667
0 0.715874 0.464081 0.031250 0.041667
0 0.777475 0.451760 0.031250 0.041667
0 0.801089 0.276538 0.031250 0.041667
0 0.714847 0.093102 0.031250 0.041667
0 0.235381 0.128694 0.031250 0.041667
0 0.186100 0.134170 0.031250 0.041667
0 0.277475 0.099947 0.031250 0.041667
0 0.288769 0.094471 0.031250 0.041667
0 0.349344 0.041083 0.031250 0.041667
0 0.360638 0.083519 0.031250 0.041667