0 0.007979 0.700018 0.031250 0.041667
0 0.210474 0.313582 0.031250 0.041667
0 0.219111 0.225290 0.031250 0.041667
0 0.188401 0.121643 0.031250 0.041667
0 0.225829 0.090933 0.031250 0.041667
0 0.250781 0.088374 0.031250 0.041667
0 0.250781 0.060223 0.031250 0.041667
0 0.227749 0.069180 0.031250 0.041667
0 0.304524 0.098610 0.031250 0.041667
0 0.342912 0.101170 0.031250 0.041667
0 0.365944 0.093492 0.031250 0.041667
0 0.294927 0.176665 0.031250 0.041667
0 0.296847 0.208655 0.031250 0.041667
0 0.348670 0.171547 0.031250 0.041667
0 0.397614 0.244484 0.031250 0.041667
0 0.445599 0.208655 0.031250 0.041667
0 0.415848 0.481208 0.031250 0.041667
0 0.396655 0.505520 0.031250 0.041667
0 0.407211 0.531112 0.031250 0.041667
0 0.439841 0.542628 0.031250 0.041667
0 0.505100 0.536230 0.031250 0.041667
0 0.554044 0.524714 0.031250 0.041667
0 0.568440 0.502961 0.031250 0.041667
0 0.550205 0.467133 0.031250 0.041667
0 0.834275 0.174106 0.031250 0.041667