0 0.147794 0.757855 0.031250 0.041667
0 0.393077 0.502090 0.031250 0.041667
0 0.553454 0.470643 0.031250 0.041667
0 0.446536 0.694962 0.031250 0.041667
0 0.638360 0.187624 0.031250 0.041667
0 0.628926 0.237939 0.031250 0.041667
0 0.715404 0.114249 0.031250 0.041667
0 0.740561 0.137310 0.031250 0.041667
0 0.823894 0.227457 0.031250 0.041667
0 0.358486 0.080706 0.031250 0.041667
0 0.382071 0.086996 0.031250 0.041667
0 0.275152 0.093285 0.031250 0.041667
0 0.286159 0.093285 0.031250 0.041667
0 0.279869 0.114249 0.031250 0.041667
0 0.232699 0.103767 0.031250 0.041667
0 0.237416 0.116346 0.031250 0.041667
0 0.188674 0.072320 0.031250 0.041667
0 0.191819 0.135214 0.031250 0.041667
0 0.204398 0.141503 0.031250 0.041667
0 0.238989 0.187624 0.031250 0.041667
0 0.287731 0.187624 0.031250 0.041667
0 0.446077 0.194488 0.031250 0.041667