0 0.274830 0.097236 0.031250 0.041667
0 0.281172 0.101464 0.031250 0.041667
0 0.289100 0.090894 0.031250 0.041667
0 0.341426 0.090894 0.031250 0.041667
0 0.349354 0.080323 0.031250 0.041667
0 0.266902 0.154319 0.031250 0.041667
0 0.317642 0.147976 0.031250 0.041667
0 0.344597 0.147976 0.031250 0.041667
0 0.317642 0.207173 0.031250 0.041667
0 0.289100 0.194488 0.031250 0.041667
0 0.279587 0.211401 0.031250 0.041667
0 0.225676 0.192374 0.031250 0.041667
0 0.442906 0.207173 0.031250 0.041667
0 0.452420 0.207173 0.031250 0.041667
0 0.454005 0.196602 0.031250 0.041667
0 0.404851 0.298082 0.031250 0.041667
0 0.343012 0.302310 0.031250 0.041667
0 0.187621 0.304424 0.031250 0.041667
0 0.336669 0.452416 0.031250 0.041667
0 0.366796 0.446073 0.031250 0.041667
0 0.458762 0.532754 0.031250 0.041667
0 0.528530 0.532754 0.031250 0.041667
0 0.549143 0.471443 0.031250 0.041667
0 0.442906 0.638462 0.031250 0.041667
0 0.387409 0.784340 0.031250 0.041667
0 0.753688 0.545439 0.031250 0.041667
0 0.837726 0.433388 0.031250 0.041667
0 0.357282 0.095122 0.031250 0.041667
0 0.366796 0.084551 0.031250 0.041667