0 0.072811 0.691017 0.031250 0.041667
0 0.029698 0.700831 0.031250 0.041667
0 0.008668 0.608297 0.031250 0.041667
0 0.047574 0.571844 0.031250 0.041667
0 0.078068 0.562030 0.031250 0.041667
0 0.156933 0.688213 0.031250 0.041667
0 0.338846 0.776541 0.031250 0.041667
0 0.347259 0.827014 0.031250 0.041667
0 0.420865 0.761119 0.031250 0.041667
0 0.508142 0.535391 0.031250 0.041667
0 0.554409 0.518567 0.031250 0.041667
0 0.578594 0.494733 0.031250 0.041667
0 0.550203 0.473702 0.031250 0.041667
0 0.410350 0.529783 0.031250 0.041667
0 0.389320 0.496135 0.031250 0.041667
0 0.277858 0.368550 0.031250 0.041667
0 0.234745 0.253583 0.031250 0.041667
0 0.233694 0.088143 0.031250 0.041667
0 0.259982 0.083937 0.031250 0.041667
0 0.283116 0.064308 0.031250 0.041667
0 0.277858 0.096555 0.031250 0.041667
0 0.292579 0.092349 0.031250 0.041667
0 0.191633 0.057298 0.031250 0.041667
0 0.682695 0.298448 0.031250 0.041667
0 0.707932 0.292840 0.031250 0.041667
0 0.454514 0.194697 0.031250 0.041667
0 0.558615 0.191893 0.031250 0.041667
0 0.735271 0.517165 0.031250 0.041667
0 0.777332 0.456878 0.031250 0.041667
0 0.826754 0.330695 0.031250 0.041667
0 0.879330 0.341911 0.031250 0.041667
0 0.389320 0.093751 0.031250 0.041667