0 0.214847 0.078044 0.031250 0.041667
0 0.252835 0.075306 0.031250 0.041667
0 0.277475 0.091733 0.031250 0.041667
0 0.295956 0.098578 0.031250 0.041667
0 0.209713 0.145121 0.031250 0.041667
0 0.212794 0.201247 0.031250 0.041667
0 0.184046 0.180713 0.031250 0.041667
0 0.249755 0.216305 0.031250 0.041667
0 0.265155 0.182082 0.031250 0.041667
0 0.301089 0.197140 0.031250 0.041667
0 0.338050 0.198509 0.031250 0.041667
0 0.441746 0.210829 0.031250 0.041667
0 0.452013 0.202616 0.031250 0.041667
0 0.262075 0.343615 0.031250 0.041667
0 0.168646 0.568119 0.031250 0.041667
0 0.081377 0.585915 0.031250 0.041667
0 0.086510 0.710487 0.031250 0.041667
0 0.062896 0.540741 0.031250 0.041667
0 0.261048 0.818632 0.031250 0.041667
0 0.448933 0.507886 0.031250 0.041667
0 0.505401 0.538003 0.031250 0.041667
0 0.558789 0.524313 0.031250 0.041667
0 0.568030 0.502411 0.031250 0.041667
0 0.549549 0.473663 0.031250 0.041667
0 0.594724 0.588653 0.031250 0.041667
0 0.619364 0.610556 0.031250 0.041667
0 0.668646 0.606449 0.031250 0.041667
0 0.855504 0.792623 0.031250 0.041667
0 0.778502 0.513362 0.031250 0.041667
0 0.561870 0.179344 0.031250 0.041667
0 0.594724 0.043821 0.031250 0.041667
0 0.569056 0.043821 0.031250 0.041667