0 0.025492 0.573246 0.031250 0.041667
0 0.104356 0.563432 0.031250 0.041667
0 0.161139 0.592875 0.031250 0.041667
0 0.523915 0.883096 0.031250 0.041667
0 0.350413 0.811592 0.031250 0.041667
0 0.617500 0.878890 0.031250 0.041667
0 0.510245 0.532587 0.031250 0.041667
0 0.550203 0.519969 0.031250 0.041667
0 0.565976 0.497537 0.031250 0.041667
0 0.545997 0.469496 0.031250 0.041667
0 0.404041 0.521371 0.031250 0.041667
0 0.393526 0.501743 0.031250 0.041667
0 0.414556 0.482114 0.031250 0.041667
0 0.725808 0.647554 0.031250 0.041667
0 0.739477 0.498939 0.031250 0.041667
0 0.842527 0.541000 0.031250 0.041667
0 0.947679 0.524175 0.031250 0.041667
0 0.821496 0.616709 0.031250 0.041667
0 0.757353 0.274613 0.031250 0.041667
0 0.719498 0.281624 0.031250 0.041667
0 0.707932 0.253583 0.031250 0.041667
0 0.694262 0.250779 0.031250 0.041667
0 0.677437 0.161049 0.031250 0.041667
0 0.682695 0.147028 0.031250 0.041667
0 0.643789 0.144224 0.031250 0.041667
0 0.723704 0.149832 0.031250 0.041667
0 0.373547 0.284428 0.031250 0.041667
0 0.390371 0.271809 0.031250 0.041667
0 0.432432 0.250779 0.031250 0.041667
0 0.449257 0.207316 0.031250 0.041667
0 0.329383 0.334901 0.031250 0.041667
0 0.281013 0.228346 0.031250 0.041667
0 0.236849 0.229748 0.031250 0.041667
0 0.227385 0.208718 0.031250 0.041667
0 0.264188 0.205914 0.031250 0.041667
0 0.262085 0.134410 0.031250 0.041667
0 0.302043 0.131606 0.031250 0.041667
0 0.324125 0.152636 0.031250 0.041667
0 0.331486 0.093751 0.031250 0.041667
0 0.364083 0.086741 0.031250 0.041667
0 0.291528 0.095153 0.031250 0.041667
0 0.270497 0.095153 0.031250 0.041667
0 0.229488 0.075525 0.031250 0.041667
0 0.203200 0.037670 0.031250 0.041667
0 0.328331 0.037670 0.031250 0.041667
0 0.352516 0.039072 0.031250 0.041667
0 0.411402 0.110575 0.031250 0.041667