0 0.361664 0.182082 0.031250 0.041667
0 0.393492 0.102684 0.031250 0.041667
0 0.357557 0.087626 0.031250 0.041667
0 0.327783 0.109529 0.031250 0.041667
0 0.292876 0.094471 0.031250 0.041667
0 0.272342 0.099947 0.031250 0.041667
0 0.235381 0.053403 0.031250 0.041667
0 0.211767 0.054772 0.031250 0.041667
0 0.608071 0.228626 0.031250 0.041667
0 0.546469 0.206723 0.031250 0.041667
0 0.338050 0.268324 0.031250 0.041667
0 0.351397 0.344984 0.031250 0.041667
0 0.295956 0.257373 0.031250 0.041667
0 0.265155 0.286120 0.031250 0.041667
0 0.239488 0.310761 0.031250 0.041667
0 0.243594 0.264218 0.031250 0.041667
0 0.205607 0.392897 0.031250 0.041667
0 0.178913 0.336771 0.031250 0.041667
0 0.265155 0.395634 0.031250 0.041667
0 0.295956 0.190296 0.031250 0.041667
0 0.248728 0.187558 0.031250 0.041667
0 0.385278 0.501042 0.031250 0.041667
0 0.407865 0.525682 0.031250 0.041667
0 0.436613 0.521576 0.031250 0.041667
0 0.469467 0.531158 0.031250 0.041667
0 0.509508 0.535265 0.031250 0.041667
0 0.550576 0.524313 0.031250 0.041667
0 0.559816 0.502411 0.031250 0.041667
0 0.547496 0.476401 0.031250 0.041667
0 0.767208 0.561274 0.031250 0.041667
0 0.928399 0.741973 0.031250 0.041667
0 0.532095 0.651623 0.031250 0.041667
0 0.420186 0.800836 0.031250 0.041667