0 0.157984 0.326489 0.031250 0.041667
0 0.194788 0.319478 0.031250 0.041667
0 0.216870 0.333499 0.031250 0.041667
0 0.237900 0.320880 0.031250 0.041667
0 0.310455 0.313870 0.031250 0.041667
0 0.213715 0.194697 0.031250 0.041667
0 0.256828 0.182079 0.031250 0.041667
0 0.306249 0.210120 0.031250 0.041667
0 0.354619 0.224140 0.031250 0.041667
0 0.449257 0.214326 0.031250 0.041667
0 0.326228 0.100761 0.031250 0.041667
0 0.308352 0.102163 0.031250 0.041667
0 0.271549 0.102163 0.031250 0.041667
0 0.282064 0.095153 0.031250 0.041667
0 0.229488 0.106369 0.031250 0.041667
0 0.184272 0.083937 0.031250 0.041667
0 0.353568 0.090947 0.031250 0.041667
0 0.371444 0.090947 0.031250 0.041667
0 0.612243 0.155441 0.031250 0.041667
0 0.641686 0.190491 0.031250 0.041667
0 0.653252 0.180677 0.031250 0.041667
0 0.665871 0.193295 0.031250 0.041667
0 0.695313 0.191893 0.031250 0.041667
0 0.746838 0.222738 0.031250 0.041667
0 0.782590 0.225542 0.031250 0.041667
0 0.838321 0.271809 0.031250 0.041667
0 0.860403 0.260593 0.031250 0.041667
0 0.836218 0.193295 0.031250 0.041667
0 0.796260 0.318076 0.031250 0.041667
0 0.715292 0.299850 0.031250 0.041667
0 0.740529 0.581659 0.031250 0.041667
0 0.910876 0.590071 0.031250 0.041667
0 0.962401 0.937775 0.031250 0.041667
0 0.540739 0.475104 0.031250 0.041667
0 0.564924 0.497537 0.031250 0.041667
0 0.550203 0.528381 0.031250 0.041667
0 0.508142 0.531185 0.031250 0.041667
0 0.406144 0.532587 0.031250 0.041667
0 0.398783 0.504547 0.031250 0.041667
0 0.416659 0.479310 0.031250 0.041667
0 0.441896 0.706439 0.031250 0.041667
0 0.459772 0.692419 0.031250 0.041667