0 0.417768 0.272635 0.031250 0.041667
0 0.448478 0.204816 0.031250 0.041667
0 0.127941 0.458175 0.031250 0.041667
0 0.074198 0.438982 0.031250 0.041667
0 0.182643 0.730728 0.031250 0.041667
0 0.197998 0.715373 0.031250 0.041667
0 0.349630 0.525994 0.031250 0.041667
0 0.399534 0.525994 0.031250 0.041667
0 0.390896 0.508079 0.031250 0.041667
0 0.409131 0.470971 0.031250 0.041667
0 0.502221 0.533671 0.031250 0.041667
0 0.547326 0.469692 0.031250 0.041667
0 0.764217 0.664189 0.031250 0.041667
0 0.816040 0.643716 0.031250 0.041667
0 0.877461 0.643716 0.031250 0.041667
0 0.927365 0.665469 0.031250 0.041667
0 0.915848 0.875322 0.031250 0.041667
0 0.675925 0.257280 0.031250 0.041667
0 0.635618 0.258559 0.031250 0.041667
0 0.745983 0.131880 0.031250 0.041667
0 0.772854 0.144676 0.031250 0.041667
0 0.356347 0.126761 0.031250 0.041667
0 0.307403 0.128041 0.031250 0.041667
0 0.271894 0.105008 0.031250 0.041667
0 0.279572 0.184343 0.031250 0.041667
0 0.255580 0.199698 0.031250 0.041667
0 0.204716 0.153633 0.031250 0.041667
0 0.188401 0.151074 0.031250 0.041667
0 0.195119 0.111406 0.031250 0.041667
0 0.310282 0.093492 0.031250 0.041667
0 0.347710 0.094772 0.031250 0.041667