0 0.225508 0.091206 0.031250 0.041667
0 0.246000 0.074812 0.031250 0.041667
0 0.281519 0.080277 0.031250 0.041667
0 0.312940 0.093027 0.031250 0.041667
0 0.375781 0.078455 0.031250 0.041667
0 0.358022 0.123992 0.031250 0.041667
0 0.259661 0.204138 0.031250 0.041667
0 0.286983 0.202317 0.031250 0.041667
0 0.251464 0.246033 0.031250 0.041667
0 0.322503 0.258783 0.031250 0.041667
0 0.371683 0.233282 0.031250 0.041667
0 0.414033 0.266069 0.031250 0.041667
0 0.435891 0.211424 0.031250 0.041667
0 0.452284 0.211424 0.031250 0.041667
0 0.456382 0.249676 0.031250 0.041667
0 0.565672 0.109421 0.031250 0.041667
0 0.725508 0.195031 0.031250 0.041667
0 0.780153 0.225996 0.031250 0.041667
0 0.746000 0.368073 0.031250 0.041667
0 0.855289 0.455504 0.031250 0.041667
0 0.778787 0.604867 0.031250 0.041667
0 0.547912 0.470076 0.031250 0.041667
0 0.576601 0.499220 0.031250 0.041667
0 0.558841 0.524721 0.031250 0.041667
0 0.392175 0.504685 0.031250 0.041667
0 0.405836 0.530186 0.031250 0.041667
0 0.084798 0.481005 0.031250 0.041667
0 0.120317 0.535650 0.031250 0.041667
0 0.183158 0.644940 0.031250 0.041667
0 0.159934 0.695941 0.031250 0.041667
0 0.299279 0.756051 0.031250 0.041667
0 0.356656 0.766980 0.031250 0.041667
0 0.407202 0.746943 0.031250 0.041667
0 0.441355 0.770623 0.031250 0.041667
0 0.434524 0.717799 0.031250 0.041667