0 0.415848 0.481208 0.031250 0.041667
0 0.394735 0.505520 0.031250 0.041667
0 0.412010 0.529832 0.031250 0.041667
0 0.436002 0.541349 0.031250 0.041667
0 0.506060 0.536230 0.031250 0.041667
0 0.547326 0.528553 0.031250 0.041667
0 0.562681 0.497843 0.031250 0.041667
0 0.544447 0.474810 0.031250 0.041667
0 0.181683 0.350690 0.031250 0.041667
0 0.383219 0.258559 0.031250 0.041667
0 0.354428 0.180504 0.031250 0.041667
0 0.310282 0.194580 0.031250 0.041667
0 0.281491 0.230408 0.031250 0.041667
0 0.180724 0.098610 0.031250 0.041667
0 0.207595 0.129321 0.031250 0.041667
0 0.241184 0.094772 0.031250 0.041667
0 0.214313 0.067900 0.031250 0.041667
0 0.240225 0.051266 0.031250 0.041667
0 0.262298 0.081976 0.031250 0.041667
0 0.309323 0.092212 0.031250 0.041667
0 0.343871 0.099890 0.031250 0.041667
0 0.351549 0.087094 0.031250 0.041667
0 0.451357 0.213774 0.031250 0.041667