0 0.024294 0.470971 0.031250 0.041667
0 0.122182 0.478649 0.031250 0.041667
0 0.202797 0.757600 0.031250 0.041667
0 0.287250 0.761438 0.031250 0.041667
0 0.752701 0.893236 0.031250 0.041667
0 0.886098 0.849730 0.031250 0.041667
0 0.507019 0.528553 0.031250 0.041667
0 0.550205 0.511918 0.031250 0.041667
0 0.559802 0.494004 0.031250 0.041667
0 0.414889 0.519596 0.031250 0.041667
0 0.398574 0.501681 0.031250 0.041667
0 0.412010 0.474810 0.031250 0.041667
0 0.231587 0.350690 0.031250 0.041667
0 0.796847 0.366045 0.031250 0.041667
0 0.815081 0.167708 0.031250 0.041667
0 0.767096 0.105008 0.031250 0.041667
0 0.665369 0.106288 0.031250 0.041667
0 0.447518 0.204816 0.031250 0.041667
0 0.310282 0.129321 0.031250 0.041667
0 0.268056 0.139557 0.031250 0.041667
0 0.306443 0.087094 0.031250 0.041667
0 0.343871 0.099890 0.031250 0.041667
0 0.356347 0.089653 0.031250 0.041667
0 0.215273 0.064062 0.031250 0.041667
0 0.230628 0.062782 0.031250 0.041667