0 0.220044 0.123992 0.031250 0.041667
0 0.247366 0.098492 0.031250 0.041667
0 0.258295 0.138564 0.031250 0.041667
0 0.276054 0.133100 0.031250 0.041667
0 0.302011 0.100313 0.031250 0.041667
0 0.323869 0.102135 0.031250 0.041667
0 0.332065 0.151315 0.031250 0.041667
0 0.284251 0.216889 0.031250 0.041667
0 0.228240 0.224175 0.031250 0.041667
0 0.444087 0.207781 0.031250 0.041667
0 0.456382 0.207781 0.031250 0.041667
0 0.225508 0.431825 0.031250 0.041667
0 0.017858 0.754229 0.031250 0.041667
0 0.103923 0.745122 0.031250 0.041667
0 0.274688 0.564794 0.031250 0.041667
0 0.389442 0.501042 0.031250 0.041667
0 0.401738 0.522900 0.031250 0.041667
0 0.319770 0.763337 0.031250 0.041667
0 0.360754 0.777909 0.031250 0.041667
0 0.399005 0.759694 0.031250 0.041667
0 0.433158 0.779730 0.031250 0.041667
0 0.427694 0.708692 0.031250 0.041667
0 0.545180 0.471898 0.031250 0.041667
0 0.584798 0.499220 0.031250 0.041667
0 0.568404 0.524721 0.031250 0.041667
0 0.681792 0.710513 0.031250 0.041667
0 0.739169 0.411788 0.031250 0.041667
0 0.662666 0.153136 0.031250 0.041667
0 0.683158 0.229639 0.031250 0.041667
0 0.713213 0.216889 0.031250 0.041667
0 0.730973 0.167708 0.031250 0.041667
0 0.785617 0.160422 0.031250 0.041667
0 0.740535 0.218710 0.031250 0.041667
0 0.754197 0.213246 0.031250 0.041667
0 0.806109 0.202317 0.031250 0.041667
0 0.851191 0.215067 0.031250 0.041667