0 0.237803 0.076634 0.031250 0.041667
0 0.307475 0.091206 0.031250 0.041667
0 0.327967 0.122171 0.031250 0.041667
0 0.364852 0.105778 0.031250 0.041667
0 0.293814 0.169530 0.031250 0.041667
0 0.228240 0.140386 0.031250 0.041667
0 0.329333 0.180459 0.031250 0.041667
0 0.311574 0.200495 0.031250 0.041667
0 0.325235 0.256962 0.031250 0.041667
0 0.381246 0.213246 0.031250 0.041667
0 0.438623 0.211424 0.031250 0.041667
0 0.453650 0.211424 0.031250 0.041667
0 0.198186 0.315249 0.031250 0.041667
0 0.248732 0.322535 0.031250 0.041667
0 0.032885 0.532007 0.031250 0.041667
0 0.281519 0.537472 0.031250 0.041667
0 0.396273 0.499220 0.031250 0.041667
0 0.409934 0.526543 0.031250 0.041667
0 0.547912 0.522900 0.031250 0.041667
0 0.582065 0.491934 0.031250 0.041667
0 0.547912 0.471898 0.031250 0.041667
0 0.771956 0.113064 0.031250 0.041667
0 0.665399 0.136743 0.031250 0.041667
0 0.713213 0.151315 0.031250 0.041667
0 0.679060 0.196852 0.031250 0.041667
0 0.788350 0.342572 0.031250 0.041667
0 0.810207 0.326178 0.031250 0.041667
0 0.819770 0.464612 0.031250 0.041667
0 0.782885 0.839839 0.031250 0.041667
0 0.863486 0.841661 0.031250 0.041667
0 0.418131 0.752408 0.031250 0.041667
0 0.446820 0.770623 0.031250 0.041667
0 0.449552 0.710513 0.031250 0.041667
0 0.367585 0.777909 0.031250 0.041667
0 0.322503 0.765158 0.031250 0.041667