0 0.220842 0.131286 0.031250 0.041667
0 0.312626 0.098070 0.031250 0.041667
0 0.338849 0.075342 0.031250 0.041667
0 0.345405 0.077091 0.031250 0.041667
0 0.442433 0.206461 0.031250 0.041667
0 0.458168 0.211706 0.031250 0.041667
0 0.430633 0.260657 0.031250 0.041667
0 0.287713 0.216951 0.031250 0.041667
0 0.244444 0.232685 0.031250 0.041667
0 0.222154 0.279888 0.031250 0.041667
0 0.265423 0.269398 0.031250 0.041667
0 0.032031 0.549119 0.031250 0.041667
0 0.075300 0.545622 0.031250 0.041667
0 0.117259 0.591077 0.031250 0.041667
0 0.136926 0.533384 0.031250 0.041667
0 0.153972 0.619049 0.031250 0.041667
0 0.181507 0.725692 0.031250 0.041667
0 0.096280 0.947720 0.031250 0.041667
0 0.222154 0.975692 0.031250 0.041667
0 0.395231 0.512405 0.031250 0.041667
0 0.400475 0.538629 0.031250 0.041667
0 0.459479 0.533384 0.031250 0.041667
0 0.515860 0.538629 0.031250 0.041667
0 0.563063 0.517650 0.031250 0.041667
0 0.586664 0.503664 0.031250 0.041667
0 0.542084 0.470447 0.031250 0.041667
0 0.598465 0.183734 0.031250 0.041667
0 0.646979 0.180237 0.031250 0.041667