0 0.209819 0.120492 0.031250 0.041667
0 0.276415 0.086665 0.031250 0.041667
0 0.279587 0.095122 0.031250 0.041667
0 0.290686 0.090894 0.031250 0.041667
0 0.338255 0.090894 0.031250 0.041667
0 0.347769 0.082437 0.031250 0.041667
0 0.362039 0.048610 0.031250 0.041667
0 0.385824 0.038040 0.031250 0.041667
0 0.322399 0.150090 0.031250 0.041667
0 0.290686 0.154319 0.031250 0.041667
0 0.241532 0.255799 0.031250 0.041667
0 0.319227 0.213515 0.031250 0.041667
0 0.355697 0.217744 0.031250 0.041667
0 0.444492 0.213515 0.031250 0.041667
0 0.466690 0.192374 0.031250 0.041667
0 0.457177 0.213515 0.031250 0.041667
0 0.308128 0.386877 0.031250 0.041667
0 0.235189 0.418589 0.031250 0.041667
0 0.390580 0.488357 0.031250 0.041667
0 0.400094 0.505270 0.031250 0.041667
0 0.454005 0.539097 0.031250 0.041667
0 0.525358 0.541211 0.031250 0.041667
0 0.450834 0.634234 0.031250 0.041667
0 0.354111 0.824509 0.031250 0.041667
0 0.542800 0.467215 0.031250 0.041667
0 0.750517 0.568695 0.031250 0.041667
0 0.820284 0.549667 0.031250 0.041667
0 0.951891 0.579266 0.031250 0.041667
0 0.634766 0.158547 0.031250 0.041667
0 0.753688 0.154319 0.031250 0.041667
0 0.777473 0.183917 0.031250 0.041667
0 0.801257 0.179689 0.031250 0.041667
0 0.354111 0.101464 0.031250 0.041667
0 0.362039 0.082437 0.031250 0.041667