0 0.184449 0.167004 0.031250 0.041667
0 0.192377 0.158547 0.031250 0.041667
0 0.244703 0.162775 0.031250 0.041667
0 0.273244 0.097236 0.031250 0.041667
0 0.279587 0.103579 0.031250 0.041667
0 0.290686 0.095122 0.031250 0.041667
0 0.308128 0.093008 0.031250 0.041667
0 0.339840 0.093008 0.031250 0.041667
0 0.343998 0.083806 0.031250 0.041667
0 0.443827 0.216912 0.031250 0.041667
0 0.460466 0.194728 0.031250 0.041667
0 0.786831 0.198141 0.031250 0.041667
0 0.894339 0.286878 0.031250 0.041667
0 0.832969 0.547553 0.031250 0.041667
0 0.796500 0.560238 0.031250 0.041667
0 0.871024 0.670175 0.031250 0.041667
0 0.924936 0.630006 0.031250 0.041667
0 0.712462 0.564467 0.031250 0.041667
0 0.650623 0.534868 0.031250 0.041667
0 0.572927 0.636348 0.031250 0.041667
0 0.514259 0.625777 0.031250 0.041667
0 0.457177 0.536982 0.031250 0.041667
0 0.523773 0.539097 0.031250 0.041667
0 0.401680 0.509498 0.031250 0.041667
0 0.544386 0.469329 0.031250 0.041667
0 0.396923 0.482014 0.031250 0.041667
0 0.373139 0.321338 0.031250 0.041667
0 0.301785 0.158547 0.031250 0.041667
0 0.230432 0.272712 0.031250 0.041667
0 0.238361 0.295968 0.031250 0.041667
0 0.254217 0.353050 0.031250 0.041667
0 0.116268 0.534868 0.031250 0.041667
0 0.159079 0.520069 0.031250 0.041667
0 0.167007 0.716686 0.031250 0.041667
0 0.203477 0.729371 0.031250 0.041667