0 0.212975 0.075342 0.031250 0.041667
0 0.269356 0.098070 0.031250 0.041667
0 0.310003 0.099818 0.031250 0.041667
0 0.342783 0.073594 0.031250 0.041667
0 0.351961 0.087580 0.031250 0.041667
0 0.240510 0.140028 0.031250 0.041667
0 0.207731 0.176741 0.031250 0.041667
0 0.202486 0.236182 0.031250 0.041667
0 0.264112 0.236182 0.031250 0.041667
0 0.226087 0.325342 0.031250 0.041667
0 0.295580 0.307860 0.031250 0.041667
0 0.438500 0.218699 0.031250 0.041667
0 0.447678 0.218699 0.031250 0.041667
0 0.134304 0.494923 0.031250 0.041667
0 0.113325 0.764154 0.031250 0.041667
0 0.198552 0.741426 0.031250 0.041667
0 0.392608 0.508909 0.031250 0.041667
0 0.392608 0.529888 0.031250 0.041667
0 0.458168 0.540377 0.031250 0.041667
0 0.518482 0.540377 0.031250 0.041667
0 0.572241 0.528140 0.031250 0.041667
0 0.593220 0.500168 0.031250 0.041667
0 0.548640 0.472196 0.031250 0.041667
0 0.869881 0.965203 0.031250 0.041667
0 0.648290 0.295622 0.031250 0.041667
0 0.698115 0.306112 0.031250 0.041667
0 0.716472 0.241426 0.031250 0.041667