0 0.358868 0.038040 0.031250 0.041667
0 0.379481 0.035925 0.031250 0.041667
0 0.276415 0.086665 0.031250 0.041667
0 0.284344 0.090894 0.031250 0.041667
0 0.293857 0.090894 0.031250 0.041667
0 0.336669 0.090894 0.031250 0.041667
0 0.355697 0.090894 0.031250 0.041667
0 0.425464 0.202944 0.031250 0.041667
0 0.442906 0.219858 0.031250 0.041667
0 0.465105 0.192374 0.031250 0.041667
0 0.620496 0.122606 0.031250 0.041667
0 0.625253 0.131063 0.031250 0.041667
0 0.243117 0.224086 0.031250 0.041667
0 0.274830 0.221972 0.031250 0.041667
0 0.230432 0.382648 0.031250 0.041667
0 0.287515 0.363621 0.031250 0.041667
0 0.552314 0.458758 0.031250 0.041667
0 0.557071 0.503156 0.031250 0.041667
0 0.633181 0.448188 0.031250 0.041667
0 0.785401 0.558124 0.031250 0.041667
0 0.733075 0.663832 0.031250 0.041667
0 0.848826 0.507384 0.031250 0.041667
0 0.189206 0.623663 0.031250 0.041667
0 0.217747 0.640577 0.031250 0.041667
0 0.263731 0.748399 0.031250 0.041667
0 0.330327 0.913304 0.031250 0.041667