0 0.189374 0.157510 0.031250 0.041667
0 0.199863 0.173244 0.031250 0.041667
0 0.194619 0.190727 0.031250 0.041667
0 0.227398 0.155762 0.031250 0.041667
0 0.239199 0.201216 0.031250 0.041667
0 0.315248 0.098070 0.031250 0.041667
0 0.338849 0.073594 0.031250 0.041667
0 0.346717 0.075342 0.031250 0.041667
0 0.433255 0.192475 0.031250 0.041667
0 0.294269 0.248419 0.031250 0.041667
0 0.328360 0.239678 0.031250 0.041667
0 0.372940 0.236182 0.031250 0.041667
0 0.248377 0.404014 0.031250 0.041667
0 0.308692 0.411007 0.031250 0.041667
0 0.185440 0.757161 0.031250 0.041667
0 0.389986 0.510657 0.031250 0.041667
0 0.401786 0.524643 0.031250 0.041667
0 0.459479 0.528140 0.031250 0.041667
0 0.507993 0.540377 0.031250 0.041667
0 0.564374 0.524643 0.031250 0.041667
0 0.587975 0.487930 0.031250 0.041667
0 0.548640 0.475692 0.031250 0.041667
0 0.720405 0.757161 0.031250 0.041667
0 0.799077 0.807860 0.031250 0.041667
0 0.888238 0.823594 0.031250 0.041667
0 0.691559 0.426741 0.031250 0.041667
0 0.755807 0.423244 0.031250 0.041667
0 0.629933 0.330587 0.031250 0.041667
0 0.695493 0.316601 0.031250 0.041667
0 0.631245 0.094573 0.031250 0.041667
0 0.451612 0.202965 0.031250 0.041667
0 0.469968 0.220447 0.031250 0.041667