0 0.395337 0.160661 0.031250 0.041667
0 0.442906 0.160661 0.031250 0.041667
0 0.341426 0.086665 0.031250 0.041667
0 0.352525 0.093008 0.031250 0.041667
0 0.273244 0.086665 0.031250 0.041667
0 0.285929 0.097236 0.031250 0.041667
0 0.295443 0.086665 0.031250 0.041667
0 0.192377 0.118378 0.031250 0.041667
0 0.212991 0.116264 0.031250 0.041667
0 0.230432 0.279054 0.031250 0.041667
0 0.260559 0.266369 0.031250 0.041667
0 0.358868 0.310767 0.031250 0.041667
0 0.544386 0.471443 0.031250 0.041667
0 0.174936 0.765312 0.031250 0.041667
0 0.882124 0.784340 0.031250 0.041667
0 0.634766 0.308653 0.031250 0.041667
0 0.633181 0.202944 0.031250 0.041667
0 0.666479 0.207173 0.031250 0.041667
0 0.714048 0.196602 0.031250 0.041667
0 0.752103 0.183917 0.031250 0.041667
0 0.753688 0.211401 0.031250 0.041667
0 0.767959 0.238885 0.031250 0.041667
0 0.810771 0.211401 0.031250 0.041667
0 0.798086 0.270598 0.031250 0.041667
0 0.733075 0.302310 0.031250 0.041667