0 0.211612 0.306860 0.031250 0.041667
0 0.218973 0.118988 0.031250 0.041667
0 0.211612 0.061504 0.031250 0.041667
0 0.189530 0.116184 0.031250 0.041667
0 0.263137 0.089545 0.031250 0.041667
0 0.287322 0.093751 0.031250 0.041667
0 0.317816 0.093751 0.031250 0.041667
0 0.332537 0.096555 0.031250 0.041667
0 0.367238 0.082535 0.031250 0.041667
0 0.271549 0.770933 0.031250 0.041667
0 0.227385 0.855055 0.031250 0.041667
0 0.311507 0.789159 0.031250 0.041667
0 0.370392 0.804582 0.031250 0.041667
0 0.379856 0.773737 0.031250 0.041667
0 0.405093 0.525577 0.031250 0.041667
0 0.391423 0.501743 0.031250 0.041667
0 0.416659 0.475104 0.031250 0.041667
0 0.504987 0.538196 0.031250 0.041667
0 0.557564 0.522773 0.031250 0.041667
0 0.575440 0.497537 0.031250 0.041667
0 0.543894 0.463888 0.031250 0.041667
0 0.612243 0.273211 0.031250 0.041667
0 0.644840 0.260593 0.031250 0.041667
0 0.742632 0.158245 0.031250 0.041667
0 0.732117 0.124596 0.031250 0.041667
0 0.720550 0.099359 0.031250 0.041667
0 0.794157 0.322282 0.031250 0.041667
0 0.824651 0.327891 0.031250 0.041667
0 0.862506 0.375560 0.031250 0.041667
0 0.557564 0.197502 0.031250 0.041667
0 0.410350 0.176471 0.031250 0.041667