0 0.198108 0.294543 0.031250 0.041667
0 0.245278 0.292446 0.031250 0.041667
0 0.278297 0.290350 0.031250 0.041667
0 0.264146 0.233746 0.031250 0.041667
0 0.198108 0.068128 0.031250 0.041667
0 0.276725 0.091188 0.031250 0.041667
0 0.284586 0.093285 0.031250 0.041667
0 0.301882 0.089092 0.031250 0.041667
0 0.360058 0.084899 0.031250 0.041667
0 0.551882 0.472740 0.031250 0.041667
0 0.393077 0.497897 0.031250 0.041667
0 0.308171 0.395172 0.031250 0.041667
0 0.088045 0.554501 0.031250 0.041667
0 0.190247 0.778819 0.031250 0.041667
0 0.861630 0.537729 0.031250 0.041667
0 0.584026 0.171232 0.031250 0.041667