0 0.239450 0.303035 0.031250 0.041667
0 0.306953 0.313321 0.031250 0.041667
0 0.400492 0.242604 0.031250 0.041667
0 0.456423 0.249033 0.031250 0.041667
0 0.452565 0.206603 0.031250 0.041667
0 0.249094 0.207888 0.031250 0.041667
0 0.256808 0.774909 0.031250 0.041667
0 0.188342 0.774909 0.031250 0.041667
0 0.271273 0.942057 0.031250 0.041667
0 0.077445 0.962630 0.031250 0.041667
0 0.572141 0.623189 0.031250 0.041667
0 0.504639 0.525471 0.031250 0.041667
0 0.412064 0.526757 0.031250 0.041667
0 0.397599 0.502327 0.031250 0.041667
0 0.415921 0.480470 0.031250 0.041667
0 0.440029 0.654047 0.031250 0.041667
0 0.697503 0.839197 0.031250 0.041667
0 0.547069 0.467612 0.031250 0.041667
0 0.638679 0.330036 0.031250 0.041667
0 0.732218 0.306892 0.031250 0.041667
0 0.765969 0.296606 0.031250 0.041667
0 0.641572 0.169316 0.031250 0.041667
0 0.345526 0.097313 0.031250 0.041667
0 0.305024 0.096027 0.031250 0.041667
0 0.280916 0.094741 0.031250 0.041667
0 0.246201 0.103742 0.031250 0.041667
0 0.222093 0.103742 0.031250 0.041667
0 0.372527 0.105028 0.031250 0.041667
0 0.266451 0.483041 0.031250 0.041667