0 0.206419 0.126042 0.031250 0.041667
0 0.223465 0.133035 0.031250 0.041667
0 0.198552 0.183734 0.031250 0.041667
0 0.205108 0.220447 0.031250 0.041667
0 0.195930 0.288629 0.031250 0.041667
0 0.248377 0.307860 0.031250 0.041667
0 0.291647 0.309608 0.031250 0.041667
0 0.268045 0.218699 0.031250 0.041667
0 0.298203 0.218699 0.031250 0.041667
0 0.320493 0.211706 0.031250 0.041667
0 0.342783 0.208209 0.031250 0.041667
0 0.450300 0.225692 0.031250 0.041667
0 0.443745 0.208209 0.031250 0.041667
0 0.466035 0.209958 0.031250 0.041667
0 0.271979 0.098070 0.031250 0.041667
0 0.282468 0.098070 0.031250 0.041667
0 0.313937 0.096321 0.031250 0.041667
0 0.340161 0.082335 0.031250 0.041667
0 0.350650 0.082335 0.031250 0.041667
0 0.378185 0.049119 0.031250 0.041667
0 0.581419 0.243175 0.031250 0.041667
0 0.598465 0.237930 0.031250 0.041667
0 0.624689 0.237930 0.031250 0.041667
0 0.678447 0.279888 0.031250 0.041667
0 0.713849 0.426741 0.031250 0.041667
0 0.603710 0.493175 0.031250 0.041667
0 0.547328 0.468699 0.031250 0.041667
0 0.569619 0.512405 0.031250 0.041667
0 0.528972 0.545622 0.031250 0.041667
0 0.469968 0.536881 0.031250 0.041667
0 0.397853 0.529888 0.031250 0.041667
0 0.375563 0.503664 0.031250 0.041667
0 0.319182 0.783384 0.031250 0.041667
0 0.827923 0.835832 0.031250 0.041667
0 0.879059 0.858559 0.031250 0.041667