0 0.440059 0.210013 0.031250 0.041667
0 0.454829 0.203449 0.031250 0.041667
0 0.546733 0.218766 0.031250 0.041667
0 0.691153 0.234083 0.031250 0.041667
0 0.728899 0.238460 0.031250 0.041667
0 0.358002 0.236271 0.031250 0.041667
0 0.402313 0.236271 0.031250 0.041667
0 0.364567 0.317234 0.031250 0.041667
0 0.239840 0.240648 0.031250 0.041667
0 0.185683 0.115921 0.031250 0.041667
0 0.312050 0.078722 0.031250 0.041667
0 0.139731 0.396009 0.031250 0.041667
0 0.238199 0.437584 0.031250 0.041667
0 0.395748 0.507606 0.031250 0.041667
0 0.422007 0.527300 0.031250 0.041667
0 0.553298 0.367562 0.031250 0.041667
0 0.505705 0.542617 0.031250 0.041667
0 0.551657 0.531676 0.031250 0.041667
0 0.579556 0.505418 0.031250 0.041667
0 0.541810 0.461654 0.031250 0.041667
0 0.715770 0.584193 0.031250 0.041667
0 0.776492 0.649838 0.031250 0.041667
0 0.861832 0.658591 0.031250 0.041667
0 0.958659 0.647650 0.031250 0.041667
0 0.802751 0.827081 0.031250 0.041667
0 0.477805 0.684849 0.031250 0.041667
0 0.476164 0.741742 0.031250 0.041667
0 0.418724 0.752683 0.031250 0.041667
0 0.400672 0.792070 0.031250 0.041667
0 0.330103 0.792070 0.031250 0.041667
0 0.272663 0.785506 0.031250 0.041667
0 0.210300 0.722048 0.031250 0.041667
0 0.124961 0.982442 0.031250 0.041667