0 0.304103 0.101566 0.031250 0.041667
0 0.241166 0.180237 0.031250 0.041667
0 0.304103 0.264154 0.031250 0.041667
0 0.273946 0.267650 0.031250 0.041667
0 0.395886 0.505412 0.031250 0.041667
0 0.403753 0.521147 0.031250 0.041667
0 0.326393 0.753664 0.031250 0.041667
0 0.458823 0.711706 0.031250 0.041667
0 0.498159 0.668000 0.031250 0.041667
0 0.503404 0.631286 0.031250 0.041667
0 0.516516 0.767650 0.031250 0.041667
0 0.593876 0.664503 0.031250 0.041667
0 0.566341 0.529888 0.031250 0.041667
0 0.578141 0.489678 0.031250 0.041667
0 0.553229 0.465203 0.031250 0.041667
0 0.443089 0.206461 0.031250 0.041667
0 0.685659 0.126042 0.031250 0.041667
0 0.694837 0.136531 0.031250 0.041667
0 0.757774 0.136531 0.031250 0.041667
0 0.671236 0.232685 0.031250 0.041667
0 0.770886 0.515902 0.031250 0.041667
0 0.625344 0.788629 0.031250 0.041667
0 0.688281 0.926741 0.031250 0.041667
0 0.932162 0.900517 0.031250 0.041667
0 0.942652 0.629538 0.031250 0.041667
0 0.825956 0.661007 0.031250 0.041667