0 0.279587 0.093008 0.031250 0.041667
0 0.290686 0.093008 0.031250 0.041667
0 0.338255 0.084551 0.031250 0.041667
0 0.352525 0.080323 0.031250 0.041667
0 0.427050 0.198716 0.031250 0.041667
0 0.431807 0.215629 0.031250 0.041667
0 0.454005 0.200830 0.031250 0.041667
0 0.615739 0.251570 0.031250 0.041667
0 0.658551 0.236771 0.031250 0.041667
0 0.702948 0.369963 0.031250 0.041667
0 0.736246 0.302310 0.031250 0.041667
0 0.809185 0.264255 0.031250 0.041667
0 0.552314 0.467215 0.031250 0.041667
0 0.274830 0.471443 0.031250 0.041667
0 0.247874 0.479900 0.031250 0.041667
0 0.181278 0.378420 0.031250 0.041667
0 0.186035 0.630006 0.031250 0.041667
0 0.219333 0.646919 0.031250 0.041667
0 0.349354 0.894276 0.031250 0.041667
0 0.872610 0.758970 0.031250 0.041667
0 0.940792 0.716686 0.031250 0.041667