0 0.082403 0.431226 0.031250 0.041667
0 0.150165 0.427120 0.031250 0.041667
0 0.207660 0.414799 0.031250 0.041667
0 0.199447 0.522944 0.031250 0.041667
0 0.244621 0.576333 0.031250 0.041667
0 0.389385 0.511993 0.031250 0.041667
0 0.421212 0.528420 0.031250 0.041667
0 0.444826 0.525682 0.031250 0.041667
0 0.479734 0.521576 0.031250 0.041667
0 0.507455 0.525682 0.031250 0.041667
0 0.551603 0.521576 0.031250 0.041667
0 0.560843 0.494197 0.031250 0.041667
0 0.545442 0.468187 0.031250 0.041667
0 0.476654 0.711856 0.031250 0.041667
0 0.547496 0.711856 0.031250 0.041667
0 0.796982 0.933622 0.031250 0.041667
0 0.621418 0.240946 0.031250 0.041667
0 0.550576 0.199878 0.031250 0.041667
0 0.604991 0.064354 0.031250 0.041667
0 0.403759 0.228626 0.031250 0.041667
0 0.364744 0.231363 0.031250 0.041667
0 0.338050 0.239577 0.031250 0.041667
0 0.271315 0.239577 0.031250 0.041667
0 0.256941 0.258742 0.031250 0.041667
0 0.228194 0.339508 0.031250 0.041667
0 0.194313 0.264218 0.031250 0.041667
0 0.266182 0.131432 0.031250 0.041667
0 0.341130 0.157441 0.031250 0.041667
0 0.450987 0.206723 0.031250 0.041667
0 0.355504 0.088995 0.031250 0.041667
0 0.326757 0.108160 0.031250 0.041667
0 0.295956 0.093102 0.031250 0.041667
0 0.278502 0.097209 0.031250 0.041667
0 0.228194 0.073937 0.031250 0.041667
0 0.211767 0.068461 0.031250 0.041667