0 0.446779 0.655333 0.031250 0.041667
0 0.408207 0.530614 0.031250 0.041667
0 0.395670 0.504899 0.031250 0.041667
0 0.268380 0.754336 0.031250 0.041667
0 0.332025 0.803195 0.031250 0.041667
0 0.417850 0.750479 0.031250 0.041667
0 0.136268 0.786480 0.031250 0.041667
0 0.171948 0.431611 0.031250 0.041667
0 0.510424 0.535757 0.031250 0.041667
0 0.552855 0.468898 0.031250 0.041667
0 0.587570 0.506185 0.031250 0.041667
0 0.269344 0.165458 0.031250 0.041667
0 0.244272 0.141029 0.031250 0.041667
0 0.257773 0.110171 0.031250 0.041667
0 0.287666 0.099884 0.031250 0.041667
0 0.297310 0.117885 0.031250 0.041667
0 0.440993 0.209174 0.031250 0.041667
0 0.630000 0.165458 0.031250 0.041667
0 0.686895 0.164172 0.031250 0.041667
0 0.392777 0.042025 0.031250 0.041667
0 0.413028 0.039454 0.031250 0.041667
0 0.231736 0.155172 0.031250 0.041667