0 0.010535 0.514731 0.031250 0.041667
0 0.046469 0.521576 0.031250 0.041667
0 0.304169 0.381945 0.031250 0.041667
0 0.217927 0.282014 0.031250 0.041667
0 0.191233 0.235470 0.031250 0.041667
0 0.244621 0.208092 0.031250 0.041667
0 0.293902 0.265586 0.031250 0.041667
0 0.292876 0.224519 0.031250 0.041667
0 0.393492 0.303916 0.031250 0.041667
0 0.410946 0.299810 0.031250 0.041667
0 0.361664 0.242315 0.031250 0.041667
0 0.339077 0.219043 0.031250 0.041667
0 0.440720 0.216305 0.031250 0.041667
0 0.455093 0.202616 0.031250 0.041667
0 0.299036 0.097209 0.031250 0.041667
0 0.306223 0.088995 0.031250 0.041667
0 0.276449 0.094471 0.031250 0.041667
0 0.634765 0.182082 0.031250 0.041667
0 0.635792 0.234101 0.031250 0.041667
0 0.667619 0.228626 0.031250 0.041667
0 0.664539 0.177975 0.031250 0.041667
0 0.556736 0.197140 0.031250 0.041667
0 0.713820 0.193033 0.031250 0.041667
0 0.715874 0.221781 0.031250 0.041667
0 0.755915 0.227257 0.031250 0.041667
0 0.765155 0.195771 0.031250 0.041667
0 0.821623 0.297072 0.031250 0.041667
0 0.859611 0.429858 0.031250 0.041667
0 0.694313 0.379207 0.031250 0.041667
0 0.662486 0.375101 0.031250 0.041667
0 0.537229 0.470925 0.031250 0.041667
0 0.495134 0.531158 0.031250 0.041667
0 0.448933 0.525682 0.031250 0.041667
0 0.525935 0.606449 0.031250 0.041667
0 0.533122 0.639303 0.031250 0.041667
0 0.503348 0.657099 0.031250 0.041667
0 0.393492 0.872020 0.031250 0.041667
0 0.327783 0.898030 0.031250 0.041667
0 0.300063 0.798098 0.031250 0.041667
0 0.671726 0.206723 0.031250 0.041667