0 0.541810 0.207825 0.031250 0.041667
0 0.563144 0.201260 0.031250 0.041667
0 0.751875 0.286600 0.031250 0.041667
0 0.778134 0.242836 0.031250 0.041667
0 0.815880 0.249401 0.031250 0.041667
0 0.799468 0.293164 0.031250 0.041667
0 0.673101 0.614827 0.031250 0.041667
0 0.733823 0.601698 0.031250 0.041667
0 0.833932 0.601698 0.031250 0.041667
0 0.548374 0.472595 0.031250 0.041667
0 0.510628 0.525112 0.031250 0.041667
0 0.403954 0.533864 0.031250 0.041667
0 0.400672 0.509794 0.031250 0.041667
0 0.477805 0.568875 0.031250 0.041667
0 0.436777 0.638897 0.031250 0.041667
0 0.500781 0.715484 0.031250 0.041667
0 0.523757 0.853339 0.031250 0.041667
0 0.418724 0.798635 0.031250 0.041667
0 0.367849 0.831457 0.031250 0.041667
0 0.200453 0.770188 0.031250 0.041667
0 0.192247 0.730801 0.031250 0.041667
0 0.090497 0.754871 0.031250 0.041667
0 0.062597 0.774565 0.031250 0.041667
0 0.059315 0.652026 0.031250 0.041667
0 0.111832 0.612639 0.031250 0.041667
0 0.197171 0.595134 0.031250 0.041667
0 0.313692 0.284411 0.031250 0.041667
0 0.267740 0.282223 0.031250 0.041667
0 0.444983 0.210013 0.031250 0.041667
0 0.405595 0.196884 0.031250 0.041667
0 0.313692 0.177190 0.031250 0.041667
0 0.239840 0.083099 0.031250 0.041667
0 0.184042 0.050276 0.031250 0.041667
0 0.269381 0.069969 0.031250 0.041667
0 0.387543 0.059029 0.031250 0.041667
0 0.399031 0.059029 0.031250 0.041667