0 0.300685 0.115245 0.031250 0.041667
0 0.315081 0.113966 0.031250 0.041667
0 0.307403 0.092212 0.031250 0.041667
0 0.347710 0.094772 0.031250 0.041667
0 0.364025 0.081976 0.031250 0.041667
0 0.292048 0.250882 0.031250 0.041667
0 0.339073 0.240645 0.031250 0.041667
0 0.302605 0.298227 0.031250 0.041667
0 0.336194 0.282871 0.031250 0.041667
0 0.380340 0.280312 0.031250 0.041667
0 0.448478 0.216333 0.031250 0.041667
0 0.399534 0.522155 0.031250 0.041667
0 0.396655 0.502961 0.031250 0.041667
0 0.422566 0.485047 0.031250 0.041667
0 0.504140 0.531112 0.031250 0.041667
0 0.556923 0.524714 0.031250 0.041667
0 0.565561 0.492724 0.031250 0.041667
0 0.535810 0.470971 0.031250 0.041667
0 0.235426 0.746083 0.031250 0.041667
0 0.143296 0.866365 0.031250 0.041667
0 0.241184 0.609167 0.031250 0.041667
0 0.705676 0.497843 0.031250 0.041667
0 0.773814 0.517037 0.031250 0.041667
0 0.900493 0.501681 0.031250 0.041667
0 0.782451 0.252161 0.031250 0.041667
0 0.731587 0.259839 0.031250 0.041667
0 0.683603 0.284151 0.031250 0.041667
0 0.664409 0.113966 0.031250 0.041667
0 0.795887 0.335335 0.031250 0.041667