0 0.212991 0.215629 0.031250 0.041667
0 0.224090 0.198716 0.031250 0.041667
0 0.285929 0.188145 0.031250 0.041667
0 0.270073 0.093008 0.031250 0.041667
0 0.281172 0.095122 0.031250 0.041667
0 0.289100 0.088780 0.031250 0.041667
0 0.335084 0.088780 0.031250 0.041667
0 0.350940 0.097236 0.031250 0.041667
0 0.452420 0.167004 0.031250 0.041667
0 0.620496 0.164889 0.031250 0.041667
0 0.652208 0.167004 0.031250 0.041667
0 0.617325 0.215629 0.031250 0.041667
0 0.737832 0.249456 0.031250 0.041667
0 0.780644 0.215629 0.031250 0.041667
0 0.823456 0.173346 0.031250 0.041667
0 0.774301 0.291739 0.031250 0.041667
0 0.810771 0.355164 0.031250 0.041667
0 0.744174 0.382648 0.031250 0.041667
0 0.552314 0.465101 0.031250 0.041667
0 0.885295 0.788568 0.031250 0.041667
0 0.249460 0.807596 0.031250 0.041667
0 0.008445 0.511612 0.031250 0.041667
0 0.273244 0.429160 0.031250 0.041667
0 0.201891 0.340365 0.031250 0.041667
0 0.220919 0.340365 0.031250 0.041667
0 0.186035 0.101464 0.031250 0.041667