0 0.206648 0.076095 0.031250 0.041667
0 0.270073 0.093008 0.031250 0.041667
0 0.285929 0.093008 0.031250 0.041667
0 0.293857 0.090894 0.031250 0.041667
0 0.338255 0.088780 0.031250 0.041667
0 0.352525 0.084551 0.031250 0.041667
0 0.458762 0.194488 0.031250 0.041667
0 0.401680 0.175460 0.031250 0.041667
0 0.278001 0.287511 0.031250 0.041667
0 0.200306 0.317109 0.031250 0.041667
0 0.032229 0.541211 0.031250 0.041667
0 0.071870 0.545439 0.031250 0.041667
0 0.201891 0.777997 0.031250 0.041667
0 0.672821 0.807596 0.031250 0.041667
0 0.609396 0.659604 0.031250 0.041667
0 0.721976 0.636348 0.031250 0.041667
0 0.780644 0.556010 0.031250 0.041667
0 0.761616 0.410133 0.031250 0.041667
0 0.550728 0.467215 0.031250 0.041667
0 0.836141 0.439731 0.031250 0.041667