0 0.198720 0.103579 0.031250 0.041667
0 0.225676 0.137405 0.031250 0.041667
0 0.268487 0.090894 0.031250 0.041667
0 0.281172 0.088780 0.031250 0.041667
0 0.289100 0.097236 0.031250 0.041667
0 0.341426 0.088780 0.031250 0.041667
0 0.198720 0.742056 0.031250 0.041667
0 0.278001 0.744171 0.031250 0.041667
0 0.671236 0.384763 0.031250 0.041667
0 0.717219 0.376306 0.031250 0.041667
0 0.966162 0.780111 0.031250 0.041667
0 0.545972 0.458758 0.031250 0.041667
0 0.842483 0.173346 0.031250 0.041667
0 0.358868 0.090894 0.031250 0.041667
0 0.442906 0.169118 0.031250 0.041667