0 0.218876 0.157510 0.031250 0.041667
0 0.260834 0.150517 0.031250 0.041667
0 0.241166 0.204713 0.031250 0.041667
0 0.205764 0.218699 0.031250 0.041667
0 0.188718 0.344573 0.031250 0.041667
0 0.255589 0.341077 0.031250 0.041667
0 0.090379 0.904014 0.031250 0.041667
0 0.212320 0.949468 0.031250 0.041667
0 0.292302 0.767650 0.031250 0.041667
0 0.292302 0.825342 0.031250 0.041667
0 0.357862 0.769398 0.031250 0.041667
0 0.411620 0.774643 0.031250 0.041667
0 0.423421 0.739678 0.031250 0.041667
0 0.433911 0.811356 0.031250 0.041667
0 0.540117 0.900517 0.031250 0.041667
0 0.397197 0.508909 0.031250 0.041667
0 0.415554 0.533384 0.031250 0.041667
0 0.449645 0.550867 0.031250 0.041667
0 0.311970 0.096321 0.031250 0.041667
0 0.372285 0.061356 0.031250 0.041667
0 0.393264 0.056112 0.031250 0.041667
0 0.440467 0.220447 0.031250 0.041667
0 0.588631 0.204713 0.031250 0.041667
0 0.608299 0.201216 0.031250 0.041667
0 0.650257 0.180237 0.031250 0.041667
0 0.549295 0.463454 0.031250 0.041667
0 0.583386 0.486182 0.031250 0.041667
0 0.565030 0.510657 0.031250 0.041667
0 0.652879 0.369049 0.031250 0.041667
0 0.709260 0.384783 0.031250 0.041667
0 0.804977 0.311356 0.031250 0.041667
0 0.867914 0.297370 0.031250 0.041667
0 0.915117 0.400517 0.031250 0.041667
0 0.832512 0.533384 0.031250 0.041667
0 0.782687 0.528140 0.031250 0.041667
0 0.528316 0.592825 0.031250 0.041667
0 0.553229 0.631286 0.031250 0.041667
0 0.571585 0.645272 0.031250 0.041667
0 0.659435 0.620797 0.031250 0.041667
0 0.819400 0.652265 0.031250 0.041667
0 0.881026 0.622545 0.031250 0.041667
0 0.280502 0.963454 0.031250 0.041667