0 0.225114 0.076675 0.031250 0.041667
0 0.235381 0.099947 0.031250 0.041667
0 0.251808 0.078044 0.031250 0.041667
0 0.281582 0.112267 0.031250 0.041667
0 0.295956 0.091733 0.031250 0.041667
0 0.360638 0.041083 0.031250 0.041667
0 0.654272 0.071199 0.031250 0.041667
0 0.611151 0.130063 0.031250 0.041667
0 0.582403 0.136908 0.031250 0.041667
0 0.671726 0.219043 0.031250 0.041667
0 0.782609 0.276538 0.031250 0.041667
0 0.852424 0.254635 0.031250 0.041667
0 0.760021 0.145121 0.031250 0.041667
0 0.730247 0.128694 0.031250 0.041667
0 0.615258 0.280645 0.031250 0.041667
0 0.681993 0.477770 0.031250 0.041667
0 0.567003 0.468187 0.031250 0.041667
0 0.559816 0.499673 0.031250 0.041667
0 0.548523 0.525682 0.031250 0.041667
0 0.510535 0.528420 0.031250 0.041667
0 0.476654 0.511993 0.031250 0.041667
0 0.445853 0.525682 0.031250 0.041667
0 0.434559 0.540741 0.031250 0.041667
0 0.407865 0.532527 0.031250 0.041667
0 0.357557 0.522944 0.031250 0.041667
0 0.385278 0.506517 0.031250 0.041667
0 0.165566 0.588653 0.031250 0.041667
0 0.084457 0.599604 0.031250 0.041667
0 0.053656 0.643410 0.031250 0.041667
0 0.017722 0.652992 0.031250 0.041667
0 0.377065 0.856962 0.031250 0.041667
0 0.803143 0.861069 0.031250 0.041667
0 0.877065 0.858331 0.031250 0.041667
0 0.196366 0.340877 0.031250 0.041667
0 0.167619 0.425751 0.031250 0.041667
0 0.425319 0.328557 0.031250 0.041667
0 0.452013 0.203985 0.031250 0.041667