0 0.123284 0.604091 0.031250 0.041667
0 0.180066 0.601287 0.031250 0.041667
0 0.186375 0.525577 0.031250 0.041667
0 0.217921 0.414817 0.031250 0.041667
0 0.256828 0.423229 0.031250 0.041667
0 0.010771 0.489124 0.031250 0.041667
0 0.233694 0.703635 0.031250 0.041667
0 0.337795 0.789159 0.031250 0.041667
0 0.383010 0.827014 0.031250 0.041667
0 0.434535 0.786355 0.031250 0.041667
0 0.408247 0.529783 0.031250 0.041667
0 0.391423 0.505949 0.031250 0.041667
0 0.377753 0.426033 0.031250 0.041667
0 0.511296 0.535391 0.031250 0.041667
0 0.545997 0.526979 0.031250 0.041667
0 0.567027 0.493330 0.031250 0.041667
0 0.544945 0.468094 0.031250 0.041667
0 0.665871 0.476506 0.031250 0.041667
0 0.712138 0.486320 0.031250 0.041667
0 0.716344 0.426033 0.031250 0.041667
0 0.651149 0.419023 0.031250 0.041667
0 0.797311 0.595679 0.031250 0.041667
0 0.849887 0.503145 0.031250 0.041667
0 0.813084 0.271809 0.031250 0.041667
0 0.769972 0.267603 0.031250 0.041667
0 0.780487 0.242367 0.031250 0.041667
0 0.728962 0.233954 0.031250 0.041667
0 0.733168 0.173667 0.031250 0.041667
0 0.757353 0.145626 0.031250 0.041667
0 0.690056 0.173667 0.031250 0.041667
0 0.652201 0.166657 0.031250 0.041667
0 0.624861 0.212924 0.031250 0.041667
0 0.595418 0.194697 0.031250 0.041667
0 0.353568 0.225542 0.031250 0.041667
0 0.326228 0.222738 0.031250 0.041667
0 0.330434 0.173667 0.031250 0.041667
0 0.360928 0.173667 0.031250 0.041667
0 0.453463 0.203110 0.031250 0.041667
0 0.237900 0.175069 0.031250 0.041667
0 0.183221 0.082535 0.031250 0.041667
0 0.232642 0.069917 0.031250 0.041667
0 0.274703 0.111978 0.031250 0.041667
0 0.277858 0.095153 0.031250 0.041667
0 0.287322 0.095153 0.031250 0.041667