0 0.056736 0.457236 0.031250 0.041667
0 0.101911 0.459974 0.031250 0.041667
0 0.185073 0.402479 0.031250 0.041667
0 0.262075 0.410693 0.031250 0.041667
0 0.313410 0.444916 0.031250 0.041667
0 0.176859 0.762506 0.031250 0.041667
0 0.442773 0.513362 0.031250 0.041667
0 0.511562 0.538003 0.031250 0.041667
0 0.548523 0.522944 0.031250 0.041667
0 0.559816 0.502411 0.031250 0.041667
0 0.550576 0.472294 0.031250 0.041667
0 0.610124 0.622876 0.031250 0.041667
0 0.673779 0.622876 0.031250 0.041667
0 0.655299 0.579070 0.031250 0.041667
0 0.723061 0.162917 0.031250 0.041667
0 0.728194 0.120480 0.031250 0.041667
0 0.627578 0.073937 0.031250 0.041667
0 0.617311 0.069830 0.031250 0.041667
0 0.558789 0.202616 0.031250 0.041667
0 0.436613 0.209461 0.031250 0.041667
0 0.445853 0.199878 0.031250 0.041667
0 0.376038 0.205354 0.031250 0.041667
0 0.357557 0.214936 0.031250 0.041667
0 0.341130 0.176606 0.031250 0.041667
0 0.305196 0.179344 0.031250 0.041667
0 0.296982 0.212198 0.031250 0.041667
0 0.308276 0.220412 0.031250 0.041667
0 0.255915 0.224519 0.031250 0.041667
0 0.316490 0.151966 0.031250 0.041667
0 0.291849 0.093102 0.031250 0.041667
0 0.271315 0.098578 0.031250 0.041667
0 0.388358 0.053403 0.031250 0.041667
0 0.418132 0.042452 0.031250 0.041667