0 0.181337 0.084375 0.031250 0.041667
0 0.203162 0.076438 0.031250 0.041667
0 0.280543 0.060565 0.031250 0.041667
0 0.312289 0.089666 0.031250 0.041667
0 0.369829 0.089666 0.031250 0.041667
0 0.439273 0.211359 0.031250 0.041667
0 0.449194 0.211359 0.031250 0.041667
0 0.379750 0.298661 0.031250 0.041667
0 0.175384 0.359507 0.031250 0.041667
0 0.393638 0.512946 0.031250 0.041667
0 0.407527 0.528819 0.031250 0.041667
0 0.510702 0.536756 0.031250 0.041667
0 0.568242 0.526174 0.031250 0.041667
0 0.586099 0.499719 0.031250 0.041667
0 0.546416 0.465327 0.031250 0.041667
0 0.552369 0.639931 0.031250 0.041667
0 0.451178 0.719296 0.031250 0.041667
0 0.405543 0.732523 0.031250 0.041667
0 0.371813 0.790724 0.031250 0.041667
0 0.359908 0.811888 0.031250 0.041667
0 0.290464 0.751042 0.031250 0.041667
0 0.270623 0.827761 0.031250 0.041667
0 0.701178 0.676968 0.031250 0.041667
0 0.865861 0.756333 0.031250 0.041667
0 0.705146 0.473264 0.031250 0.041667
0 0.810305 0.475909 0.031250 0.041667
0 0.532527 0.206068 0.031250 0.041667
0 0.633718 0.190195 0.031250 0.041667
0 0.707130 0.192841 0.031250 0.041667
0 0.740861 0.179613 0.031250 0.041667