0 0.232642 0.173667 0.031250 0.041667
0 0.269446 0.172265 0.031250 0.041667
0 0.288373 0.142822 0.031250 0.041667
0 0.296785 0.127400 0.031250 0.041667
0 0.327280 0.125998 0.031250 0.041667
0 0.356722 0.124596 0.031250 0.041667
0 0.399835 0.123194 0.031250 0.041667
0 0.342001 0.239563 0.031250 0.041667
0 0.307301 0.239563 0.031250 0.041667
0 0.374598 0.062906 0.031250 0.041667
0 0.457669 0.191893 0.031250 0.041667
0 0.133799 0.514361 0.031250 0.041667
0 0.380907 0.510155 0.031250 0.041667
0 0.418762 0.528381 0.031250 0.041667
0 0.458720 0.535391 0.031250 0.041667
0 0.510245 0.538196 0.031250 0.041667
0 0.547048 0.526979 0.031250 0.041667
0 0.559667 0.504547 0.031250 0.041667
0 0.549151 0.483516 0.031250 0.041667
0 0.594367 0.613905 0.031250 0.041667
0 0.430329 0.789159 0.031250 0.041667
0 0.353568 0.829818 0.031250 0.041667
0 0.325177 0.787757 0.031250 0.041667
0 0.555461 0.197502 0.031250 0.041667
0 0.339898 0.104967 0.031250 0.041667