0 0.193307 0.056112 0.031250 0.041667
0 0.209042 0.054363 0.031250 0.041667
0 0.223465 0.054363 0.031250 0.041667
0 0.214286 0.071846 0.031250 0.041667
0 0.270668 0.094573 0.031250 0.041667
0 0.269356 0.126042 0.031250 0.041667
0 0.269356 0.136531 0.031250 0.041667
0 0.315248 0.089328 0.031250 0.041667
0 0.338849 0.073594 0.031250 0.041667
0 0.349339 0.078839 0.031250 0.041667
0 0.239199 0.199468 0.031250 0.041667
0 0.268045 0.201216 0.031250 0.041667
0 0.333605 0.194223 0.031250 0.041667
0 0.447678 0.213454 0.031250 0.041667
0 0.460790 0.213454 0.031250 0.041667
0 0.256245 0.292126 0.031250 0.041667
0 0.310003 0.292126 0.031250 0.041667
0 0.066122 0.491426 0.031250 0.041667
0 0.123814 0.561356 0.031250 0.041667
0 0.049077 0.739678 0.031250 0.041667
0 0.227398 0.510657 0.031250 0.041667
0 0.388675 0.505412 0.031250 0.041667
0 0.408342 0.526391 0.031250 0.041667
0 0.454234 0.538629 0.031250 0.041667
0 0.517171 0.542126 0.031250 0.041667
0 0.570930 0.522895 0.031250 0.041667
0 0.595842 0.489678 0.031250 0.041667
0 0.552573 0.461706 0.031250 0.041667
0 0.556507 0.640028 0.031250 0.041667
0 0.614199 0.694223 0.031250 0.041667
0 0.490947 0.734433 0.031250 0.041667
0 0.409654 0.764154 0.031250 0.041667
0 0.311314 0.767650 0.031250 0.041667
0 0.317870 0.797370 0.031250 0.041667
0 0.690248 0.933734 0.031250 0.041667
0 0.816122 0.379538 0.031250 0.041667
0 0.602398 0.281636 0.031250 0.041667
0 0.615510 0.265902 0.031250 0.041667
0 0.685003 0.202965 0.031250 0.041667
0 0.747940 0.181986 0.031250 0.041667
0 0.772853 0.180237 0.031250 0.041667
0 0.624689 0.099818 0.031250 0.041667