0 0.134658 0.417228 0.031250 0.041667
0 0.055004 0.820300 0.031250 0.041667
0 0.279572 0.409551 0.031250 0.041667
0 0.323718 0.311022 0.031250 0.041667
0 0.384179 0.316141 0.031250 0.041667
0 0.400493 0.506800 0.031250 0.041667
0 0.408171 0.525994 0.031250 0.041667
0 0.418728 0.483767 0.031250 0.041667
0 0.440800 0.532392 0.031250 0.041667
0 0.504140 0.533671 0.031250 0.041667
0 0.549246 0.525994 0.031250 0.041667
0 0.555964 0.491445 0.031250 0.041667
0 0.527173 0.467133 0.031250 0.041667
0 0.443680 0.212494 0.031250 0.041667
0 0.274774 0.200978 0.031250 0.041667
0 0.221990 0.222731 0.031250 0.041667
0 0.266136 0.135719 0.031250 0.041667
0 0.243104 0.124202 0.031250 0.041667
0 0.214313 0.106288 0.031250 0.041667
0 0.246942 0.092212 0.031250 0.041667
0 0.262298 0.057664 0.031250 0.041667
0 0.292048 0.057664 0.031250 0.041667
0 0.311242 0.097331 0.031250 0.041667
0 0.330436 0.119084 0.031250 0.041667
0 0.346751 0.108847 0.031250 0.041667
0 0.737346 0.156192 0.031250 0.041667
0 0.789169 0.171547 0.031250 0.041667
0 0.394735 0.058943 0.031250 0.041667
0 0.419687 0.057664 0.031250 0.041667