0 0.095750 0.553061 0.031250 0.041667
0 0.025935 0.613294 0.031250 0.041667
0 0.005401 0.609187 0.031250 0.041667
0 0.215874 0.691322 0.031250 0.041667
0 0.468440 0.618769 0.031250 0.041667
0 0.491028 0.594129 0.031250 0.041667
0 0.500268 0.543478 0.031250 0.041667
0 0.454067 0.529789 0.031250 0.041667
0 0.538256 0.477770 0.031250 0.041667
0 0.615258 0.525682 0.031250 0.041667
0 0.770288 0.648886 0.031250 0.041667
0 0.726141 0.368256 0.031250 0.041667
0 0.698420 0.277907 0.031250 0.041667
0 0.672753 0.288858 0.031250 0.041667
0 0.671726 0.247790 0.031250 0.041667
0 0.645032 0.329926 0.031250 0.041667
0 0.855504 0.302547 0.031250 0.041667
0 0.550576 0.180713 0.031250 0.041667
0 0.459200 0.206723 0.031250 0.041667
0 0.445853 0.220412 0.031250 0.041667
0 0.281582 0.142383 0.031250 0.041667
0 0.254888 0.134170 0.031250 0.041667
0 0.216900 0.160179 0.031250 0.041667
0 0.198420 0.131432 0.031250 0.041667
0 0.192260 0.072568 0.031250 0.041667
0 0.276449 0.099947 0.031250 0.041667
0 0.291849 0.098578 0.031250 0.041667