0 0.050576 0.814526 0.031250 0.041667
0 0.126551 0.893923 0.031250 0.041667
0 0.162486 0.826846 0.031250 0.041667
0 0.350371 0.806312 0.031250 0.041667
0 0.384251 0.501042 0.031250 0.041667
0 0.410946 0.516100 0.031250 0.041667
0 0.440720 0.509255 0.031250 0.041667
0 0.471520 0.514731 0.031250 0.041667
0 0.510535 0.539372 0.031250 0.041667
0 0.550576 0.524313 0.031250 0.041667
0 0.560843 0.494197 0.031250 0.041667
0 0.551603 0.468187 0.031250 0.041667
0 0.658379 0.527051 0.031250 0.041667
0 0.646058 0.291596 0.031250 0.041667
0 0.708687 0.288858 0.031250 0.041667
0 0.627578 0.067092 0.031250 0.041667
0 0.322650 0.354567 0.031250 0.041667
0 0.241541 0.357305 0.031250 0.041667
0 0.205607 0.202616 0.031250 0.041667
0 0.221007 0.183451 0.031250 0.041667
0 0.201500 0.130063 0.031250 0.041667
0 0.261048 0.256004 0.031250 0.041667
0 0.248728 0.199878 0.031250 0.041667
0 0.274395 0.168393 0.031250 0.041667
0 0.289796 0.197140 0.031250 0.041667
0 0.266182 0.115005 0.031250 0.041667
0 0.308276 0.123218 0.031250 0.041667
0 0.282609 0.099947 0.031250 0.041667
0 0.293902 0.090364 0.031250 0.041667
0 0.355504 0.179344 0.031250 0.041667
0 0.456120 0.206723 0.031250 0.041667
0 0.554683 0.188927 0.031250 0.041667