0 0.641919 0.280035 0.031250 0.041667
0 0.668177 0.260341 0.031250 0.041667
0 0.679665 0.159685 0.031250 0.041667
0 0.704282 0.142180 0.031250 0.041667
0 0.733823 0.139991 0.031250 0.041667
0 0.715770 0.159685 0.031250 0.041667
0 0.822444 0.227519 0.031250 0.041667
0 0.712488 0.240648 0.031250 0.041667
0 0.643560 0.347869 0.031250 0.041667
0 0.705923 0.365374 0.031250 0.041667
0 0.750234 0.345681 0.031250 0.041667
0 0.763363 0.360998 0.031250 0.041667
0 0.833932 0.389444 0.031250 0.041667
0 0.873320 0.385068 0.031250 0.041667
0 0.582838 0.962748 0.031250 0.041667
0 0.466317 0.888350 0.031250 0.041667
0 0.318615 0.763624 0.031250 0.041667
0 0.198812 0.732989 0.031250 0.041667
0 0.198812 0.785506 0.031250 0.041667
0 0.449906 0.575440 0.031250 0.041667
0 0.448265 0.638897 0.031250 0.041667
0 0.504064 0.542617 0.031250 0.041667
0 0.554939 0.476972 0.031250 0.041667
0 0.392466 0.505418 0.031250 0.041667
0 0.412160 0.529488 0.031250 0.041667
0 0.113473 0.546994 0.031250 0.041667
0 0.121678 0.603886 0.031250 0.041667
0 0.051109 0.625768 0.031250 0.041667
0 0.082291 0.393821 0.031250 0.041667
0 0.231635 0.374127 0.031250 0.041667
0 0.205376 0.179379 0.031250 0.041667
0 0.249687 0.170626 0.031250 0.041667
0 0.254611 0.157497 0.031250 0.041667
0 0.188965 0.113733 0.031250 0.041667
0 0.326821 0.188131 0.031250 0.041667
0 0.366208 0.192508 0.031250 0.041667
0 0.366208 0.091851 0.031250 0.041667
0 0.449906 0.203449 0.031250 0.041667
0 0.543451 0.216578 0.031250 0.041667
0 0.377696 0.039335 0.031250 0.041667