0 0.180724 0.542628 0.031250 0.041667
0 0.203756 0.568220 0.031250 0.041667
0 0.248862 0.625802 0.031250 0.041667
0 0.498382 0.534951 0.031250 0.041667
0 0.409131 0.529832 0.031250 0.041667
0 0.397614 0.501681 0.031250 0.041667
0 0.406251 0.462014 0.031250 0.041667
0 0.406251 0.354529 0.031250 0.041667
0 0.350589 0.299506 0.031250 0.041667
0 0.362106 0.258559 0.031250 0.041667
0 0.264217 0.318700 0.031250 0.041667
0 0.235426 0.327657 0.031250 0.041667
0 0.182643 0.307184 0.031250 0.041667
0 0.204716 0.208655 0.031250 0.041667
0 0.244063 0.199698 0.031250 0.041667
0 0.239265 0.139557 0.031250 0.041667
0 0.311242 0.093492 0.031250 0.041667
0 0.348670 0.102449 0.031250 0.041667
0 0.446559 0.212494 0.031250 0.041667
0 0.577077 0.119084 0.031250 0.041667
0 0.606827 0.113966 0.031250 0.041667
0 0.707595 0.134439 0.031250 0.041667
0 0.679764 0.131880 0.031250 0.041667
0 0.728708 0.222731 0.031250 0.041667
0 0.756539 0.229129 0.031250 0.041667
0 0.777653 0.589973 0.031250 0.041667
0 0.873622 0.609167 0.031250 0.041667
0 0.912010 0.611726 0.031250 0.041667
0 0.697998 0.944420 0.031250 0.041667
0 0.620263 0.941861 0.031250 0.041667
0 0.543488 0.468412 0.031250 0.041667