0 0.046523 0.528381 0.031250 0.041667
0 0.192685 0.407806 0.031250 0.041667
0 0.402989 0.526979 0.031250 0.041667
0 0.394577 0.501743 0.031250 0.041667
0 0.416659 0.477908 0.031250 0.041667
0 0.461875 0.681203 0.031250 0.041667
0 0.448205 0.685409 0.031250 0.041667
0 0.507090 0.531185 0.031250 0.041667
0 0.550203 0.519969 0.031250 0.041667
0 0.562821 0.483516 0.031250 0.041667
0 0.537585 0.462486 0.031250 0.041667
0 0.884588 0.762521 0.031250 0.041667
0 0.671128 0.253583 0.031250 0.041667
0 0.609088 0.131606 0.031250 0.041667
0 0.676386 0.086741 0.031250 0.041667
0 0.722653 0.128802 0.031250 0.041667
0 0.738426 0.116184 0.031250 0.041667
0 0.344104 0.200306 0.031250 0.041667
0 0.313610 0.222738 0.031250 0.041667
0 0.262085 0.217130 0.031250 0.041667
0 0.220024 0.224140 0.031250 0.041667
0 0.231591 0.145626 0.031250 0.041667
0 0.236849 0.113380 0.031250 0.041667
0 0.245261 0.097957 0.031250 0.041667
0 0.225282 0.068515 0.031250 0.041667
0 0.185324 0.110575 0.031250 0.041667
0 0.271549 0.093751 0.031250 0.041667
0 0.281013 0.093751 0.031250 0.041667
0 0.322022 0.090947 0.031250 0.041667
0 0.359877 0.093751 0.031250 0.041667
0 0.372495 0.085339 0.031250 0.041667
0 0.448205 0.214326 0.031250 0.041667
0 0.312558 0.090947 0.031250 0.041667