0 0.193242 0.087021 0.031250 0.041667
0 0.209115 0.092312 0.031250 0.041667
0 0.292448 0.097603 0.031250 0.041667
0 0.318242 0.094957 0.031250 0.041667
0 0.320226 0.195486 0.031250 0.041667
0 0.318242 0.227232 0.031250 0.041667
0 0.447210 0.200777 0.031250 0.041667
0 0.457130 0.206068 0.031250 0.041667
0 0.127765 0.491782 0.031250 0.041667
0 0.171416 0.467973 0.031250 0.041667
0 0.244829 0.613476 0.031250 0.041667
0 0.282527 0.796015 0.031250 0.041667
0 0.344035 0.772206 0.031250 0.041667
0 0.397607 0.798661 0.031250 0.041667
0 0.443242 0.743105 0.031250 0.041667
0 0.476972 0.711359 0.031250 0.041667
0 0.508718 0.735169 0.031250 0.041667
0 0.393638 0.512946 0.031250 0.041667
0 0.409511 0.528819 0.031250 0.041667
0 0.506734 0.544692 0.031250 0.041667
0 0.574194 0.539401 0.031250 0.041667
0 0.582130 0.499719 0.031250 0.041667
0 0.540464 0.475909 0.031250 0.041667
0 0.730940 0.793370 0.031250 0.041667
0 0.764670 0.597603 0.031250 0.041667
0 0.824194 0.589666 0.031250 0.041667
0 0.687289 0.288079 0.031250 0.041667
0 0.721019 0.293370 0.031250 0.041667
0 0.798400 0.203423 0.031250 0.041667
0 0.639670 0.131994 0.031250 0.041667
0 0.588083 0.076438 0.031250 0.041667
0 0.554353 0.208714 0.031250 0.041667