0 0.190685 0.071846 0.031250 0.041667
0 0.218220 0.112056 0.031250 0.041667
0 0.181507 0.124293 0.031250 0.041667
0 0.203797 0.154014 0.031250 0.041667
0 0.226087 0.154014 0.031250 0.041667
0 0.248377 0.122545 0.031250 0.041667
0 0.264112 0.138279 0.031250 0.041667
0 0.268045 0.101566 0.031250 0.041667
0 0.279846 0.092825 0.031250 0.041667
0 0.302136 0.108559 0.031250 0.041667
0 0.340161 0.092825 0.031250 0.041667
0 0.344094 0.082335 0.031250 0.041667
0 0.393919 0.043874 0.031250 0.041667
0 0.378185 0.059608 0.031250 0.041667
0 0.283780 0.180237 0.031250 0.041667
0 0.336227 0.267650 0.031250 0.041667
0 0.447678 0.202965 0.031250 0.041667
0 0.447678 0.218699 0.031250 0.041667
0 0.177573 0.412755 0.031250 0.041667
0 0.007119 0.503664 0.031250 0.041667
0 0.041210 0.519398 0.031250 0.041667
0 0.097591 0.477440 0.031250 0.041667
0 0.135615 0.473944 0.031250 0.041667
0 0.237888 0.412755 0.031250 0.041667
0 0.277224 0.449468 0.031250 0.041667
0 0.315248 0.435482 0.031250 0.041667
0 0.448989 0.535133 0.031250 0.041667
0 0.553884 0.473944 0.031250 0.041667
0 0.521105 0.540377 0.031250 0.041667
0 0.235266 0.702965 0.031250 0.041667
0 0.247066 0.748419 0.031250 0.041667
0 0.315248 0.758909 0.031250 0.041667
0 0.576175 0.664503 0.031250 0.041667
0 0.644356 0.685482 0.031250 0.041667
0 0.700738 0.610307 0.031250 0.041667
0 0.764986 0.599818 0.031250 0.041667
0 0.717783 0.461706 0.031250 0.041667
0 0.780720 0.416251 0.031250 0.041667
0 0.833168 0.381286 0.031250 0.041667
0 0.906594 0.503664 0.031250 0.041667
0 0.928884 0.468699 0.031250 0.041667
0 0.783342 0.855063 0.031250 0.041667
0 0.823989 0.898769 0.031250 0.041667
0 0.775475 0.183734 0.031250 0.041667
0 0.826612 0.176741 0.031250 0.041667
0 0.726961 0.148769 0.031250 0.041667
0 0.667958 0.131286 0.031250 0.041667
0 0.610266 0.087580 0.031250 0.041667
0 0.645668 0.080587 0.031250 0.041667