0 0.103481 0.814767 0.031250 0.041667
0 0.125661 0.498470 0.031250 0.041667
0 0.199913 0.466326 0.031250 0.041667
0 0.228843 0.486898 0.031250 0.041667
0 0.177734 0.426468 0.031250 0.041667
0 0.190270 0.340322 0.031250 0.041667
0 0.287666 0.236175 0.031250 0.041667
0 0.326239 0.227175 0.031250 0.041667
0 0.359026 0.215603 0.031250 0.041667
0 0.449672 0.210460 0.031250 0.041667
0 0.346490 0.096027 0.031250 0.041667
0 0.305024 0.098599 0.031250 0.041667
0 0.285738 0.092170 0.031250 0.041667
0 0.242343 0.124314 0.031250 0.041667
0 0.199913 0.125600 0.031250 0.041667
0 0.417850 0.043311 0.031250 0.041667
0 0.397599 0.049740 0.031250 0.041667
0 0.639643 0.186030 0.031250 0.041667
0 0.617464 0.183459 0.031250 0.041667
0 0.552855 0.117885 0.031250 0.041667
0 0.732218 0.287605 0.031250 0.041667
0 0.765969 0.268319 0.031250 0.041667
0 0.873009 0.250318 0.031250 0.041667
0 0.594320 0.508756 0.031250 0.041667
0 0.543211 0.468898 0.031250 0.041667
0 0.503674 0.535757 0.031250 0.041667
0 0.404349 0.525471 0.031250 0.041667
0 0.395670 0.504899 0.031250 0.041667
0 0.405314 0.462469 0.031250 0.041667
0 0.447744 0.651476 0.031250 0.041667
0 0.298274 0.771051 0.031250 0.041667
0 0.342633 0.794195 0.031250 0.041667
0 0.386027 0.776194 0.031250 0.041667
0 0.290559 0.444468 0.031250 0.041667
0 0.254880 0.318464 0.031250 0.041667