0 0.203162 0.113476 0.031250 0.041667
0 0.219035 0.110830 0.031250 0.041667
0 0.272607 0.105539 0.031250 0.041667
0 0.292448 0.105539 0.031250 0.041667
0 0.314273 0.097603 0.031250 0.041667
0 0.346019 0.092312 0.031250 0.041667
0 0.348003 0.150513 0.031250 0.041667
0 0.377765 0.068502 0.031250 0.041667
0 0.431337 0.208714 0.031250 0.041667
0 0.455146 0.211359 0.031250 0.041667
0 0.318242 0.224587 0.031250 0.041667
0 0.532527 0.211359 0.031250 0.041667
0 0.566257 0.102894 0.031250 0.041667
0 0.556337 0.049983 0.031250 0.041667
0 0.590067 0.057920 0.031250 0.041667
0 0.625781 0.110830 0.031250 0.041667
0 0.629750 0.166386 0.031250 0.041667
0 0.665464 0.169031 0.031250 0.041667
0 0.550384 0.470618 0.031250 0.041667
0 0.724988 0.293370 0.031250 0.041667
0 0.768638 0.258978 0.031250 0.041667
0 0.907527 0.391253 0.031250 0.041667
0 0.915464 0.454745 0.031250 0.041667
0 0.822210 0.483846 0.031250 0.041667
0 0.724988 0.470618 0.031250 0.041667
0 0.524591 0.542047 0.031250 0.041667
0 0.461099 0.542047 0.031250 0.041667
0 0.566257 0.639931 0.031250 0.041667
0 0.770623 0.732523 0.031250 0.041667
0 0.728956 0.854216 0.031250 0.041667
0 0.625781 0.915063 0.031250 0.041667
0 0.326178 0.772206 0.031250 0.041667
0 0.252765 0.751042 0.031250 0.041667
0 0.111892 0.655804 0.031250 0.041667
0 0.086099 0.645222 0.031250 0.041667