0 0.227749 0.483767 0.031250 0.041667
0 0.411050 0.528553 0.031250 0.041667
0 0.397614 0.502961 0.031250 0.041667
0 0.415848 0.481208 0.031250 0.041667
0 0.504140 0.532392 0.031250 0.041667
0 0.539649 0.518316 0.031250 0.041667
0 0.562681 0.502961 0.031250 0.041667
0 0.534850 0.472251 0.031250 0.041667
0 0.664409 0.366045 0.031250 0.041667
0 0.717192 0.368604 0.031250 0.041667
0 0.820839 0.368604 0.031250 0.041667
0 0.855388 0.331496 0.031250 0.041667
0 0.668248 0.202257 0.031250 0.041667
0 0.716232 0.151074 0.031250 0.041667
0 0.379380 0.229129 0.031250 0.041667
0 0.397614 0.218892 0.031250 0.041667
0 0.450397 0.209935 0.031250 0.041667
0 0.351549 0.143396 0.031250 0.041667
0 0.331395 0.130600 0.031250 0.041667
0 0.316040 0.097331 0.031250 0.041667
0 0.350589 0.090933 0.031250 0.041667
0 0.356347 0.087094 0.031250 0.041667
0 0.261338 0.280312 0.031250 0.041667
0 0.257499 0.355808 0.031250 0.041667
0 0.302605 0.276474 0.031250 0.041667
0 0.265177 0.763998 0.031250 0.041667