0 0.641686 0.065710 0.031250 0.041667
0 0.736323 0.259191 0.031250 0.041667
0 0.721601 0.285830 0.031250 0.041667
0 0.763662 0.263397 0.031250 0.041667
0 0.779435 0.278819 0.031250 0.041667
0 0.902464 0.383972 0.031250 0.041667
0 0.544945 0.470898 0.031250 0.041667
0 0.560718 0.491928 0.031250 0.041667
0 0.551254 0.522773 0.031250 0.041667
0 0.507090 0.531185 0.031250 0.041667
0 0.406144 0.528381 0.031250 0.041667
0 0.395629 0.500341 0.031250 0.041667
0 0.416659 0.482114 0.031250 0.041667
0 0.449257 0.658770 0.031250 0.041667
0 0.425071 0.730274 0.031250 0.041667
0 0.080171 0.801778 0.031250 0.041667
0 0.139057 0.470898 0.031250 0.041667
0 0.272600 0.456878 0.031250 0.041667
0 0.200045 0.375560 0.031250 0.041667
0 0.207406 0.264799 0.031250 0.041667
0 0.252621 0.276015 0.031250 0.041667
0 0.292579 0.252181 0.031250 0.041667
0 0.357774 0.238160 0.031250 0.041667
0 0.385114 0.243769 0.031250 0.041667
0 0.453463 0.204512 0.031250 0.041667
0 0.235797 0.187687 0.031250 0.041667
0 0.209509 0.062906 0.031250 0.041667
0 0.286270 0.113380 0.031250 0.041667
0 0.279961 0.096555 0.031250 0.041667
0 0.291528 0.093751 0.031250 0.041667
0 0.284167 0.064308 0.031250 0.041667