0 0.224142 0.047490 0.031250 0.041667
0 0.211847 0.076634 0.031250 0.041667
0 0.233705 0.082098 0.031250 0.041667
0 0.306109 0.087563 0.031250 0.041667
0 0.310207 0.133100 0.031250 0.041667
0 0.255563 0.133100 0.031250 0.041667
0 0.213213 0.144029 0.031250 0.041667
0 0.205016 0.216889 0.031250 0.041667
0 0.244634 0.191388 0.031250 0.041667
0 0.276054 0.191388 0.031250 0.041667
0 0.325235 0.195031 0.031250 0.041667
0 0.355289 0.195031 0.031250 0.041667
0 0.445453 0.213246 0.031250 0.041667
0 0.455016 0.211424 0.031250 0.041667
0 0.412666 0.269712 0.031250 0.041667
0 0.373049 0.326178 0.031250 0.041667
0 0.288350 0.324357 0.031250 0.041667
0 0.166765 0.349858 0.031250 0.041667
0 0.064306 0.468255 0.031250 0.041667
0 0.132612 0.475541 0.031250 0.041667
0 0.083432 0.608510 0.031250 0.041667
0 0.082065 0.643118 0.031250 0.041667
0 0.233705 0.661333 0.031250 0.041667
0 0.286983 0.552043 0.031250 0.041667
0 0.394907 0.508328 0.031250 0.041667
0 0.400371 0.533829 0.031250 0.041667
0 0.322503 0.759694 0.031250 0.041667
0 0.375781 0.792481 0.031250 0.041667
0 0.416765 0.761515 0.031250 0.041667
0 0.456382 0.706870 0.031250 0.041667
0 0.444087 0.796124 0.031250 0.041667
0 0.546546 0.526543 0.031250 0.041667
0 0.575235 0.488291 0.031250 0.041667
0 0.549279 0.462790 0.031250 0.041667
0 0.700918 0.264247 0.031250 0.041667
0 0.725508 0.256962 0.031250 0.041667
0 0.792448 0.276998 0.031250 0.041667
0 0.653104 0.497399 0.031250 0.041667
0 0.735071 0.497399 0.031250 0.041667
0 0.773322 0.471898 0.031250 0.041667
0 0.769224 0.566615 0.031250 0.041667
0 0.856656 0.537472 0.031250 0.041667
0 0.878513 0.555686 0.031250 0.041667
0 0.912666 0.628546 0.031250 0.041667