0 0.251464 0.087563 0.031250 0.041667
0 0.270590 0.087563 0.031250 0.041667
0 0.312940 0.091206 0.031250 0.041667
0 0.321136 0.116707 0.031250 0.041667
0 0.297912 0.127635 0.031250 0.041667
0 0.233705 0.120349 0.031250 0.041667
0 0.256929 0.134921 0.031250 0.041667
0 0.226874 0.129457 0.031250 0.041667
0 0.209115 0.174994 0.031250 0.041667
0 0.259661 0.169530 0.031250 0.041667
0 0.353923 0.127635 0.031250 0.041667
0 0.441355 0.211424 0.031250 0.041667
0 0.453650 0.207781 0.031250 0.041667
0 0.243268 0.326178 0.031250 0.041667
0 0.016492 0.770623 0.031250 0.041667
0 0.121683 0.736014 0.031250 0.041667
0 0.390809 0.504685 0.031250 0.041667
0 0.397639 0.535650 0.031250 0.041667
0 0.314306 0.759694 0.031250 0.041667
0 0.363486 0.779730 0.031250 0.041667
0 0.403104 0.757872 0.031250 0.041667
0 0.434524 0.768801 0.031250 0.041667
0 0.434524 0.715978 0.031250 0.041667
0 0.557475 0.533829 0.031250 0.041667
0 0.584798 0.497399 0.031250 0.041667
0 0.550645 0.464612 0.031250 0.041667
0 0.684524 0.519257 0.031250 0.041667
0 0.591628 0.153136 0.031250 0.041667
0 0.623049 0.142207 0.031250 0.041667
0 0.595727 0.238747 0.031250 0.041667
0 0.629880 0.295213 0.031250 0.041667
0 0.672229 0.187745 0.031250 0.041667
0 0.683158 0.204138 0.031250 0.041667
0 0.702284 0.191388 0.031250 0.041667
0 0.737803 0.169530 0.031250 0.041667
0 0.786983 0.184102 0.031250 0.041667
0 0.797912 0.262426 0.031250 0.041667
0 0.758295 0.262426 0.031250 0.041667