0 0.199194 0.071147 0.031250 0.041667
0 0.236892 0.071147 0.031250 0.041667
0 0.258718 0.108185 0.031250 0.041667
0 0.290464 0.097603 0.031250 0.041667
0 0.314273 0.097603 0.031250 0.041667
0 0.334115 0.116121 0.031250 0.041667
0 0.367845 0.089666 0.031250 0.041667
0 0.256734 0.158449 0.031250 0.041667
0 0.230940 0.161095 0.031250 0.041667
0 0.201178 0.346280 0.031250 0.041667
0 0.187289 0.409772 0.031250 0.041667
0 0.447210 0.206068 0.031250 0.041667
0 0.465067 0.208714 0.031250 0.041667
0 0.544432 0.211359 0.031250 0.041667
0 0.667448 0.113476 0.031250 0.041667
0 0.234908 0.634640 0.031250 0.041667
0 0.292448 0.803952 0.031250 0.041667
0 0.338083 0.782788 0.031250 0.041667
0 0.351972 0.793370 0.031250 0.041667
0 0.377765 0.782788 0.031250 0.041667
0 0.411496 0.756333 0.031250 0.041667
0 0.455146 0.727232 0.031250 0.041667
0 0.389670 0.507655 0.031250 0.041667
0 0.413480 0.531465 0.031250 0.041667
0 0.500781 0.534110 0.031250 0.041667
0 0.558321 0.528819 0.031250 0.041667
0 0.580146 0.505010 0.031250 0.041667
0 0.546416 0.460036 0.031250 0.041667
0 0.592051 0.621412 0.031250 0.041667
0 0.879750 0.661095 0.031250 0.041667