0 0.336194 0.318700 0.031250 0.041667
0 0.281491 0.321259 0.031250 0.041667
0 0.306443 0.273914 0.031250 0.041667
0 0.304524 0.230408 0.031250 0.041667
0 0.342912 0.217612 0.031250 0.041667
0 0.284371 0.111406 0.031250 0.041667
0 0.268056 0.108847 0.031250 0.041667
0 0.307403 0.102449 0.031250 0.041667
0 0.344831 0.102449 0.031250 0.041667
0 0.349630 0.084535 0.031250 0.041667
0 0.449438 0.209935 0.031250 0.041667
0 0.408171 0.528553 0.031250 0.041667
0 0.397614 0.504241 0.031250 0.041667
0 0.421607 0.477369 0.031250 0.041667
0 0.500301 0.543908 0.031250 0.041667
0 0.553085 0.520875 0.031250 0.041667
0 0.562681 0.494004 0.031250 0.041667
0 0.544447 0.472251 0.031250 0.041667
0 0.693200 0.604049 0.031250 0.041667
0 0.782451 0.619404 0.031250 0.041667
0 0.918728 0.597651 0.031250 0.041667
0 0.729668 0.323818 0.031250 0.041667
0 0.778612 0.300786 0.031250 0.041667
0 0.737346 0.221451 0.031250 0.041667
0 0.671127 0.116525 0.031250 0.041667
0 0.281491 0.758879 0.031250 0.041667
0 0.196079 0.680824 0.031250 0.041667
0 0.063641 0.776793 0.031250 0.041667