0 0.497422 0.538790 0.031250 0.041667
0 0.407211 0.523435 0.031250 0.041667
0 0.393775 0.500402 0.031250 0.041667
0 0.413929 0.483767 0.031250 0.041667
0 0.544447 0.527273 0.031250 0.041667
0 0.564601 0.501681 0.031250 0.041667
0 0.531971 0.473530 0.031250 0.041667
0 0.839073 0.655232 0.031250 0.041667
0 0.863065 0.396755 0.031250 0.041667
0 0.733507 0.346851 0.031250 0.041667
0 0.729668 0.285431 0.031250 0.041667
0 0.654812 0.277753 0.031250 0.041667
0 0.297806 0.779353 0.031250 0.041667
0 0.147134 0.679545 0.031250 0.041667
0 0.040609 0.639877 0.031250 0.041667
0 0.092432 0.409551 0.031250 0.041667
0 0.163449 0.369884 0.031250 0.041667
0 0.259418 0.197139 0.031250 0.041667
0 0.275733 0.106288 0.031250 0.041667
0 0.330436 0.134439 0.031250 0.041667
0 0.311242 0.098610 0.031250 0.041667
0 0.340992 0.099890 0.031250 0.041667
0 0.355388 0.092212 0.031250 0.041667
0 0.205676 0.039749 0.031250 0.041667
0 0.182643 0.042308 0.031250 0.041667
0 0.448478 0.202257 0.031250 0.041667