0 0.377065 0.477770 0.031250 0.041667
0 0.335997 0.420275 0.031250 0.041667
0 0.385278 0.318975 0.031250 0.041667
0 0.450987 0.520207 0.031250 0.041667
0 0.497188 0.532527 0.031250 0.041667
0 0.490001 0.580439 0.031250 0.041667
0 0.468440 0.625614 0.031250 0.041667
0 0.112178 0.859700 0.031250 0.041667
0 0.071110 0.821370 0.031250 0.041667
0 0.026962 0.714594 0.031250 0.041667
0 0.274395 0.752924 0.031250 0.041667
0 0.548523 0.473663 0.031250 0.041667
0 0.276449 0.228626 0.031250 0.041667
0 0.262075 0.213567 0.031250 0.041667
0 0.190206 0.143752 0.031250 0.041667
0 0.197393 0.109529 0.031250 0.041667
0 0.189180 0.049296 0.031250 0.041667
0 0.219980 0.045190 0.031250 0.041667
0 0.277475 0.098578 0.031250 0.041667
0 0.294929 0.091733 0.031250 0.041667
0 0.441746 0.220412 0.031250 0.041667
0 0.450987 0.203985 0.031250 0.041667
0 0.779529 0.260111 0.031250 0.041667
0 0.799036 0.286120 0.031250 0.041667
0 0.827783 0.283383 0.031250 0.041667
0 0.562896 0.194402 0.031250 0.041667
0 0.363718 0.082150 0.031250 0.041667
0 0.540309 0.106791 0.031250 0.041667
0 0.563923 0.109529 0.031250 0.041667