0 0.190030 0.140028 0.031250 0.041667
0 0.230676 0.094573 0.031250 0.041667
0 0.246411 0.082335 0.031250 0.041667
0 0.309348 0.085832 0.031250 0.041667
0 0.448334 0.208209 0.031250 0.041667
0 0.329016 0.190727 0.031250 0.041667
0 0.294925 0.187230 0.031250 0.041667
0 0.235921 0.211706 0.031250 0.041667
0 0.180851 0.215203 0.031250 0.041667
0 0.231988 0.278140 0.031250 0.041667
0 0.276568 0.293874 0.031250 0.041667
0 0.266078 0.346321 0.031250 0.041667
0 0.305414 0.360307 0.031250 0.041667
0 0.220187 0.577091 0.031250 0.041667
0 0.022197 0.914503 0.031250 0.041667
0 0.254278 0.952965 0.031250 0.041667
0 0.270012 0.765902 0.031250 0.041667
0 0.298858 0.811356 0.031250 0.041667
0 0.352617 0.779888 0.031250 0.041667
0 0.408998 0.797370 0.031250 0.041667
0 0.410309 0.762405 0.031250 0.041667
0 0.429977 0.730937 0.031250 0.041667
0 0.520449 0.884783 0.031250 0.041667
0 0.579453 0.666251 0.031250 0.041667
0 0.390641 0.501916 0.031250 0.041667
0 0.407687 0.529888 0.031250 0.041667
0 0.563718 0.515902 0.031250 0.041667
0 0.582075 0.496671 0.031250 0.041667
0 0.545362 0.473944 0.031250 0.041667
0 0.917739 0.536881 0.031250 0.041667
0 0.904627 0.507161 0.031250 0.041667
0 0.685659 0.349818 0.031250 0.041667
0 0.732862 0.195972 0.031250 0.041667
0 0.554540 0.173244 0.031250 0.041667