0 0.099857 0.692691 0.031250 0.041667
0 0.345237 0.327188 0.031250 0.041667
0 0.369878 0.325819 0.031250 0.041667
0 0.372958 0.212198 0.031250 0.041667
0 0.410946 0.210829 0.031250 0.041667
0 0.435586 0.212198 0.031250 0.041667
0 0.452013 0.198509 0.031250 0.041667
0 0.282609 0.139645 0.031250 0.041667
0 0.256941 0.136908 0.031250 0.041667
0 0.286716 0.101315 0.031250 0.041667
0 0.272342 0.090364 0.031250 0.041667
0 0.292876 0.086257 0.031250 0.041667
0 0.364744 0.076675 0.031250 0.041667
0 0.717927 0.101315 0.031250 0.041667
0 0.734354 0.113636 0.031250 0.041667
0 0.751808 0.110898 0.031250 0.041667
0 0.776449 0.117743 0.031250 0.041667
0 0.549549 0.188927 0.031250 0.041667
0 0.546469 0.470925 0.031250 0.041667
0 0.501295 0.535265 0.031250 0.041667
0 0.450987 0.528420 0.031250 0.041667
0 0.396572 0.492828 0.031250 0.041667
0 0.409919 0.479139 0.031250 0.041667
0 0.480761 0.617400 0.031250 0.041667
0 0.464334 0.767982 0.031250 0.041667
0 0.698420 0.529789 0.031250 0.041667
0 0.702527 0.466819 0.031250 0.041667
0 0.805196 0.607818 0.031250 0.041667
0 0.911972 0.631090 0.031250 0.041667