0 0.430221 0.057067 0.031250 0.041667
0 0.434978 0.221972 0.031250 0.041667
0 0.450834 0.226200 0.031250 0.041667
0 0.461933 0.205059 0.031250 0.041667
0 0.352525 0.116264 0.031250 0.041667
0 0.336669 0.088780 0.031250 0.041667
0 0.339840 0.073980 0.031250 0.041667
0 0.303371 0.095122 0.031250 0.041667
0 0.290686 0.093008 0.031250 0.041667
0 0.278001 0.095122 0.031250 0.041667
0 0.219333 0.120492 0.031250 0.041667
0 0.212991 0.156433 0.031250 0.041667
0 0.265316 0.124720 0.031250 0.041667
0 0.279587 0.124720 0.031250 0.041667
0 0.308128 0.120492 0.031250 0.041667
0 0.190792 0.357278 0.031250 0.041667
0 0.014788 0.733600 0.031250 0.041667
0 0.498403 0.809710 0.031250 0.041667
0 0.720390 0.317109 0.031250 0.041667
0 0.550728 0.469329 0.031250 0.041667
0 0.750517 0.319223 0.031250 0.041667
0 0.601468 0.164889 0.031250 0.041667
0 0.653794 0.171232 0.031250 0.041667