0 0.600106 0.507470 0.031250 0.041667
0 0.548033 0.472755 0.031250 0.041667
0 0.501746 0.535757 0.031250 0.041667
0 0.454494 0.570473 0.031250 0.041667
0 0.404349 0.528043 0.031250 0.041667
0 0.391813 0.504899 0.031250 0.041667
0 0.367705 0.790338 0.031250 0.041667
0 0.315632 0.749193 0.031250 0.041667
0 0.265487 0.776194 0.031250 0.041667
0 0.139161 0.795481 0.031250 0.041667
0 0.220164 0.358322 0.031250 0.041667
0 0.342633 0.179602 0.031250 0.041667
0 0.369634 0.168030 0.031250 0.041667
0 0.454494 0.204031 0.031250 0.041667
0 0.683038 0.762051 0.031250 0.041667
0 0.728361 0.753051 0.031250 0.041667
0 0.817078 0.579473 0.031250 0.041667
0 0.785256 0.486898 0.031250 0.041667
0 0.730289 0.441897 0.031250 0.041667
0 0.887474 0.426468 0.031250 0.041667
0 0.896153 0.565330 0.031250 0.041667
0 0.910617 0.708049 0.031250 0.041667
0 0.930868 0.792909 0.031250 0.041667
0 0.284774 0.097313 0.031250 0.041667
0 0.308882 0.092170 0.031250 0.041667
0 0.340704 0.101170 0.031250 0.041667
0 0.191234 0.054883 0.031250 0.041667
0 0.347454 0.038168 0.031250 0.041667