0 0.027595 0.546608 0.031250 0.041667
0 0.348310 0.226944 0.031250 0.041667
0 0.359877 0.218532 0.031250 0.041667
0 0.383010 0.215728 0.031250 0.041667
0 0.417711 0.204512 0.031250 0.041667
0 0.291528 0.219934 0.031250 0.041667
0 0.258931 0.217130 0.031250 0.041667
0 0.258931 0.257789 0.031250 0.041667
0 0.211612 0.259191 0.031250 0.041667
0 0.216870 0.329293 0.031250 0.041667
0 0.254724 0.347519 0.031250 0.041667
0 0.220024 0.311066 0.031250 0.041667
0 0.414556 0.487722 0.031250 0.041667
0 0.393526 0.505949 0.031250 0.041667
0 0.414556 0.531185 0.031250 0.041667
0 0.203200 0.782149 0.031250 0.041667
0 0.506039 0.542402 0.031250 0.041667
0 0.544945 0.528381 0.031250 0.041667
0 0.569130 0.507351 0.031250 0.041667
0 0.547048 0.472300 0.031250 0.041667
0 0.730014 0.360137 0.031250 0.041667
0 0.767869 0.355931 0.031250 0.041667
0 0.712138 0.169461 0.031250 0.041667
0 0.746838 0.176471 0.031250 0.041667
0 0.722653 0.141420 0.031250 0.041667
0 0.687953 0.137214 0.031250 0.041667
0 0.830960 0.180677 0.031250 0.041667
0 0.273652 0.099359 0.031250 0.041667
0 0.262085 0.075525 0.031250 0.041667
0 0.293631 0.092349 0.031250 0.041667
0 0.316764 0.107771 0.031250 0.041667
0 0.371444 0.090947 0.031250 0.041667
0 0.265240 0.039072 0.031250 0.041667
0 0.242106 0.037670 0.031250 0.041667