0 0.224090 0.234657 0.031250 0.041667
0 0.233604 0.211401 0.031250 0.041667
0 0.241532 0.232543 0.031250 0.041667
0 0.258974 0.221972 0.031250 0.041667
0 0.304957 0.179689 0.031250 0.041667
0 0.336669 0.179689 0.031250 0.041667
0 0.308128 0.224086 0.031250 0.041667
0 0.273244 0.088780 0.031250 0.041667
0 0.284344 0.093008 0.031250 0.041667
0 0.295443 0.095122 0.031250 0.041667
0 0.335084 0.086665 0.031250 0.041667
0 0.358868 0.086665 0.031250 0.041667
0 0.187621 0.076095 0.031250 0.041667
0 0.609396 0.217744 0.031250 0.041667
0 0.641109 0.205059 0.031250 0.041667
0 0.550728 0.469329 0.031250 0.041667
0 0.769544 0.849879 0.031250 0.041667
0 0.806014 0.862564 0.031250 0.041667
0 0.170179 0.674403 0.031250 0.041667
0 0.167007 0.393219 0.031250 0.041667
0 0.008445 0.788568 0.031250 0.041667
0 0.203477 0.739942 0.031250 0.041667
0 0.287515 0.744171 0.031250 0.041667