0 0.187621 0.097236 0.031250 0.041667
0 0.219333 0.099350 0.031250 0.041667
0 0.265316 0.099350 0.031250 0.041667
0 0.273244 0.088780 0.031250 0.041667
0 0.282758 0.095122 0.031250 0.041667
0 0.304957 0.090894 0.031250 0.041667
0 0.341426 0.084551 0.031250 0.041667
0 0.354111 0.095122 0.031250 0.041667
0 0.331912 0.158547 0.031250 0.041667
0 0.268487 0.196602 0.031250 0.041667
0 0.233604 0.213515 0.031250 0.041667
0 0.457177 0.198716 0.031250 0.041667
0 0.381067 0.154319 0.031250 0.041667
0 0.090898 0.422818 0.031250 0.041667
0 0.100411 0.488357 0.031250 0.041667
0 0.201891 0.492585 0.031250 0.041667
0 0.300200 0.424932 0.031250 0.041667
0 0.622081 0.348822 0.031250 0.041667
0 0.695020 0.348822 0.031250 0.041667
0 0.675993 0.287511 0.031250 0.041667
0 0.690263 0.234657 0.031250 0.041667
0 0.742589 0.243114 0.031250 0.041667
0 0.550728 0.462987 0.031250 0.041667
0 0.293857 0.777997 0.031250 0.041667
0 0.677578 0.564467 0.031250 0.041667
0 0.753688 0.534868 0.031250 0.041667