0 0.273652 0.295644 0.031250 0.041667
0 0.325177 0.301252 0.031250 0.041667
0 0.186375 0.207316 0.031250 0.041667
0 0.209509 0.110575 0.031250 0.041667
0 0.256828 0.148430 0.031250 0.041667
0 0.300992 0.156843 0.031250 0.041667
0 0.273652 0.095153 0.031250 0.041667
0 0.288373 0.088143 0.031250 0.041667
0 0.312558 0.095153 0.031250 0.041667
0 0.328331 0.096555 0.031250 0.041667
0 0.369341 0.092349 0.031250 0.041667
0 0.385114 0.092349 0.031250 0.041667
0 0.453463 0.224140 0.031250 0.041667
0 0.407196 0.528381 0.031250 0.041667
0 0.397732 0.510155 0.031250 0.041667
0 0.413505 0.484918 0.031250 0.041667
0 0.508142 0.538196 0.031250 0.041667
0 0.549151 0.522773 0.031250 0.041667
0 0.557564 0.494733 0.031250 0.041667
0 0.543894 0.476506 0.031250 0.041667
0 0.492369 0.698027 0.031250 0.041667
0 0.460823 0.689615 0.031250 0.041667
0 0.737374 0.818602 0.031250 0.041667
0 0.846733 0.810190 0.031250 0.041667
0 0.903515 0.860663 0.031250 0.041667
0 0.834115 0.948991 0.031250 0.041667
0 0.728962 0.456878 0.031250 0.041667
0 0.660613 0.405002 0.031250 0.041667
0 0.779435 0.396590 0.031250 0.041667
0 0.656407 0.148430 0.031250 0.041667
0 0.622758 0.140018 0.031250 0.041667
0 0.592264 0.180677 0.031250 0.041667