0 0.195340 0.067092 0.031250 0.041667
0 0.183019 0.087626 0.031250 0.041667
0 0.210740 0.191665 0.031250 0.041667
0 0.212794 0.156072 0.031250 0.041667
0 0.290822 0.156072 0.031250 0.041667
0 0.304169 0.173868 0.031250 0.041667
0 0.324703 0.188927 0.031250 0.041667
0 0.356531 0.151966 0.031250 0.041667
0 0.354477 0.247790 0.031250 0.041667
0 0.304169 0.247790 0.031250 0.041667
0 0.438666 0.243684 0.031250 0.041667
0 0.436613 0.210829 0.031250 0.041667
0 0.292876 0.091733 0.031250 0.041667
0 0.269262 0.099947 0.031250 0.041667
0 0.142978 0.375101 0.031250 0.041667
0 0.131685 0.427120 0.031250 0.041667
0 0.267208 0.458605 0.031250 0.041667
0 0.328810 0.473663 0.031250 0.041667
0 0.433533 0.511993 0.031250 0.041667
0 0.473574 0.507886 0.031250 0.041667
0 0.516695 0.525682 0.031250 0.041667
0 0.556736 0.513362 0.031250 0.041667
0 0.568030 0.492828 0.031250 0.041667
0 0.567003 0.459974 0.031250 0.041667
0 0.559816 0.190296 0.031250 0.041667
0 0.651192 0.078044 0.031250 0.041667
0 0.673779 0.235470 0.031250 0.041667
0 0.705607 0.238208 0.031250 0.041667
0 0.734354 0.216305 0.031250 0.041667
0 0.716900 0.162917 0.031250 0.041667
0 0.734354 0.162917 0.031250 0.041667
0 0.761048 0.149228 0.031250 0.041667
0 0.764128 0.214936 0.031250 0.041667
0 0.745648 0.438071 0.031250 0.041667
0 0.809303 0.740604 0.031250 0.041667
0 0.654272 0.837797 0.031250 0.041667
0 0.638872 0.969214 0.031250 0.041667