0 0.229253 0.366782 0.031250 0.041667
0 0.404253 0.459375 0.031250 0.041667
0 0.538976 0.461227 0.031250 0.041667
0 0.280642 0.740856 0.031250 0.041667
0 0.202865 0.751968 0.031250 0.041667
0 0.034809 0.874190 0.031250 0.041667
0 0.600087 0.183449 0.031250 0.041667
0 0.632031 0.096412 0.031250 0.041667
0 0.833420 0.177894 0.031250 0.041667
0 0.279253 0.085301 0.031250 0.041667
0 0.287587 0.087153 0.031250 0.041667
0 0.348698 0.061227 0.031250 0.041667
0 0.209809 0.044560 0.031250 0.041667
0 0.186198 0.064931 0.031250 0.041667
0 0.434978 0.154319 0.031250 0.041667