0 0.622225 0.240648 0.031250 0.041667
0 0.633713 0.188131 0.031250 0.041667
0 0.548374 0.214390 0.031250 0.041667
0 0.671460 0.113733 0.031250 0.041667
0 0.712488 0.155309 0.031250 0.041667
0 0.737105 0.146556 0.031250 0.041667
0 0.737105 0.111545 0.031250 0.041667
0 0.699359 0.229707 0.031250 0.041667
0 0.679665 0.242836 0.031250 0.041667
0 0.656689 0.360998 0.031250 0.041667
0 0.802751 0.396009 0.031250 0.041667
0 0.858549 0.376315 0.031250 0.041667
0 0.548374 0.466031 0.031250 0.041667
0 0.505705 0.533864 0.031250 0.041667
0 0.820803 0.717672 0.031250 0.041667
0 0.893013 0.697978 0.031250 0.041667
0 0.394107 0.498853 0.031250 0.041667
0 0.405595 0.531676 0.031250 0.041667
0 0.449906 0.584193 0.031250 0.041667
0 0.444983 0.641085 0.031250 0.041667
0 0.333385 0.785506 0.031250 0.041667
0 0.302204 0.752683 0.031250 0.041667
0 0.244764 0.781129 0.031250 0.041667
0 0.126602 0.577628 0.031250 0.041667
0 0.151219 0.527300 0.031250 0.041667
0 0.274304 0.328175 0.031250 0.041667
0 0.308768 0.336928 0.031250 0.041667
0 0.285792 0.277847 0.031250 0.041667
0 0.236558 0.275659 0.031250 0.041667
0 0.208659 0.258153 0.031250 0.041667
0 0.249687 0.153120 0.031250 0.041667
0 0.277587 0.192508 0.031250 0.041667
0 0.292357 0.161873 0.031250 0.041667
0 0.443341 0.207825 0.031250 0.041667
0 0.349797 0.087475 0.031250 0.041667
0 0.318615 0.080910 0.031250 0.041667
0 0.184042 0.078722 0.031250 0.041667
0 0.415442 0.546994 0.031250 0.041667
0 0.574632 0.159685 0.031250 0.041667