0 0.197241 0.218699 0.031250 0.041667
0 0.216909 0.218699 0.031250 0.041667
0 0.236577 0.202965 0.031250 0.041667
0 0.191996 0.136531 0.031250 0.041667
0 0.209042 0.073594 0.031250 0.041667
0 0.227398 0.073594 0.031250 0.041667
0 0.230021 0.084084 0.031250 0.041667
0 0.251000 0.077091 0.031250 0.041667
0 0.307381 0.108559 0.031250 0.041667
0 0.316559 0.096321 0.031250 0.041667
0 0.337538 0.077091 0.031250 0.041667
0 0.350650 0.077091 0.031250 0.041667
0 0.329671 0.129538 0.031250 0.041667
0 0.285091 0.148769 0.031250 0.041667
0 0.270668 0.199468 0.031250 0.041667
0 0.306070 0.241426 0.031250 0.041667
0 0.359828 0.258909 0.031250 0.041667
0 0.446367 0.216951 0.031250 0.041667
0 0.462101 0.213454 0.031250 0.041667
0 0.197241 0.367300 0.031250 0.041667
0 0.245755 0.418000 0.031250 0.041667
0 0.320493 0.381286 0.031250 0.041667
0 0.132993 0.577091 0.031250 0.041667
0 0.186752 0.557860 0.031250 0.041667
0 0.310003 0.757161 0.031250 0.041667
0 0.323115 0.799119 0.031250 0.041667
0 0.405720 0.767650 0.031250 0.041667
0 0.445056 0.739678 0.031250 0.041667
0 0.386052 0.512405 0.031250 0.041667
0 0.413587 0.533384 0.031250 0.041667
0 0.456856 0.547370 0.031250 0.041667
0 0.523727 0.542126 0.031250 0.041667
0 0.572241 0.526391 0.031250 0.041667
0 0.587975 0.487930 0.031250 0.041667
0 0.552573 0.477440 0.031250 0.041667
0 0.546017 0.631286 0.031250 0.041667
0 0.653535 0.563105 0.031250 0.041667
0 0.825300 0.594573 0.031250 0.041667
0 0.636489 0.309608 0.031250 0.041667
0 0.728273 0.260657 0.031250 0.041667
0 0.755807 0.171496 0.031250 0.041667
0 0.782031 0.168000 0.031250 0.041667