0 0.227261 0.128949 0.031250 0.041667
0 0.263731 0.112035 0.031250 0.041667
0 0.281172 0.112035 0.031250 0.041667
0 0.270073 0.090894 0.031250 0.041667
0 0.284344 0.090894 0.031250 0.041667
0 0.298614 0.090894 0.031250 0.041667
0 0.335084 0.090894 0.031250 0.041667
0 0.358868 0.099350 0.031250 0.041667
0 0.425464 0.202944 0.031250 0.041667
0 0.461933 0.196602 0.031250 0.041667
0 0.219333 0.177574 0.031250 0.041667
0 0.262145 0.283283 0.031250 0.041667
0 0.311299 0.291739 0.031250 0.041667
0 0.675993 0.462987 0.031250 0.041667
0 0.741003 0.492585 0.031250 0.041667
0 0.634766 0.575037 0.031250 0.041667
0 0.549143 0.467215 0.031250 0.041667
0 0.760031 0.357278 0.031250 0.041667
0 0.777473 0.338251 0.031250 0.041667
0 0.834555 0.465101 0.031250 0.041667
0 0.905908 0.484128 0.031250 0.041667
0 0.710876 0.818166 0.031250 0.041667
0 0.198720 0.765312 0.031250 0.041667
0 0.033815 0.684974 0.031250 0.041667