0 0.209819 0.040154 0.031250 0.041667
0 0.252631 0.054953 0.031250 0.041667
0 0.281172 0.082437 0.031250 0.041667
0 0.336669 0.093008 0.031250 0.041667
0 0.343012 0.078209 0.031250 0.041667
0 0.355697 0.093008 0.031250 0.041667
0 0.363625 0.088780 0.031250 0.041667
0 0.208234 0.107807 0.031250 0.041667
0 0.214576 0.099350 0.031250 0.041667
0 0.209819 0.175460 0.031250 0.041667
0 0.239946 0.169118 0.031250 0.041667
0 0.216162 0.228314 0.031250 0.041667
0 0.300200 0.200830 0.031250 0.041667
0 0.317642 0.217744 0.031250 0.041667
0 0.300200 0.247342 0.031250 0.041667
0 0.317642 0.287511 0.031250 0.041667
0 0.362039 0.245228 0.031250 0.041667
0 0.330327 0.355164 0.031250 0.041667
0 0.247874 0.355164 0.031250 0.041667
0 0.193963 0.340365 0.031250 0.041667
0 0.160665 0.372078 0.031250 0.041667
0 0.119439 0.553896 0.031250 0.041667
0 0.182864 0.710344 0.031250 0.041667
0 0.203477 0.727257 0.031250 0.041667
0 0.387409 0.475672 0.031250 0.041667
0 0.395337 0.501042 0.031250 0.041667
0 0.452420 0.355164 0.031250 0.041667
0 0.454005 0.530640 0.031250 0.041667
0 0.520602 0.541211 0.031250 0.041667
0 0.606225 0.657490 0.031250 0.041667
0 0.704534 0.663832 0.031250 0.041667
0 0.701363 0.372078 0.031250 0.041667
0 0.752103 0.384763 0.031250 0.041667
0 0.675993 0.359393 0.031250 0.041667
0 0.715633 0.314995 0.031250 0.041667
0 0.682335 0.226200 0.031250 0.041667
0 0.772716 0.240999 0.031250 0.041667
0 0.801257 0.249456 0.031250 0.041667
0 0.837726 0.251570 0.031250 0.041667
0 0.790158 0.281169 0.031250 0.041667
0 0.825041 0.291739 0.031250 0.041667
0 0.888466 0.281169 0.031250 0.041667
0 0.668065 0.101464 0.031250 0.041667
0 0.644280 0.107807 0.031250 0.041667
0 0.441320 0.209287 0.031250 0.041667
0 0.373139 0.209287 0.031250 0.041667
0 0.458762 0.196602 0.031250 0.041667