0 0.024441 0.709244 0.031250 0.041667
0 0.181118 0.306860 0.031250 0.041667
0 0.195839 0.079731 0.031250 0.041667
0 0.272600 0.113380 0.031250 0.041667
0 0.291528 0.090947 0.031250 0.041667
0 0.282064 0.069917 0.031250 0.041667
0 0.275755 0.092349 0.031250 0.041667
0 0.675334 0.340509 0.031250 0.041667
0 0.556512 0.191893 0.031250 0.041667
0 0.458720 0.198904 0.031250 0.041667
0 0.408247 0.531185 0.031250 0.041667
0 0.398783 0.508753 0.031250 0.041667
0 0.509193 0.531185 0.031250 0.041667
0 0.544945 0.522773 0.031250 0.041667
0 0.558615 0.497537 0.031250 0.041667
0 0.548100 0.466692 0.031250 0.041667
0 0.469236 0.761119 0.031250 0.041667
0 0.418762 0.810190 0.031250 0.041667
0 0.322022 0.762521 0.031250 0.041667
0 0.774178 0.901322 0.031250 0.041667
0 0.859351 0.885900 0.031250 0.041667
0 0.186375 0.047484 0.031250 0.041667