0 0.206648 0.067638 0.031250 0.041667
0 0.268487 0.095122 0.031250 0.041667
0 0.282758 0.093008 0.031250 0.041667
0 0.292272 0.090894 0.031250 0.041667
0 0.309714 0.093008 0.031250 0.041667
0 0.335084 0.093008 0.031250 0.041667
0 0.411194 0.061295 0.031250 0.041667
0 0.444492 0.211401 0.031250 0.041667
0 0.308128 0.209287 0.031250 0.041667
0 0.246289 0.213515 0.031250 0.041667
0 0.217747 0.186031 0.031250 0.041667
0 0.195549 0.314995 0.031250 0.041667
0 0.246289 0.291739 0.031250 0.041667
0 0.270073 0.327680 0.031250 0.041667
0 0.311299 0.336137 0.031250 0.041667
0 0.317642 0.291739 0.031250 0.041667
0 0.339840 0.420703 0.031250 0.041667
0 0.304957 0.437617 0.031250 0.041667
0 0.073456 0.674403 0.031250 0.041667
0 0.130538 0.723029 0.031250 0.041667
0 0.159079 0.767426 0.031250 0.041667
0 0.222504 0.758970 0.031250 0.041667
0 0.463519 0.530640 0.031250 0.041667
0 0.523773 0.536982 0.031250 0.041667
0 0.569756 0.471443 0.031250 0.041667
0 0.614153 0.619435 0.031250 0.041667
0 0.715633 0.630006 0.031250 0.041667
0 0.851997 0.682860 0.031250 0.041667
0 0.918593 0.575037 0.031250 0.041667
0 0.886881 0.276940 0.031250 0.041667
0 0.829798 0.224086 0.031250 0.041667
0 0.790158 0.145862 0.031250 0.041667
0 0.639523 0.173346 0.031250 0.041667
0 0.609396 0.183917 0.031250 0.041667
0 0.617325 0.124720 0.031250 0.041667