0 0.273244 0.090894 0.031250 0.041667
0 0.281172 0.090894 0.031250 0.041667
0 0.292272 0.090894 0.031250 0.041667
0 0.339840 0.090894 0.031250 0.041667
0 0.362039 0.090894 0.031250 0.041667
0 0.420707 0.046496 0.031250 0.041667
0 0.396923 0.044382 0.031250 0.041667
0 0.434978 0.202944 0.031250 0.041667
0 0.460348 0.194488 0.031250 0.041667
0 0.438149 0.217744 0.031250 0.041667
0 0.243117 0.344593 0.031250 0.041667
0 0.276415 0.336137 0.031250 0.041667
0 0.192377 0.625777 0.031250 0.041667
0 0.220919 0.636348 0.031250 0.041667
0 0.262145 0.797025 0.031250 0.041667
0 0.262145 0.752627 0.031250 0.041667
0 0.582441 0.505270 0.031250 0.041667
0 0.550728 0.469329 0.031250 0.041667
0 0.668065 0.494699 0.031250 0.041667
0 0.706120 0.712458 0.031250 0.041667
0 0.753688 0.604636 0.031250 0.041667
0 0.815528 0.560238 0.031250 0.041667
0 0.554939 0.142180 0.031250 0.041667