0 0.274830 0.093008 0.031250 0.041667
0 0.284344 0.101464 0.031250 0.041667
0 0.292272 0.095122 0.031250 0.041667
0 0.333498 0.088780 0.031250 0.041667
0 0.346183 0.078209 0.031250 0.041667
0 0.357282 0.044382 0.031250 0.041667
0 0.328741 0.128949 0.031250 0.041667
0 0.344597 0.109921 0.031250 0.041667
0 0.442906 0.205059 0.031250 0.041667
0 0.461933 0.190259 0.031250 0.041667
0 0.454005 0.205059 0.031250 0.041667
0 0.360454 0.190259 0.031250 0.041667
0 0.343012 0.234657 0.031250 0.041667
0 0.323984 0.234657 0.031250 0.041667
0 0.306542 0.224086 0.031250 0.041667
0 0.263731 0.247342 0.031250 0.041667
0 0.236775 0.253684 0.031250 0.041667
0 0.211405 0.215629 0.031250 0.041667
0 0.198720 0.194488 0.031250 0.041667
0 0.174936 0.219858 0.031250 0.041667
0 0.205062 0.289625 0.031250 0.041667
0 0.232018 0.289625 0.031250 0.041667
0 0.198720 0.418589 0.031250 0.041667
0 0.130538 0.456644 0.031250 0.041667
0 0.033815 0.536982 0.031250 0.041667
0 0.144809 0.602522 0.031250 0.041667
0 0.184449 0.708230 0.031250 0.041667
0 0.205062 0.731486 0.031250 0.041667
0 0.404851 0.486243 0.031250 0.041667
0 0.393752 0.509498 0.031250 0.041667
0 0.455591 0.532754 0.031250 0.041667
0 0.523773 0.543325 0.031250 0.041667
0 0.545972 0.473558 0.031250 0.041667
0 0.699777 0.475672 0.031250 0.041667
0 0.701363 0.211401 0.031250 0.041667
0 0.774301 0.211401 0.031250 0.041667
0 0.788572 0.234657 0.031250 0.041667
0 0.890052 0.293854 0.031250 0.041667
0 0.593540 0.152204 0.031250 0.041667
0 0.588783 0.103579 0.031250 0.041667
0 0.603054 0.120492 0.031250 0.041667
0 0.625253 0.109921 0.031250 0.041667