0 0.194087 0.102135 0.031250 0.041667
0 0.235071 0.094849 0.031250 0.041667
0 0.307475 0.083920 0.031250 0.041667
0 0.386710 0.244211 0.031250 0.041667
0 0.426328 0.244211 0.031250 0.041667
0 0.444087 0.213246 0.031250 0.041667
0 0.453650 0.211424 0.031250 0.041667
0 0.355289 0.251497 0.031250 0.041667
0 0.344360 0.264247 0.031250 0.041667
0 0.326601 0.271533 0.031250 0.041667
0 0.306109 0.236925 0.031250 0.041667
0 0.259661 0.238747 0.031250 0.041667
0 0.206382 0.236925 0.031250 0.041667
0 0.207748 0.271533 0.031250 0.041667
0 0.269224 0.286105 0.031250 0.041667
0 0.139442 0.415431 0.031250 0.041667
0 0.113486 0.683191 0.031250 0.041667
0 0.274688 0.562972 0.031250 0.041667
0 0.394907 0.499220 0.031250 0.041667
0 0.377147 0.535650 0.031250 0.041667
0 0.455016 0.690477 0.031250 0.041667
0 0.400371 0.765158 0.031250 0.041667
0 0.371683 0.792481 0.031250 0.041667
0 0.302011 0.763337 0.031250 0.041667
0 0.456382 0.812517 0.031250 0.041667
0 0.546546 0.524721 0.031250 0.041667
0 0.577967 0.495577 0.031250 0.041667
0 0.552011 0.460969 0.031250 0.041667
0 0.676328 0.202317 0.031250 0.041667
0 0.702284 0.198674 0.031250 0.041667
0 0.770590 0.218710 0.031250 0.041667
0 0.817038 0.342572 0.031250 0.041667
0 0.746000 0.369894 0.031250 0.041667
0 0.733705 0.448218 0.031250 0.041667
0 0.668131 0.635832 0.031250 0.041667
0 0.655836 0.672262 0.031250 0.041667
0 0.773322 0.668619 0.031250 0.041667
0 0.829333 0.634011 0.031250 0.041667
0 0.892175 0.730550 0.031250 0.041667
0 0.968677 0.683191 0.031250 0.041667
0 0.968677 0.894484 0.031250 0.041667
0 0.785617 0.817982 0.031250 0.041667
0 0.774688 0.883555 0.031250 0.041667