0 0.240225 0.469692 0.031250 0.041667
0 0.197998 0.404433 0.031250 0.041667
0 0.151933 0.404433 0.031250 0.041667
0 0.195119 0.716653 0.031250 0.041667
0 0.174006 0.737126 0.031250 0.041667
0 0.502221 0.533671 0.031250 0.041667
0 0.413929 0.531112 0.031250 0.041667
0 0.396655 0.506800 0.031250 0.041667
0 0.415848 0.479928 0.031250 0.041667
0 0.542528 0.472251 0.031250 0.041667
0 0.726789 0.586134 0.031250 0.041667
0 0.764217 0.575898 0.031250 0.041667
0 0.867864 0.723051 0.031250 0.041667
0 0.934083 0.760159 0.031250 0.041667
0 0.861146 0.908591 0.031250 0.041667
0 0.752701 0.872763 0.031250 0.041667
0 0.990704 0.899634 0.031250 0.041667
0 0.689361 0.238086 0.031250 0.041667
0 0.627941 0.231688 0.031250 0.041667
0 0.609706 0.135719 0.031250 0.041667
0 0.767096 0.122923 0.031250 0.041667
0 0.296847 0.184343 0.031250 0.041667
0 0.259418 0.177945 0.031250 0.041667
0 0.284371 0.139557 0.031250 0.041667
0 0.249822 0.122923 0.031250 0.041667
0 0.217192 0.128041 0.031250 0.041667
0 0.210474 0.115245 0.031250 0.041667
0 0.194159 0.126761 0.031250 0.041667
0 0.314121 0.092212 0.031250 0.041667
0 0.347710 0.099890 0.031250 0.041667
0 0.346751 0.113966 0.031250 0.041667
0 0.445599 0.215053 0.031250 0.041667
0 0.358267 0.244484 0.031250 0.041667
0 0.406251 0.188182 0.031250 0.041667