0 0.185440 0.147021 0.031250 0.041667
0 0.194619 0.157510 0.031250 0.041667
0 0.189374 0.244923 0.031250 0.041667
0 0.231332 0.250168 0.031250 0.041667
0 0.264112 0.260657 0.031250 0.041667
0 0.289024 0.244923 0.031250 0.041667
0 0.299514 0.244923 0.031250 0.041667
0 0.311314 0.180237 0.031250 0.041667
0 0.330982 0.180237 0.031250 0.041667
0 0.277224 0.092825 0.031250 0.041667
0 0.289024 0.096321 0.031250 0.041667
0 0.316559 0.096321 0.031250 0.041667
0 0.337538 0.101566 0.031250 0.041667
0 0.350650 0.134783 0.031250 0.041667
0 0.350650 0.087580 0.031250 0.041667
0 0.341472 0.080587 0.031250 0.041667
0 0.441122 0.209958 0.031250 0.041667
0 0.450300 0.218699 0.031250 0.041667
0 0.372940 0.507161 0.031250 0.041667
0 0.393919 0.531636 0.031250 0.041667
0 0.464724 0.536881 0.031250 0.041667
0 0.532905 0.540377 0.031250 0.041667
0 0.570930 0.522895 0.031250 0.041667
0 0.593220 0.503664 0.031250 0.041667
0 0.688937 0.321846 0.031250 0.041667
0 0.605021 0.253664 0.031250 0.041667
0 0.546017 0.470447 0.031250 0.041667
0 0.342783 0.832335 0.031250 0.041667