0 0.276415 0.095122 0.031250 0.041667
0 0.284344 0.088780 0.031250 0.041667
0 0.292272 0.088780 0.031250 0.041667
0 0.335084 0.095122 0.031250 0.041667
0 0.341426 0.080323 0.031250 0.041667
0 0.233604 0.162775 0.031250 0.041667
0 0.254217 0.158547 0.031250 0.041667
0 0.186035 0.226200 0.031250 0.041667
0 0.255802 0.183917 0.031250 0.041667
0 0.281172 0.177574 0.031250 0.041667
0 0.260559 0.257913 0.031250 0.041667
0 0.300200 0.240999 0.031250 0.041667
0 0.054428 0.517955 0.031250 0.041667
0 0.436563 0.758970 0.031250 0.041667
0 0.544386 0.467215 0.031250 0.041667
0 0.446077 0.638462 0.031250 0.041667
0 0.786986 0.547553 0.031250 0.041667
0 0.821870 0.534868 0.031250 0.041667
0 0.446077 0.205059 0.031250 0.041667
0 0.458762 0.213515 0.031250 0.041667
0 0.460348 0.188145 0.031250 0.041667
0 0.572927 0.207173 0.031250 0.041667
0 0.720390 0.122606 0.031250 0.041667
0 0.750517 0.122606 0.031250 0.041667