0 0.243117 0.122606 0.031250 0.041667
0 0.285929 0.118378 0.031250 0.041667
0 0.271659 0.093008 0.031250 0.041667
0 0.281172 0.093008 0.031250 0.041667
0 0.295443 0.093008 0.031250 0.041667
0 0.339840 0.095122 0.031250 0.041667
0 0.344597 0.080323 0.031250 0.041667
0 0.444492 0.213515 0.031250 0.041667
0 0.455591 0.194488 0.031250 0.041667
0 0.457177 0.211401 0.031250 0.041667
0 0.057599 0.507384 0.031250 0.041667
0 0.219333 0.274826 0.031250 0.041667
0 0.415950 0.758970 0.031250 0.041667
0 0.444492 0.634234 0.031250 0.041667
0 0.482547 0.511612 0.031250 0.041667
0 0.542800 0.469329 0.031250 0.041667
0 0.915422 0.399562 0.031250 0.041667
0 0.631595 0.196602 0.031250 0.041667
0 0.672821 0.198716 0.031250 0.041667
0 0.737832 0.198716 0.031250 0.041667
0 0.785401 0.192374 0.031250 0.041667
0 0.812356 0.205059 0.031250 0.041667