0 0.276047 0.090581 0.031250 0.041667
0 0.284026 0.092354 0.031250 0.041667
0 0.359824 0.085262 0.031250 0.041667
0 0.298654 0.118949 0.031250 0.041667
0 0.265409 0.117176 0.031250 0.041667
0 0.222856 0.235971 0.031250 0.041667
0 0.322590 0.274978 0.031250 0.041667
0 0.346526 0.290935 0.031250 0.041667
0 0.446260 0.294481 0.031250 0.041667
0 0.765365 0.181597 0.031250 0.041667
0 0.787587 0.244560 0.031250 0.041667
0 0.820920 0.263079 0.031250 0.041667
0 0.825087 0.576042 0.031250 0.041667
0 0.893142 0.589005 0.031250 0.041667
0 0.291753 0.383449 0.031250 0.041667
0 0.215365 0.398264 0.031250 0.041667
0 0.393142 0.466782 0.031250 0.041667
0 0.025087 0.507523 0.031250 0.041667
0 0.111198 0.511227 0.031250 0.041667
0 0.201476 0.735301 0.031250 0.041667
0 0.255642 0.759375 0.031250 0.041667
0 0.545920 0.468634 0.031250 0.041667