0 0.408247 0.532587 0.031250 0.041667
0 0.392474 0.504547 0.031250 0.041667
0 0.265240 0.438651 0.031250 0.041667
0 0.171654 0.637740 0.031250 0.041667
0 0.079120 0.639142 0.031250 0.041667
0 0.063347 0.528381 0.031250 0.041667
0 0.095944 0.519969 0.031250 0.041667
0 0.334640 0.773737 0.031250 0.041667
0 0.360928 0.814396 0.031250 0.041667
0 0.426123 0.773737 0.031250 0.041667
0 0.510245 0.533989 0.031250 0.041667
0 0.549151 0.521371 0.031250 0.041667
0 0.564924 0.497537 0.031250 0.041667
0 0.543894 0.477908 0.031250 0.041667
0 0.748941 0.583061 0.031250 0.041667
0 0.793105 0.524175 0.031250 0.041667
0 0.703726 0.340509 0.031250 0.041667
0 0.728962 0.336303 0.031250 0.041667
0 0.815187 0.288634 0.031250 0.041667
0 0.860403 0.294242 0.031250 0.041667
0 0.229488 0.222738 0.031250 0.041667
0 0.460823 0.204512 0.031250 0.041667
0 0.283116 0.092349 0.031250 0.041667
0 0.284167 0.067112 0.031250 0.041667
0 0.291528 0.090947 0.031250 0.041667
0 0.378804 0.089545 0.031250 0.041667
0 0.237900 0.079731 0.031250 0.041667
0 0.213715 0.088143 0.031250 0.041667
0 0.190581 0.048886 0.031250 0.041667
0 0.176912 0.060102 0.031250 0.041667