0 0.271659 0.095122 0.031250 0.041667
0 0.284344 0.095122 0.031250 0.041667
0 0.292272 0.090894 0.031250 0.041667
0 0.335084 0.088780 0.031250 0.041667
0 0.341426 0.080323 0.031250 0.041667
0 0.295443 0.158547 0.031250 0.041667
0 0.328741 0.160661 0.031250 0.041667
0 0.363625 0.224086 0.031250 0.041667
0 0.282758 0.260027 0.031250 0.041667
0 0.225676 0.255799 0.031250 0.041667
0 0.236775 0.295968 0.031250 0.041667
0 0.292272 0.289625 0.031250 0.041667
0 0.442906 0.209287 0.031250 0.041667
0 0.454005 0.205059 0.031250 0.041667
0 0.625253 0.105693 0.031250 0.041667
0 0.647451 0.107807 0.031250 0.041667
0 0.588783 0.399562 0.031250 0.041667
0 0.622081 0.378420 0.031250 0.041667
0 0.729904 0.376306 0.031250 0.041667
0 0.545972 0.471443 0.031250 0.041667
0 0.525358 0.545439 0.031250 0.041667
0 0.455591 0.532754 0.031250 0.041667
0 0.444492 0.638462 0.031250 0.041667
0 0.244703 0.496813 0.031250 0.041667
0 0.232018 0.509498 0.031250 0.041667
0 0.189206 0.543325 0.031250 0.041667
0 0.090898 0.520069 0.031250 0.041667
0 0.043329 0.515841 0.031250 0.041667
0 0.003688 0.672289 0.031250 0.041667
0 0.067113 0.725143 0.031250 0.041667
0 0.314470 0.811824 0.031250 0.041667
0 0.767959 0.748399 0.031250 0.041667
0 0.923350 0.771655 0.031250 0.041667
0 0.458762 0.192374 0.031250 0.041667
0 0.357282 0.099350 0.031250 0.041667
0 0.365210 0.086665 0.031250 0.041667