0 0.119078 0.692419 0.031250 0.041667
0 0.022338 0.742892 0.031250 0.041667
0 0.230539 0.648956 0.031250 0.041667
0 0.240003 0.555020 0.031250 0.041667
0 0.180066 0.456878 0.031250 0.041667
0 0.400886 0.528381 0.031250 0.041667
0 0.385114 0.498939 0.031250 0.041667
0 0.507090 0.536794 0.031250 0.041667
0 0.552306 0.526979 0.031250 0.041667
0 0.565976 0.501743 0.031250 0.041667
0 0.548100 0.470898 0.031250 0.041667
0 0.424020 0.773737 0.031250 0.041667
0 0.346207 0.820004 0.031250 0.041667
0 0.328331 0.766727 0.031250 0.041667
0 0.700571 0.423229 0.031250 0.041667
0 0.726859 0.367148 0.031250 0.041667
0 0.840424 0.409209 0.031250 0.041667
0 0.930855 0.420425 0.031250 0.041667
0 0.609088 0.245171 0.031250 0.041667
0 0.579646 0.242367 0.031250 0.041667
0 0.447153 0.211522 0.031250 0.041667
0 0.305198 0.266201 0.031250 0.041667
0 0.193736 0.175069 0.031250 0.041667
0 0.185324 0.089545 0.031250 0.041667
0 0.208457 0.083937 0.031250 0.041667
0 0.273652 0.103565 0.031250 0.041667
0 0.307301 0.106369 0.031250 0.041667
0 0.295734 0.100761 0.031250 0.041667
0 0.284167 0.099359 0.031250 0.041667
0 0.289425 0.054494 0.031250 0.041667
0 0.558615 0.200306 0.031250 0.041667