0 0.020455 0.714093 0.031250 0.041667
0 0.091472 0.427465 0.031250 0.041667
0 0.229668 0.430024 0.031250 0.041667
0 0.236386 0.366045 0.031250 0.041667
0 0.267096 0.350690 0.031250 0.041667
0 0.264217 0.305904 0.031250 0.041667
0 0.222950 0.286710 0.031250 0.041667
0 0.311242 0.377561 0.031250 0.041667
0 0.414889 0.488886 0.031250 0.041667
0 0.403372 0.509359 0.031250 0.041667
0 0.413929 0.528553 0.031250 0.041667
0 0.438881 0.538790 0.031250 0.041667
0 0.497422 0.538790 0.031250 0.041667
0 0.549246 0.527273 0.031250 0.041667
0 0.558843 0.497843 0.031250 0.041667
0 0.544447 0.476090 0.031250 0.041667
0 0.304524 0.760159 0.031250 0.041667
0 0.241184 0.190741 0.031250 0.041667
0 0.256539 0.175386 0.031250 0.041667
0 0.295887 0.190741 0.031250 0.041667
0 0.288209 0.120363 0.031250 0.041667
0 0.286290 0.103729 0.031250 0.041667
0 0.238305 0.111406 0.031250 0.041667
0 0.185522 0.139557 0.031250 0.041667
0 0.219111 0.064062 0.031250 0.041667
0 0.241184 0.057664 0.031250 0.041667
0 0.311242 0.096051 0.031250 0.041667
0 0.340033 0.096051 0.031250 0.041667
0 0.352509 0.089653 0.031250 0.041667
0 0.344831 0.160031 0.031250 0.041667
0 0.363065 0.152353 0.031250 0.041667
0 0.443680 0.206096 0.031250 0.041667
0 0.412010 0.175386 0.031250 0.041667
0 0.321799 0.035911 0.031250 0.041667
0 0.189361 0.043588 0.031250 0.041667