0 0.202284 0.091206 0.031250 0.041667
0 0.318404 0.091206 0.031250 0.041667
0 0.429060 0.200495 0.031250 0.041667
0 0.442721 0.204138 0.031250 0.041667
0 0.455016 0.209603 0.031250 0.041667
0 0.378513 0.224175 0.031250 0.041667
0 0.366218 0.269712 0.031250 0.041667
0 0.332065 0.273355 0.031250 0.041667
0 0.333432 0.225996 0.031250 0.041667
0 0.276054 0.216889 0.031250 0.041667
0 0.213213 0.231461 0.031250 0.041667
0 0.240535 0.251497 0.031250 0.041667
0 0.288350 0.255140 0.031250 0.041667
0 0.291082 0.309785 0.031250 0.041667
0 0.337530 0.315249 0.031250 0.041667
0 0.179060 0.369894 0.031250 0.041667
0 0.271956 0.566615 0.031250 0.041667
0 0.390809 0.499220 0.031250 0.041667
0 0.409934 0.533829 0.031250 0.041667
0 0.284251 0.756051 0.031250 0.041667
0 0.341628 0.772444 0.031250 0.041667
0 0.415399 0.746943 0.031250 0.041667
0 0.464579 0.699584 0.031250 0.041667
0 0.463213 0.805231 0.031250 0.041667
0 0.549279 0.524721 0.031250 0.041667
0 0.580699 0.499220 0.031250 0.041667
0 0.543814 0.460969 0.031250 0.041667
0 0.598459 0.542936 0.031250 0.041667
0 0.699552 0.389931 0.031250 0.041667
0 0.657202 0.499220 0.031250 0.041667
0 0.672229 0.187745 0.031250 0.041667
0 0.696820 0.171351 0.031250 0.041667
0 0.560207 0.051133 0.031250 0.041667
0 0.770590 0.196852 0.031250 0.041667
0 0.817038 0.286105 0.031250 0.041667
0 0.732339 0.306142 0.031250 0.041667
0 0.960481 0.592116 0.031250 0.041667
0 0.912666 0.646761 0.031250 0.041667
0 0.983705 0.741479 0.031250 0.041667
0 0.871683 0.710513 0.031250 0.041667
0 0.811574 0.723264 0.031250 0.041667
0 0.714579 0.699584 0.031250 0.041667
0 0.631246 0.706870 0.031250 0.041667
0 0.627147 0.757872 0.031250 0.041667
0 0.729606 0.761515 0.031250 0.041667
0 0.733705 0.936379 0.031250 0.041667