0 0.312289 0.100248 0.031250 0.041667
0 0.207130 0.153158 0.031250 0.041667
0 0.191257 0.232523 0.031250 0.041667
0 0.268638 0.338343 0.031250 0.041667
0 0.219035 0.340989 0.031250 0.041667
0 0.147607 0.356862 0.031250 0.041667
0 0.143638 0.597603 0.031250 0.041667
0 0.292448 0.748396 0.031250 0.041667
0 0.296416 0.782788 0.031250 0.041667
0 0.355940 0.803952 0.031250 0.041667
0 0.387686 0.790724 0.031250 0.041667
0 0.415464 0.748396 0.031250 0.041667
0 0.447210 0.756333 0.031250 0.041667
0 0.407527 0.460036 0.031250 0.041667
0 0.389670 0.499719 0.031250 0.041667
0 0.405543 0.536756 0.031250 0.041667
0 0.478956 0.536756 0.031250 0.041667
0 0.431337 0.560565 0.031250 0.041667
0 0.558321 0.531465 0.031250 0.041667
0 0.572210 0.491782 0.031250 0.041667
0 0.546416 0.462682 0.031250 0.041667
0 0.401575 0.198132 0.031250 0.041667
0 0.449194 0.200777 0.031250 0.041667
0 0.556337 0.208714 0.031250 0.041667
0 0.584115 0.126703 0.031250 0.041667
0 0.609908 0.137285 0.031250 0.041667
0 0.671416 0.150513 0.031250 0.041667
0 0.687289 0.129349 0.031250 0.041667
0 0.802369 0.248396 0.031250 0.041667
0 0.728956 0.229878 0.031250 0.041667
0 0.762686 0.232523 0.031250 0.041667
0 0.849988 0.258978 0.031250 0.041667
0 0.766654 0.327761 0.031250 0.041667
0 0.715067 0.333052 0.031250 0.041667