0 0.240003 0.770933 0.031250 0.041667
0 0.315713 0.797572 0.031250 0.041667
0 0.398783 0.800376 0.031250 0.041667
0 0.396680 0.772335 0.031250 0.041667
0 0.510245 0.542402 0.031250 0.041667
0 0.558615 0.532587 0.031250 0.041667
0 0.564924 0.498939 0.031250 0.041667
0 0.548100 0.477908 0.031250 0.041667
0 0.400886 0.525577 0.031250 0.041667
0 0.395629 0.504547 0.031250 0.041667
0 0.417711 0.479310 0.031250 0.041667
0 0.238952 0.386776 0.031250 0.041667
0 0.176912 0.379766 0.031250 0.041667
0 0.128542 0.402198 0.031250 0.041667
0 0.028647 0.469496 0.031250 0.041667
0 0.234745 0.263397 0.031250 0.041667
0 0.279961 0.256387 0.031250 0.041667
0 0.284167 0.229748 0.031250 0.041667
0 0.325177 0.285830 0.031250 0.041667
0 0.327280 0.226944 0.031250 0.041667
0 0.380907 0.257789 0.031250 0.041667
0 0.393526 0.212924 0.031250 0.041667
0 0.445050 0.250779 0.031250 0.041667
0 0.454514 0.211522 0.031250 0.041667
0 0.738426 0.786355 0.031250 0.041667
0 0.735271 0.633534 0.031250 0.041667
0 0.744735 0.505949 0.031250 0.041667
0 0.787847 0.507351 0.031250 0.041667
0 0.843578 0.419023 0.031250 0.041667
0 0.905618 0.486320 0.031250 0.041667
0 0.731065 0.292840 0.031250 0.041667
0 0.783641 0.180677 0.031250 0.041667
0 0.782590 0.166657 0.031250 0.041667
0 0.738426 0.116184 0.031250 0.041667
0 0.637479 0.155441 0.031250 0.041667
0 0.629067 0.138616 0.031250 0.041667
0 0.600676 0.162451 0.031250 0.041667
0 0.548100 0.205914 0.031250 0.041667
0 0.228436 0.117586 0.031250 0.041667
0 0.279961 0.096555 0.031250 0.041667
0 0.287322 0.090947 0.031250 0.041667