0 0.270920 0.096412 0.031250 0.041667
0 0.283420 0.094560 0.031250 0.041667
0 0.354253 0.087153 0.031250 0.041667
0 0.222309 0.111227 0.031250 0.041667
0 0.216753 0.177894 0.031250 0.041667
0 0.604253 0.168634 0.031250 0.041667
0 0.607031 0.231597 0.031250 0.041667
0 0.759809 0.377894 0.031250 0.041667
0 0.808420 0.716782 0.031250 0.041667
0 0.884809 0.744560 0.031250 0.041667
0 0.405642 0.466782 0.031250 0.041667
0 0.550087 0.464931 0.031250 0.041667
0 0.120920 0.503819 0.031250 0.041667
0 0.005642 0.753819 0.031250 0.041667
0 0.198698 0.744560 0.031250 0.041667
0 0.282031 0.744560 0.031250 0.041667