0 0.158448 0.497184 0.031250 0.041667
0 0.102517 0.494613 0.031250 0.041667
0 0.083231 0.445754 0.031250 0.041667
0 0.365776 0.787766 0.031250 0.041667
0 0.302131 0.778766 0.031250 0.041667
0 0.312739 0.753051 0.031250 0.041667
0 0.442922 0.639904 0.031250 0.041667
0 0.401456 0.522900 0.031250 0.041667
0 0.388920 0.497184 0.031250 0.041667
0 0.503674 0.538329 0.031250 0.041667
0 0.546104 0.465040 0.031250 0.041667
0 0.642536 0.490756 0.031250 0.041667
0 0.682073 0.511328 0.031250 0.041667
0 0.740897 0.348036 0.031250 0.041667
0 0.817078 0.331321 0.031250 0.041667
0 0.671466 0.126885 0.031250 0.041667
0 0.658930 0.135886 0.031250 0.041667
0 0.685931 0.098599 0.031250 0.041667
0 0.608785 0.129457 0.031250 0.041667
0 0.262594 0.126885 0.031250 0.041667
0 0.201842 0.116599 0.031250 0.041667
0 0.221128 0.098599 0.031250 0.041667
0 0.305989 0.096027 0.031250 0.041667
0 0.339740 0.096027 0.031250 0.041667
0 0.444851 0.206603 0.031250 0.041667