0 0.354720 0.052464 0.031250 0.041667
0 0.367849 0.045899 0.031250 0.041667
0 0.545092 0.214390 0.031250 0.041667
0 0.559862 0.190320 0.031250 0.041667
0 0.553298 0.091851 0.031250 0.041667
0 0.766646 0.332552 0.031250 0.041667
0 0.822444 0.336928 0.031250 0.041667
0 0.794545 0.255965 0.031250 0.041667
0 0.830650 0.260341 0.031250 0.041667
0 0.719053 0.509794 0.031250 0.041667
0 0.546733 0.470407 0.031250 0.041667
0 0.666536 0.533864 0.031250 0.041667
0 0.797827 0.496665 0.031250 0.041667
0 0.507346 0.525112 0.031250 0.041667
0 0.492576 0.632333 0.031250 0.041667
0 0.446624 0.643274 0.031250 0.041667
0 0.403954 0.536053 0.031250 0.041667
0 0.389184 0.501042 0.031250 0.041667
0 0.507346 0.730801 0.031250 0.041667
0 0.418724 0.792070 0.031250 0.041667
0 0.466317 0.864280 0.031250 0.041667
0 0.300562 0.813952 0.031250 0.041667
0 0.220147 0.770188 0.031250 0.041667
0 0.208659 0.743930 0.031250 0.041667
0 0.075727 0.715484 0.031250 0.041667
0 0.139731 0.706731 0.031250 0.041667
0 0.069162 0.636709 0.031250 0.041667
0 0.118396 0.599510 0.031250 0.041667
0 0.238199 0.553558 0.031250 0.041667
0 0.254611 0.339116 0.031250 0.041667
0 0.289074 0.249401 0.031250 0.041667
0 0.453188 0.212201 0.031250 0.041667
0 0.400672 0.175002 0.031250 0.041667
0 0.325179 0.161873 0.031250 0.041667
0 0.257893 0.085287 0.031250 0.041667
0 0.274304 0.069969 0.031250 0.041667
0 0.203735 0.061217 0.031250 0.041667