0 0.453040 0.205354 0.031250 0.041667
0 0.364744 0.187558 0.031250 0.041667
0 0.313410 0.225888 0.031250 0.041667
0 0.290822 0.199878 0.031250 0.041667
0 0.277475 0.191665 0.031250 0.041667
0 0.243594 0.190296 0.031250 0.041667
0 0.197393 0.193033 0.031250 0.041667
0 0.661459 0.117743 0.031250 0.041667
0 0.678913 0.080782 0.031250 0.041667
0 0.731274 0.141014 0.031250 0.041667
0 0.751808 0.135539 0.031250 0.041667
0 0.744621 0.265586 0.031250 0.041667
0 0.733327 0.292965 0.031250 0.041667
0 0.711767 0.291596 0.031250 0.041667
0 0.708687 0.254635 0.031250 0.041667
0 0.737434 0.606449 0.031250 0.041667
0 0.562896 0.468187 0.031250 0.041667
0 0.567003 0.496935 0.031250 0.041667
0 0.551603 0.527051 0.031250 0.041667
0 0.503348 0.538003 0.031250 0.041667
0 0.476654 0.520207 0.031250 0.041667
0 0.442773 0.527051 0.031250 0.041667
0 0.532095 0.606449 0.031250 0.041667
0 0.928399 0.896661 0.031250 0.041667
0 0.417106 0.758400 0.031250 0.041667
0 0.132711 0.696798 0.031250 0.041667
0 0.056736 0.580439 0.031250 0.041667
0 0.225114 0.372363 0.031250 0.041667
0 0.278502 0.377838 0.031250 0.041667
0 0.195340 0.317606 0.031250 0.041667
0 0.219980 0.272431 0.031250 0.041667
0 0.398625 0.162917 0.031250 0.041667
0 0.286716 0.093102 0.031250 0.041667
0 0.271315 0.094471 0.031250 0.041667
0 0.222034 0.084888 0.031250 0.041667
0 0.207660 0.104053 0.031250 0.041667
0 0.178913 0.093102 0.031250 0.041667