0 0.054935 0.696625 0.031250 0.041667
0 0.088584 0.629328 0.031250 0.041667
0 0.103305 0.616709 0.031250 0.041667
0 0.093841 0.456878 0.031250 0.041667
0 0.103305 0.456878 0.031250 0.041667
0 0.258931 0.515763 0.031250 0.041667
0 0.398783 0.514361 0.031250 0.041667
0 0.400886 0.528381 0.031250 0.041667
0 0.510245 0.536794 0.031250 0.041667
0 0.541791 0.522773 0.031250 0.041667
0 0.556512 0.500341 0.031250 0.041667
0 0.543894 0.468094 0.031250 0.041667
0 0.542842 0.588669 0.031250 0.041667
0 0.353568 0.810190 0.031250 0.041667
0 0.352516 0.772335 0.031250 0.041667
0 0.420865 0.759717 0.031250 0.041667
0 0.679540 0.751305 0.031250 0.041667
0 0.764714 0.754109 0.031250 0.041667
0 0.826754 0.676997 0.031250 0.041667
0 0.759456 0.449867 0.031250 0.041667
0 0.815187 0.442857 0.031250 0.041667
0 0.819393 0.250779 0.031250 0.041667
0 0.861454 0.252181 0.031250 0.041667
0 0.361980 0.082535 0.031250 0.041667
0 0.286270 0.069917 0.031250 0.041667
0 0.279961 0.093751 0.031250 0.041667
0 0.293631 0.095153 0.031250 0.041667
0 0.347259 0.125998 0.031250 0.041667
0 0.455566 0.200306 0.031250 0.041667
0 0.562821 0.203110 0.031250 0.041667
0 0.196891 0.065710 0.031250 0.041667
0 0.190581 0.051690 0.031250 0.041667
0 0.221076 0.044680 0.031250 0.041667
0 0.417711 0.047484 0.031250 0.041667