0 0.236775 0.093008 0.031250 0.041667
0 0.273244 0.093008 0.031250 0.041667
0 0.281172 0.095122 0.031250 0.041667
0 0.293857 0.090894 0.031250 0.041667
0 0.333498 0.090894 0.031250 0.041667
0 0.346558 0.088926 0.031250 0.041667
0 0.320960 0.177663 0.031250 0.041667
0 0.356797 0.169130 0.031250 0.041667
0 0.457906 0.198141 0.031250 0.041667
0 0.606370 0.136707 0.031250 0.041667
0 0.542377 0.471178 0.031250 0.041667
0 0.205773 0.317595 0.031250 0.041667
0 0.246728 0.343192 0.031250 0.041667
0 0.160665 0.712458 0.031250 0.041667
0 0.465105 0.583494 0.031250 0.041667
0 0.509502 0.564467 0.031250 0.041667
0 0.693435 0.367849 0.031250 0.041667
0 0.774301 0.367849 0.031250 0.041667