0 0.267416 0.229746 0.031250 0.041667
0 0.312739 0.224603 0.031250 0.041667
0 0.113125 0.404610 0.031250 0.041667
0 0.032122 0.578187 0.031250 0.041667
0 0.163269 0.418753 0.031250 0.041667
0 0.206664 0.389181 0.031250 0.041667
0 0.390849 0.498470 0.031250 0.041667
0 0.401456 0.520328 0.031250 0.041667
0 0.273202 0.783909 0.031250 0.041667
0 0.305024 0.763337 0.031250 0.041667
0 0.375420 0.787766 0.031250 0.041667
0 0.503674 0.538329 0.031250 0.041667
0 0.452565 0.647618 0.031250 0.041667
0 0.600106 0.524185 0.031250 0.041667
0 0.548997 0.470183 0.031250 0.041667
0 0.904831 0.412324 0.031250 0.041667
0 0.921225 0.413610 0.031250 0.041667
0 0.840222 0.192459 0.031250 0.041667
0 0.820936 0.186030 0.031250 0.041667
0 0.799720 0.178316 0.031250 0.041667
0 0.626143 0.155172 0.031250 0.041667
0 0.600106 0.151315 0.031250 0.041667
0 0.447744 0.207888 0.031250 0.041667
0 0.460280 0.232318 0.031250 0.041667
0 0.414957 0.209174 0.031250 0.041667
0 0.324311 0.096027 0.031250 0.041667
0 0.336847 0.099884 0.031250 0.041667
0 0.309846 0.094741 0.031250 0.041667
0 0.294417 0.102456 0.031250 0.041667
0 0.283809 0.090884 0.031250 0.041667
0 0.263558 0.105028 0.031250 0.041667
0 0.242343 0.087027 0.031250 0.041667
0 0.213414 0.088313 0.031250 0.041667
0 0.204735 0.074169 0.031250 0.041667
0 0.185449 0.081884 0.031250 0.041667