0 0.195530 0.124674 0.031250 0.041667
0 0.221788 0.122486 0.031250 0.041667
0 0.249687 0.115921 0.031250 0.041667
0 0.225070 0.157497 0.031250 0.041667
0 0.316974 0.096228 0.031250 0.041667
0 0.274304 0.161873 0.031250 0.041667
0 0.438418 0.199072 0.031250 0.041667
0 0.451547 0.199072 0.031250 0.041667
0 0.546733 0.214390 0.031250 0.041667
0 0.815880 0.369751 0.031250 0.041667
0 0.889731 0.369751 0.031250 0.041667
0 0.070803 0.435396 0.031250 0.041667
0 0.115114 0.748306 0.031250 0.041667
0 0.277587 0.789882 0.031250 0.041667
0 0.339950 0.772376 0.031250 0.041667
0 0.403954 0.763624 0.031250 0.041667
0 0.422007 0.807387 0.031250 0.041667
0 0.482729 0.761436 0.031250 0.041667
0 0.451547 0.579816 0.031250 0.041667
0 0.394107 0.509794 0.031250 0.041667
0 0.412160 0.533864 0.031250 0.041667
0 0.510628 0.538241 0.031250 0.041667
0 0.566427 0.529488 0.031250 0.041667
0 0.577915 0.503230 0.031250 0.041667
0 0.543451 0.468219 0.031250 0.041667
0 0.673101 0.787694 0.031250 0.041667
0 0.692794 0.910232 0.031250 0.041667
0 0.751875 0.654215 0.031250 0.041667
0 0.815880 0.722048 0.031250 0.041667
0 0.874961 0.693602 0.031250 0.041667
0 0.970147 0.951808 0.031250 0.041667